1745166961534 0.684764564037323 0
1745166961553 0.6764382123947144 1
1745166961571 0.6715008616447449 2
1745166961590 0.6347216963768005 3
1745166961609 0.6178048849105835 4
1745166961627 0.6294171810150146 5
1745166961649 0.5983921885490417 6
1745166961666 0.6006735563278198 7
1745166961684 0.6065641641616821 8
1745166961717 0.6073904633522034 9
1745166961753 0.5962167978286743 10
1745166961780 0.6371778845787048 11
1745166961806 0.5906988978385925 12
1745166961828 0.6256628632545471 13
1745166961846 0.5976428985595703 14
1745167648512 0.5872724056243896 0
1745167648540 0.7058541774749756 1
1745167648566 0.6283041834831238 2
1745167648597 0.6450887322425842 3
1745167648623 0.6411212682723999 4
1745167648653 0.6588720679283142 5
1745167648682 0.7924391627311707 6
1745167648711 0.6891399621963501 7
1745167648739 0.7480378746986389 8
1745167648765 0.6980505585670471 9
1745167648791 0.7894768118858337 10
1745167648820 0.8044325709342957 11
1745167648846 0.6840305328369141 12
1745167648877 0.7652692794799805 13
1745167648908 0.603762149810791 14
1745168362461 0.6713953614234924 0
1745168362490 0.7234121561050415 1
1745168362519 0.6472248435020447 2
1745168362548 0.8370977640151978 3
1745168362576 0.8313764333724976 4
1745168362607 0.9132608771324158 5
1745168362631 0.7546476125717163 6
1745168362665 0.7683499455451965 7
1745168362696 0.7021318674087524 8
1745168362727 0.8330320119857788 9
1745168362759 0.8493443131446838 10
1745168362790 0.7496259212493896 11
1745168362819 0.7714107036590576 12
1745168362858 0.8451910614967346 13
1745168362888 0.6435229778289795 14
1745169070378 0.8322883248329163 0
1745169070404 0.7960748672485352 1
1745169070430 0.7462208271026611 2
1745169070457 0.8237082362174988 3
1745169070483 0.7885597944259644 4
1745169070517 0.8625574111938477 5
1745169070547 0.8758583068847656 6
1745169070581 0.9510073065757751 7
1745169070608 0.7752190828323364 8
1745169070634 0.7566295862197876 9
1745169070661 0.7902367115020752 10
1745169070695 1.040429711341858 11
1745169070726 0.9491682052612305 12
1745169070756 0.9144067764282227 13
1745169070783 0.8824036717414856 14
1745169797264 1.0954312086105347 0
1745169797294 0.9291015267372131 1
1745169797321 0.8939537405967712 2
1745169797349 0.9439355134963989 3
1745169797377 0.8685495853424072 4
1745169797412 1.0442509651184082 5
1745169797439 1.045054316520691 6
1745169797467 1.1498281955718994 7
1745169797495 1.0641684532165527 8
1745169797522 0.7927622199058533 9
1745169797552 1.0315276384353638 10
1745169797583 1.038231372833252 11
1745169797616 1.3337557315826416 12
1745169797646 1.2228413820266724 13
1745169797677 1.2408580780029297 14
1745170518126 1.2403689622879028 0
1745170518167 1.2641792297363281 1
1745170518197 1.0099009275436401 2
1745170518223 1.061181902885437 3
1745170518253 0.9524680376052856 4
1745170518287 1.195874571800232 5
1745170518314 1.4574816226959229 6
1745170518342 1.2885222434997559 7
1745170518376 1.0720744132995605 8
1745170518412 1.256978988647461 9
1745170518450 1.202094554901123 10
1745170518478 1.0430678129196167 11
1745170518504 1.1287219524383545 12
1745170518532 1.1490315198898315 13
1745170518562 1.1569125652313232 14
1745171233534 1.0329232215881348 0
1745171233562 1.0729963779449463 1
1745171233596 1.47606360912323 2
1745171233624 1.6467654705047607 3
1745171233652 1.0956095457077026 4
1745171233679 1.2232866287231445 5
1745171233707 1.2296841144561768 6
1745171233734 1.3229631185531616 7
1745171233763 1.1193640232086182 8
1745171233792 1.3851615190505981 9
1745171233821 1.6252503395080566 10
1745171233854 1.4106338024139404 11
1745171233885 1.1762429475784302 12
1745171233921 1.429887056350708 13
1745171233952 1.2622017860412598 14
1745171961412 1.5071474313735962 0
1745171961450 1.5872676372528076 1
1745171961479 1.2740097045898438 2
1745171961506 1.372262954711914 3
1745171961532 1.1170992851257324 4
1745171961560 1.6971523761749268 5
1745171961587 1.5414459705352783 6
1745171961613 1.8333098888397217 7
1745171961639 1.7965565919876099 8
1745171961668 1.4967530965805054 9
1745171961696 1.6786805391311646 10
1745171961728 1.5176970958709717 11
1745171961757 1.3255120515823364 12
1745171961789 1.8053390979766846 13
1745171961816 1.2641746997833252 14
1745172677072 1.3113282918930054 0
1745172677100 1.3867520093917847 1
1745172677126 1.2373008728027344 2
1745172677153 1.560568928718567 3
1745172677180 1.3868541717529297 4
1745172677211 1.3599168062210083 5
1745172677237 1.0342562198638916 6
1745172677264 1.5105153322219849 7
1745172677290 1.082082986831665 8
1745172677316 1.6294656991958618 9
1745172677342 1.6777024269104004 10
1745172677369 1.5975992679595947 11
1745172677402 1.4094403982162476 12
1745172677449 1.6568429470062256 13
1745172677493 1.4844073057174683 14
1745173380179 1.8046152591705322 0
1745173380224 1.7143701314926147 1
1745173380253 1.7516934871673584 2
1745173380280 1.3916404247283936 3
1745173380308 1.5023950338363647 4
1745173380342 1.5877914428710938 5
1745173380370 1.2476584911346436 6
1745173380396 1.450610876083374 7
1745173380423 1.7259198427200317 8
1745173380451 1.4260120391845703 9
1745173380477 1.4896063804626465 10
1745173380504 1.4529201984405518 11
1745173380534 1.6893013715744019 12
1745173380562 1.7968394756317139 13
1745173380592 1.7427573204040527 14
