1745166961534 0.6276746988296509 0
1745166961553 0.6211357116699219 1
1745166961571 0.6384247541427612 2
1745166961590 0.6599417924880981 3
1745166961609 0.6551810503005981 4
1745166961627 0.659452497959137 5
1745166961649 0.6537574529647827 6
1745166961666 0.660467267036438 7
1745166961684 0.65412837266922 8
1745166961717 0.6412487626075745 9
1745166961753 0.6428900957107544 10
1745166961780 0.6473982930183411 11
1745166961806 0.6424127817153931 12
1745166961828 0.6370676755905151 13
1745166961846 0.6306355595588684 14
1745167648512 0.6216815114021301 0
1745167648540 0.5840662717819214 1
1745167648566 0.6243106126785278 2
1745167648597 0.6105558276176453 3
1745167648623 0.6016294360160828 4
1745167648653 0.5978626012802124 5
1745167648682 0.5801374912261963 6
1745167648711 0.6466370224952698 7
1745167648739 0.592368483543396 8
1745167648765 0.5986217856407166 9
1745167648791 0.5841296315193176 10
1745167648820 0.5902383327484131 11
1745167648846 0.6315974593162537 12
1745167648877 0.586608350276947 13
1745167648908 0.6303644776344299 14
1745168362461 0.6551182866096497 0
1745168362490 0.5842007398605347 1
1745168362519 0.6035617589950562 2
1745168362548 0.5791019201278687 3
1745168362576 0.5789307951927185 4
1745168362607 0.508041262626648 5
1745168362631 0.5542815923690796 6
1745168362665 0.6120426654815674 7
1745168362696 0.6117292046546936 8
1745168362727 0.5492899417877197 9
1745168362759 0.5245901346206665 10
1745168362790 0.5836917757987976 11
1745168362819 0.624212384223938 12
1745168362858 0.5581594705581665 13
1745168362888 0.5928313732147217 14
1745169070378 0.5163297057151794 0
1745169070404 0.5685524344444275 1
1745169070430 0.5560542941093445 2
1745169070457 0.5784622430801392 3
1745169070483 0.5528947710990906 4
1745169070517 0.5537834763526917 5
1745169070547 0.543878436088562 6
1745169070581 0.5221551656723022 7
1745169070608 0.5699797868728638 8
1745169070634 0.6223497986793518 9
1745169070661 0.5438254475593567 10
1745169070695 0.5159845948219299 11
1745169070726 0.5810855627059937 12
1745169070756 0.5249086022377014 13
1745169070783 0.5264585018157959 14
1745169797264 0.6088503003120422 0
1745169797294 0.5408437252044678 1
1745169797321 0.5049996376037598 2
1745169797349 0.5655216574668884 3
1745169797377 0.5379807353019714 4
1745169797412 0.5526972413063049 5
1745169797439 0.5300981998443604 6
1745169797467 0.4986134171485901 7
1745169797495 0.5475291013717651 8
1745169797522 0.6003220677375793 9
1745169797552 0.4977223575115204 10
1745169797583 0.5763426423072815 11
1745169797616 0.4637479782104492 12
1745169797646 0.4711211025714874 13
1745169797677 0.5595031976699829 14
1745170518126 0.47949665784835815 0
1745170518167 0.517846941947937 1
1745170518197 0.5566471815109253 2
1745170518223 0.5201454758644104 3
1745170518253 0.5204320549964905 4
1745170518287 0.6011838912963867 5
1745170518314 0.4226533770561218 6
1745170518342 0.5261794328689575 7
1745170518376 0.5497558116912842 8
1745170518412 0.4442831873893738 9
1745170518450 0.4795045554637909 10
1745170518478 0.49790576100349426 11
1745170518504 0.5191534757614136 12
1745170518532 0.4565117061138153 13
1745170518562 0.4814220666885376 14
1745171233534 0.5505450963973999 0
1745171233562 0.5507136583328247 1
1745171233596 0.49111753702163696 2
1745171233624 0.5367645025253296 3
1745171233652 0.5642353296279907 4
1745171233679 0.5794420838356018 5
1745171233707 0.5082003474235535 6
1745171233734 0.5110757946968079 7
1745171233763 0.5284900069236755 8
1745171233792 0.5195676684379578 9
1745171233821 0.4431188702583313 10
1745171233854 0.5663308501243591 11
1745171233885 0.5670943856239319 12
1745171233921 0.4933711290359497 13
1745171233952 0.5690484642982483 14
1745171961412 0.51606285572052 0
1745171961450 0.42605260014533997 1
1745171961479 0.5160989165306091 2
1745171961506 0.48374444246292114 3
1745171961532 0.5706954598426819 4
1745171961560 0.5270825624465942 5
1745171961587 0.5187694430351257 6
1745171961613 0.5178730487823486 7
1745171961639 0.49555376172065735 8
1745171961668 0.4785534739494324 9
1745171961696 0.4184109568595886 10
1745171961728 0.5363924503326416 11
1745171961757 0.5545358061790466 12
1745171961789 0.3918522000312805 13
1745171961816 0.4684046506881714 14
1745172677072 0.49741846323013306 0
1745172677100 0.4580436944961548 1
1745172677126 0.3550434112548828 2
1745172677153 0.485186368227005 3
1745172677180 0.5225239992141724 4
1745172677211 0.37749576568603516 5
1745172677237 0.5040684938430786 6
1745172677264 0.4232480823993683 7
1745172677290 0.3538804352283478 8
1745172677316 0.4119817316532135 9
1745172677342 0.44576480984687805 10
1745172677369 0.4788368046283722 11
1745172677402 0.442033588886261 12
1745172677449 0.3830602467060089 13
1745172677493 0.47533145546913147 14
1745173380179 0.36972251534461975 0
1745173380224 0.38957786560058594 1
1745173380253 0.25151145458221436 2
1745173380280 0.39081716537475586 3
1745173380308 0.48080217838287354 4
1745173380342 0.3794947862625122 5
1745173380370 0.4243754744529724 6
1745173380396 0.5128345489501953 7
1745173380423 0.47682633996009827 8
1745173380451 0.4629971385002136 9
1745173380477 0.38548514246940613 10
1745173380504 0.3365481495857239 11
1745173380534 0.4289366602897644 12
1745173380562 0.35190585255622864 13
1745173380592 0.45350441336631775 14
