1745166961534 0.0 0
1745166961553 1.0 1
1745166961571 2.0 2
1745166961590 3.0 3
1745166961609 4.0 4
1745166961627 5.0 5
1745166961649 6.0 6
1745166961666 7.0 7
1745166961684 8.0 8
1745166961717 9.0 9
1745166961753 10.0 10
1745166961780 11.0 11
1745166961806 12.0 12
1745166961828 13.0 13
1745166961846 14.0 14
1745167648512 0.0 0
1745167648540 1.0 1
1745167648566 2.0 2
1745167648597 3.0 3
1745167648623 4.0 4
1745167648653 5.0 5
1745167648682 6.0 6
1745167648711 7.0 7
1745167648739 8.0 8
1745167648765 9.0 9
1745167648791 10.0 10
1745167648820 11.0 11
1745167648846 12.0 12
1745167648877 13.0 13
1745167648908 14.0 14
1745168362461 0.0 0
1745168362490 1.0 1
1745168362519 2.0 2
1745168362548 3.0 3
1745168362576 4.0 4
1745168362607 5.0 5
1745168362631 6.0 6
1745168362665 7.0 7
1745168362696 8.0 8
1745168362727 9.0 9
1745168362759 10.0 10
1745168362790 11.0 11
1745168362819 12.0 12
1745168362858 13.0 13
1745168362888 14.0 14
1745169070378 0.0 0
1745169070404 1.0 1
1745169070430 2.0 2
1745169070457 3.0 3
1745169070483 4.0 4
1745169070517 5.0 5
1745169070547 6.0 6
1745169070581 7.0 7
1745169070608 8.0 8
1745169070634 9.0 9
1745169070661 10.0 10
1745169070695 11.0 11
1745169070726 12.0 12
1745169070756 13.0 13
1745169070783 14.0 14
1745169797264 0.0 0
1745169797294 1.0 1
1745169797321 2.0 2
1745169797349 3.0 3
1745169797377 4.0 4
1745169797412 5.0 5
1745169797439 6.0 6
1745169797467 7.0 7
1745169797495 8.0 8
1745169797522 9.0 9
1745169797552 10.0 10
1745169797583 11.0 11
1745169797616 12.0 12
1745169797646 13.0 13
1745169797677 14.0 14
1745170518126 0.0 0
1745170518167 1.0 1
1745170518197 2.0 2
1745170518223 3.0 3
1745170518253 4.0 4
1745170518287 5.0 5
1745170518314 6.0 6
1745170518342 7.0 7
1745170518376 8.0 8
1745170518412 9.0 9
1745170518450 10.0 10
1745170518478 11.0 11
1745170518504 12.0 12
1745170518532 13.0 13
1745170518562 14.0 14
1745171233534 0.0 0
1745171233562 1.0 1
1745171233596 2.0 2
1745171233624 3.0 3
1745171233652 4.0 4
1745171233679 5.0 5
1745171233707 6.0 6
1745171233734 7.0 7
1745171233763 8.0 8
1745171233792 9.0 9
1745171233821 10.0 10
1745171233854 11.0 11
1745171233885 12.0 12
1745171233921 13.0 13
1745171233952 14.0 14
1745171961412 0.0 0
1745171961450 1.0 1
1745171961479 2.0 2
1745171961506 3.0 3
1745171961532 4.0 4
1745171961560 5.0 5
1745171961587 6.0 6
1745171961613 7.0 7
1745171961639 8.0 8
1745171961668 9.0 9
1745171961696 10.0 10
1745171961728 11.0 11
1745171961757 12.0 12
1745171961789 13.0 13
1745171961816 14.0 14
1745172677072 0.0 0
1745172677100 1.0 1
1745172677126 2.0 2
1745172677153 3.0 3
1745172677180 4.0 4
1745172677211 5.0 5
1745172677237 6.0 6
1745172677264 7.0 7
1745172677290 8.0 8
1745172677316 9.0 9
1745172677342 10.0 10
1745172677369 11.0 11
1745172677402 12.0 12
1745172677449 13.0 13
1745172677493 14.0 14
1745173380179 0.0 0
1745173380224 1.0 1
1745173380253 2.0 2
1745173380280 3.0 3
1745173380308 4.0 4
1745173380342 5.0 5
1745173380370 6.0 6
1745173380396 7.0 7
1745173380423 8.0 8
1745173380451 9.0 9
1745173380477 10.0 10
1745173380504 11.0 11
1745173380534 12.0 12
1745173380562 13.0 13
1745173380592 14.0 14
