1745166961534 33.23105239868164 0
1745166961553 21.83887481689453 1
1745166961571 17.074867248535156 2
1745166961590 17.168167114257812 3
1745166961609 16.252849578857422 4
1745166961627 15.80330753326416 5
1745166961649 14.392873764038086 6
1745166961666 13.277252197265625 7
1745166961684 14.558300018310547 8
1745166961717 12.517388343811035 9
1745166961753 10.861627578735352 10
1745166961780 11.354337692260742 11
1745166961806 9.866801261901855 12
1745166961828 10.012431144714355 13
1745166961846 9.037590980529785 14
1745167648512 9.07992172241211 0
1745167648540 10.349705696105957 1
1745167648566 8.92167854309082 2
1745167648597 7.461321830749512 3
1745167648623 7.751902103424072 4
1745167648653 7.381824016571045 5
1745167648682 6.993119239807129 6
1745167648711 7.565938949584961 7
1745167648739 6.407065391540527 8
1745167648765 6.292442321777344 9
1745167648791 5.946918964385986 10
1745167648820 6.259698390960693 11
1745167648846 5.514300346374512 12
1745167648877 5.888911724090576 13
1745167648908 5.268563747406006 14
1745168362461 4.655167102813721 0
1745168362490 6.351347923278809 1
1745168362519 5.39256477355957 2
1745168362548 4.755745887756348 3
1745168362576 5.42360782623291 4
1745168362607 4.915515422821045 5
1745168362631 4.402118682861328 6
1745168362665 4.289360523223877 7
1745168362696 4.584732532501221 8
1745168362727 4.715059757232666 9
1745168362759 4.447950839996338 10
1745168362790 4.686276912689209 11
1745168362819 4.464214324951172 12
1745168362858 4.288938999176025 13
1745168362888 3.6243205070495605 14
1745169070378 3.5386483669281006 0
1745169070404 5.614105224609375 1
1745169070430 4.100505828857422 2
1745169070457 3.95636248588562 3
1745169070483 4.2720465660095215 4
1745169070517 4.030487537384033 5
1745169070547 3.5530338287353516 6
1745169070581 3.5300559997558594 7
1745169070608 3.4744837284088135 8
1745169070634 3.694061279296875 9
1745169070661 3.694042444229126 10
1745169070695 3.1714160442352295 11
1745169070726 3.4591574668884277 12
1745169070756 3.1797256469726562 13
1745169070783 2.9698309898376465 14
1745169797264 3.401675224304199 0
1745169797294 4.818106174468994 1
1745169797321 3.690646171569824 2
1745169797349 3.4720306396484375 3
1745169797377 3.692962884902954 4
1745169797412 4.302626609802246 5
1745169797439 3.435898542404175 6
1745169797467 3.161314010620117 7
1745169797495 3.2352898120880127 8
1745169797522 3.820406198501587 9
1745169797552 3.1196789741516113 10
1745169797583 3.580955982208252 11
1745169797616 2.930586576461792 12
1745169797646 2.8572375774383545 13
1745169797677 3.117949962615967 14
1745170518126 2.874873399734497 0
1745170518167 4.7631096839904785 1
1745170518197 3.0579030513763428 2
1745170518223 3.4533915519714355 3
1745170518253 3.53389048576355 4
1745170518287 3.9288573265075684 5
1745170518314 2.972295045852661 6
1745170518342 3.053687810897827 7
1745170518376 3.3615195751190186 8
1745170518412 3.6464755535125732 9
1745170518450 3.4891653060913086 10
1745170518478 3.0860183238983154 11
1745170518504 2.848999261856079 12
1745170518532 2.893561840057373 13
1745170518562 2.8884267807006836 14
1745171233534 3.0020265579223633 0
1745171233562 4.52194881439209 1
1745171233596 3.597576141357422 2
1745171233624 3.1288132667541504 3
1745171233652 3.446892261505127 4
1745171233679 3.3740792274475098 5
1745171233707 2.9101216793060303 6
1745171233734 2.973888874053955 7
1745171233763 2.9403374195098877 8
1745171233792 3.0053367614746094 9
1745171233821 3.0675432682037354 10
1745171233854 3.192976236343384 11
1745171233885 2.8218088150024414 12
1745171233921 2.7752645015716553 13
1745171233952 3.062575101852417 14
1745171961412 2.859139919281006 0
1745171961450 4.377932548522949 1
1745171961479 2.9446091651916504 2
1745171961506 2.8303234577178955 3
1745171961532 3.5142271518707275 4
1745171961560 3.1179614067077637 5
1745171961587 2.732759952545166 6
1745171961613 3.0174474716186523 7
1745171961639 2.852618455886841 8
1745171961668 2.7009973526000977 9
1745171961696 2.7731218338012695 10
1745171961728 2.761586904525757 11
1745171961757 2.6068732738494873 12
1745171961789 2.6463379859924316 13
1745171961816 2.3831045627593994 14
1745172677072 2.5499532222747803 0
1745172677100 4.166347026824951 1
1745172677126 2.92626953125 2
1745172677153 2.8273398876190186 3
1745172677180 3.556849718093872 4
1745172677211 2.946039915084839 5
1745172677237 2.5340352058410645 6
1745172677264 2.567171573638916 7
1745172677290 2.547849178314209 8
1745172677316 2.7217907905578613 9
1745172677342 2.711881160736084 10
1745172677369 2.508967399597168 11
1745172677402 2.441318988800049 12
1745172677449 2.4666481018066406 13
1745172677493 2.6250061988830566 14
1745173380179 2.5146732330322266 0
1745173380224 4.1833062171936035 1
1745173380253 2.4215903282165527 2
1745173380280 2.910250663757324 3
1745173380308 3.5919079780578613 4
1745173380342 3.218052387237549 5
1745173380370 2.679943561553955 6
1745173380396 2.481109380722046 7
1745173380423 2.6558854579925537 8
1745173380451 3.1225063800811768 9
1745173380477 2.8552722930908203 10
1745173380504 2.667980432510376 11
1745173380534 2.5856192111968994 12
1745173380562 2.404155731201172 13
1745173380592 2.649399757385254 14
