1745166961534 108.03881072998047 0
1745166961553 70.09445190429688 1
1745166961571 54.16140365600586 2
1745166961590 54.435001373291016 3
1745166961609 51.415611267089844 4
1745166961627 49.892059326171875 5
1745166961649 45.23855209350586 6
1745166961666 41.49531936645508 7
1745166961684 45.78111267089844 8
1745166961717 39.020233154296875 9
1745166961753 33.50598907470703 10
1745166961780 35.09510040283203 11
1745166961806 30.196640014648438 12
1745166961828 30.667259216308594 13
1745166961846 27.465383529663086 14
1745167648512 27.646011352539062 0
1745167648540 31.89333152770996 1
1745167648566 27.071475982666016 2
1745167648597 22.233802795410156 3
1745167648623 23.235862731933594 4
1745167648653 21.99825668334961 5
1745167648682 20.636995315551758 6
1745167648711 22.421140670776367 7
1745167648739 18.684152603149414 8
1745167648765 18.3278865814209 9
1745167648791 17.139118194580078 10
1745167648820 18.147396087646484 11
1745167648846 15.637247085571289 12
1745167648877 16.960092544555664 13
1745167648908 14.897151947021484 14
1745168362461 12.706859588623047 0
1745168362490 18.54863929748535 1
1745168362519 15.35926628112793 2
1745168362548 13.140854835510254 3
1745168362576 15.37297248840332 4
1745168362607 13.839202880859375 5
1745168362631 12.121786117553711 6
1745168362665 11.54059886932373 7
1745168362696 12.588019371032715 8
1745168362727 13.10840129852295 9
1745168362759 12.285146713256836 10
1745168362790 12.97563362121582 11
1745168362819 12.080022811889648 12
1745168362858 11.647087097167969 13
1745168362888 9.504342079162598 14
1745169070378 9.297592163085938 0
1745169070404 16.07550621032715 1
1745169070430 11.118364334106445 2
1745169070457 10.490872383117676 3
1745169070483 11.661184310913086 4
1745169070517 10.78395938873291 5
1745169070547 9.21304988861084 6
1745169070581 9.138728141784668 7
1745169070608 8.958141326904297 8
1745169070634 9.53285026550293 9
1745169070661 9.763169288635254 10
1745169070695 7.880370616912842 11
1745169070726 8.707681655883789 12
1745169070756 7.995943546295166 13
1745169070783 7.320998191833496 14
1745169797264 8.28701400756836 0
1745169797294 13.390379905700684 1
1745169797321 9.784464836120605 2
1745169797349 8.807355880737305 3
1745169797377 9.705960273742676 4
1745169797412 11.525129318237305 5
1745169797439 8.710617065429688 6
1745169797467 7.802495956420898 7
1745169797495 7.965978622436523 8
1745169797522 9.993701934814453 9
1745169797552 7.777095794677734 10
1745169797583 9.046361923217773 11
1745169797616 6.9779558181762695 12
1745169797646 6.812402725219727 13
1745169797677 7.370021820068359 14
1745170518126 6.826910972595215 0
1745170518167 12.970974922180176 1
1745170518197 7.39494514465332 2
1745170518223 8.787050247192383 3
1745170518253 9.155891418457031 4
1745170518287 9.976095199584961 5
1745170518314 7.13848876953125 6
1745170518342 7.222407341003418 7
1745170518376 8.371942520141602 8
1745170518412 9.50079345703125 9
1745170518450 8.910246849060059 10
1745170518478 7.6535115242004395 11
1745170518504 6.712678909301758 12
1745170518532 7.051070213317871 13
1745170518562 6.943563938140869 14
1745171233534 7.207542896270752 0
1745171233562 12.235986709594727 1
1745171233596 8.977202415466309 2
1745171233624 7.1031813621521 3
1745171233652 8.586286544799805 4
1745171233679 8.173723220825195 5
1745171233707 6.858698844909668 6
1745171233734 6.974611282348633 7
1745171233763 6.9947509765625 8
1745171233792 6.993078708648682 9
1745171233821 7.2311811447143555 10
1745171233854 7.438891887664795 11
1745171233885 6.4178876876831055 12
1745171233921 6.271749496459961 13
1745171233952 7.133700370788574 14
1745171961412 6.403585433959961 0
1745171961450 11.691483497619629 1
1745171961479 6.90595817565918 2
1745171961506 6.54115104675293 3
1745171961532 8.769145965576172 4
1745171961560 7.052253723144531 5
1745171961587 5.941285133361816 6
1745171961613 6.62082576751709 7
1745171961639 6.180095672607422 8
1745171961668 6.011176109313965 9
1745171961696 6.2822675704956055 10
1745171961728 6.000797748565674 11
1745171961757 5.603980541229248 12
1745171961789 5.829969882965088 13
1745171961816 5.202436923980713 14
1745172677072 5.617875576019287 0
1745172677100 11.0667085647583 1
1745172677126 7.4159393310546875 2
1745172677153 6.35064697265625 3
1745172677180 8.820021629333496 4
1745172677211 7.292558193206787 5
1745172677237 5.801249980926514 6
1745172677264 5.736597061157227 7
1745172677290 6.303284645080566 8
1745172677316 6.178528785705566 9
1745172677342 5.987865447998047 10
1745172677369 5.276008605957031 11
1745172677402 5.348806858062744 12
1745172677449 5.3989057540893555 13
1745172677493 5.780134677886963 14
1745173380179 5.46552848815918 0
1745173380224 11.045681953430176 1
1745173380253 5.598682403564453 2
1745173380280 7.099246501922607 3
1745173380308 8.968117713928223 4
1745173380342 7.979919910430908 5
1745173380370 6.35407829284668 6
1745173380396 5.20701265335083 7
1745173380423 5.652671813964844 8
1745173380451 7.534085273742676 9
1745173380477 6.842324733734131 10
1745173380504 6.41538143157959 11
1745173380534 5.612260818481445 12
1745173380562 5.163782119750977 13
1745173380592 5.693077564239502 14
