1737843182754 0.0 0
1737843182776 1.0 1
1737843182798 2.0 2
1737843182820 3.0 3
1737843182842 4.0 4
1737843182863 5.0 5
1737843182885 6.0 6
1737843182899 7.0 7
1737843182917 8.0 8
1737843182935 9.0 9
1737843182951 10.0 10
1737843182965 11.0 11
1737843182980 12.0 12
1737843183009 13.0 13
1737843183037 14.0 14
1737843183059 15.0 15
1737843183082 16.0 16
1737843183103 17.0 17
1737843183124 18.0 18
1737843183146 19.0 19
1737843183168 20.0 20
1737843183189 21.0 21
1737843183209 22.0 22
1737843183224 23.0 23
1737843183241 24.0 24
1737843183257 25.0 25
1737843183282 26.0 26
1737843183308 27.0 27
1737843183330 28.0 28
1737843183355 29.0 29
1737843244798 0.0 0
1737843244828 1.0 1
1737843244857 2.0 2
1737843244880 3.0 3
1737843244904 4.0 4
1737843244935 5.0 5
1737843244969 6.0 6
1737843244994 7.0 7
1737843245016 8.0 8
1737843245040 9.0 9
1737843245060 10.0 10
1737843245082 11.0 11
1737843245103 12.0 12
1737843245125 13.0 13
1737843245146 14.0 14
1737843245169 15.0 15
1737843245194 16.0 16
1737843245218 17.0 17
1737843245245 18.0 18
1737843245274 19.0 19
1737843245300 20.0 20
1737843245323 21.0 21
1737843245349 22.0 22
1737843245374 23.0 23
1737843245395 24.0 24
1737843245415 25.0 25
1737843245438 26.0 26
1737843245461 27.0 27
1737843245481 28.0 28
1737843245504 29.0 29
1737843314776 0.0 0
1737843314802 1.0 1
1737843314824 2.0 2
1737843314847 3.0 3
1737843314874 4.0 4
1737843314895 5.0 5
1737843314917 6.0 6
1737843314939 7.0 7
1737843314966 8.0 8
1737843314990 9.0 9
1737843315011 10.0 10
1737843315032 11.0 11
1737843315058 12.0 12
1737843315079 13.0 13
1737843315101 14.0 14
1737843315121 15.0 15
1737843315145 16.0 16
1737843315170 17.0 17
1737843315192 18.0 18
1737843315217 19.0 19
1737843315239 20.0 20
1737843315271 21.0 21
1737843315302 22.0 22
1737843315328 23.0 23
1737843315352 24.0 24
1737843315377 25.0 25
1737843315399 26.0 26
1737843315420 27.0 27
1737843315441 28.0 28
1737843315462 29.0 29
1737843379373 0.0 0
1737843379395 1.0 1
1737843379415 2.0 2
1737843379437 3.0 3
1737843379458 4.0 4
1737843379479 5.0 5
1737843379500 6.0 6
1737843379520 7.0 7
1737843379545 8.0 8
1737843379566 9.0 9
1737843379586 10.0 10
1737843379607 11.0 11
1737843379631 12.0 12
1737843379653 13.0 13
1737843379674 14.0 14
1737843379695 15.0 15
1737843379716 16.0 16
1737843379738 17.0 17
1737843379759 18.0 18
1737843379780 19.0 19
1737843379801 20.0 20
1737843379833 21.0 21
1737843379860 22.0 22
1737843379886 23.0 23
1737843379908 24.0 24
1737843379932 25.0 25
1737843379955 26.0 26
1737843379976 27.0 27
1737843379998 28.0 28
1737843380024 29.0 29
1737843448783 0.0 0
1737843448804 1.0 1
1737843448825 2.0 2
1737843448851 3.0 3
1737843448877 4.0 4
1737843448901 5.0 5
1737843448922 6.0 6
1737843448944 7.0 7
1737843448965 8.0 8
1737843448985 9.0 9
1737843449006 10.0 10
1737843449034 11.0 11
1737843449060 12.0 12
1737843449089 13.0 13
1737843449116 14.0 14
1737843449150 15.0 15
1737843449176 16.0 16
1737843449197 17.0 17
1737843449224 18.0 18
1737843449249 19.0 19
1737843449270 20.0 20
1737843449293 21.0 21
1737843449319 22.0 22
1737843449347 23.0 23
1737843449381 24.0 24
1737843449403 25.0 25
1737843449433 26.0 26
1737843449458 27.0 27
1737843449483 28.0 28
1737843449505 29.0 29
1737843501835 0.0 0
1737843501862 1.0 1
1737843501884 2.0 2
1737843501906 3.0 3
1737843501927 4.0 4
1737843501948 5.0 5
1737843501972 6.0 6
1737843501997 7.0 7
1737843502020 8.0 8
1737843502043 9.0 9
1737843502067 10.0 10
1737843502093 11.0 11
1737843502118 12.0 12
1737843502138 13.0 13
1737843502166 14.0 14
1737843502187 15.0 15
1737843502210 16.0 16
1737843502231 17.0 17
1737843502254 18.0 18
1737843502275 19.0 19
1737843502297 20.0 20
1737843502318 21.0 21
1737843502340 22.0 22
1737843502362 23.0 23
1737843502384 24.0 24
1737843502406 25.0 25
1737843502427 26.0 26
1737843502454 27.0 27
1737843502477 28.0 28
1737843502498 29.0 29
