1737843182754 0.0 0
1737843182776 0.0 1
1737843182798 0.0 2
1737843182820 0.0 3
1737843182842 0.0 4
1737843182863 0.0 5
1737843182885 0.0 6
1737843182899 0.0 7
1737843182917 0.0 8
1737843182935 0.0 9
1737843182951 0.0 10
1737843182965 0.0 11
1737843182980 0.0 12
1737843183009 0.0 13
1737843183037 0.0 14
1737843183059 0.0 15
1737843183082 0.0 16
1737843183103 0.0 17
1737843183124 0.0 18
1737843183146 0.0 19
1737843183168 0.0 20
1737843183189 0.0 21
1737843183209 0.0 22
1737843183224 0.0 23
1737843183241 0.0 24
1737843183257 0.0 25
1737843183282 0.0 26
1737843183308 0.0 27
1737843183330 0.0 28
1737843183355 0.0 29
1737843244798 0.0 0
1737843244828 0.0 1
1737843244857 0.0 2
1737843244880 0.0 3
1737843244904 0.0 4
1737843244935 0.0 5
1737843244969 0.0 6
1737843244994 0.0 7
1737843245016 0.0 8
1737843245040 0.0 9
1737843245060 0.0 10
1737843245082 0.0 11
1737843245103 0.0 12
1737843245125 0.0 13
1737843245146 0.0 14
1737843245169 0.0 15
1737843245194 0.0 16
1737843245218 0.0 17
1737843245245 0.0 18
1737843245274 0.0 19
1737843245300 0.0 20
1737843245323 0.0 21
1737843245349 0.0 22
1737843245374 0.0 23
1737843245395 0.0 24
1737843245415 0.0 25
1737843245438 0.0 26
1737843245461 0.0 27
1737843245481 0.0 28
1737843245504 0.0 29
1737843314776 0.0 0
1737843314802 0.0 1
1737843314824 0.0 2
1737843314847 0.0 3
1737843314874 0.0 4
1737843314895 0.0 5
1737843314917 0.0 6
1737843314939 0.0 7
1737843314966 0.0 8
1737843314990 0.0 9
1737843315011 0.0 10
1737843315032 0.0 11
1737843315058 0.0 12
1737843315079 0.0 13
1737843315101 0.0 14
1737843315121 0.0 15
1737843315145 0.0 16
1737843315170 0.0 17
1737843315192 0.0 18
1737843315217 0.0 19
1737843315239 0.0 20
1737843315271 0.0 21
1737843315302 0.0 22
1737843315328 0.0 23
1737843315352 0.0 24
1737843315377 0.0 25
1737843315399 0.0 26
1737843315420 0.0 27
1737843315441 0.0 28
1737843315462 0.0 29
1737843379373 0.0 0
1737843379395 0.0 1
1737843379415 0.0 2
1737843379437 0.0 3
1737843379458 0.0 4
1737843379479 0.0 5
1737843379500 0.0 6
1737843379520 0.0 7
1737843379545 0.0 8
1737843379566 0.0 9
1737843379586 0.0 10
1737843379607 0.0 11
1737843379631 0.0 12
1737843379653 0.0 13
1737843379674 0.0 14
1737843379695 0.0 15
1737843379716 0.0 16
1737843379738 0.0 17
1737843379759 0.0 18
1737843379780 0.0 19
1737843379801 0.0 20
1737843379833 0.0 21
1737843379860 0.0 22
1737843379886 0.0 23
1737843379908 0.0 24
1737843379932 0.0 25
1737843379955 0.0 26
1737843379976 0.0 27
1737843379998 0.0 28
1737843380024 0.0 29
1737843448783 0.0 0
1737843448804 0.0 1
1737843448825 0.0 2
1737843448851 0.0 3
1737843448877 0.0 4
1737843448901 0.0 5
1737843448922 0.0 6
1737843448944 0.0 7
1737843448965 0.0 8
1737843448985 0.0 9
1737843449006 0.0 10
1737843449034 0.0 11
1737843449060 0.0 12
1737843449089 0.0 13
1737843449116 0.0 14
1737843449150 0.0 15
1737843449176 0.0 16
1737843449197 0.0 17
1737843449224 0.0 18
1737843449249 0.0 19
1737843449270 0.0 20
1737843449293 0.0 21
1737843449319 0.0 22
1737843449347 0.0 23
1737843449381 0.0 24
1737843449403 0.0 25
1737843449433 0.0 26
1737843449458 0.0 27
1737843449483 0.0 28
1737843449505 0.0 29
1737843501835 0.0 0
1737843501862 0.0 1
1737843501884 0.0 2
1737843501906 0.0 3
1737843501927 0.0 4
1737843501948 0.0 5
1737843501972 0.0 6
1737843501997 0.0 7
1737843502020 0.0 8
1737843502043 0.0 9
1737843502067 0.0 10
1737843502093 0.0 11
1737843502118 0.0 12
1737843502138 0.0 13
1737843502166 0.0 14
1737843502187 0.0 15
1737843502210 0.0 16
1737843502231 0.0 17
1737843502254 0.0 18
1737843502275 0.0 19
1737843502297 0.0 20
1737843502318 0.0 21
1737843502340 0.0 22
1737843502362 0.0 23
1737843502384 0.0 24
1737843502406 0.0 25
1737843502427 0.0 26
1737843502454 0.0 27
1737843502477 0.0 28
1737843502498 0.0 29
