1744559935433 0.6795450448989868 0
1744559935462 0.6507425308227539 1
1744559935496 0.6321520209312439 2
1744559935535 0.609010636806488 3
1744559935569 0.5833927392959595 4
1744559935603 0.5973204374313354 5
1744559935635 0.5953810214996338 6
1744559935661 0.5836693048477173 7
1744559935697 0.5757154226303101 8
1744559935720 0.5759748220443726 9
1744559935743 0.5782123804092407 10
1744559935766 0.577019214630127 11
1744559935799 0.5674055814743042 12
1744559935837 0.5546624660491943 13
1744559935871 0.5874478816986084 14
