1744559935433 0.5230321288108826 0
1744559935462 0.5131153464317322 1
1744559935496 0.6823082566261292 2
1744559935535 0.5171073079109192 3
1744559935569 0.5829743146896362 4
1744559935603 0.5676712393760681 5
1744559935635 0.6581395864486694 6
1744559935661 0.6654844284057617 7
1744559935697 0.7085899710655212 8
1744559935720 0.7514830827713013 9
1744559935743 0.6309171319007874 10
1744559935766 0.5240554809570312 11
1744559935799 0.5878511667251587 12
1744559935837 0.49242669343948364 13
1744559935871 0.5141335725784302 14
