1744559935433 30.94723129272461 0
1744559935462 19.60198402404785 1
1744559935496 19.071495056152344 2
1744559935535 15.829962730407715 3
1744559935569 16.23748779296875 4
1744559935603 16.085847854614258 5
1744559935635 14.543035507202148 6
1744559935661 14.000036239624023 7
1744559935697 12.910550117492676 8
1744559935720 11.803608894348145 9
1744559935743 12.265686988830566 10
1744559935766 11.040246963500977 11
1744559935799 9.744104385375977 12
1744559935837 9.878966331481934 13
1744559935871 9.382184982299805 14
