1744559935433 100.77975463867188 0
1744559935462 63.0222053527832 1
1744559935496 60.70728302001953 2
1744559935535 50.47444152832031 3
1744559935569 51.637210845947266 4
1744559935603 51.16975402832031 5
1744559935635 45.727294921875 6
1744559935661 43.90374755859375 7
1744559935697 40.1358642578125 8
1744559935720 36.30284118652344 9
1744559935743 38.242897033691406 10
1744559935766 34.515419006347656 11
1744559935799 29.99126434326172 12
1744559935837 30.770776748657227 13
1744559935871 29.011886596679688 14
