1744746120352 0.8076923076923077 1
1744746205631 0.8076923076923077 2
1744746290771 0.8461538461538461 3
1744746374720 0.7692307692307693 4
1744746463113 0.8846153846153846 5
1744746552772 0.8461538461538461 6
1744746644153 0.8461538461538461 7
1744746731152 0.8076923076923077 8
1744746815454 0.8846153846153846 9
1744746896794 0.8461538461538461 10
1744746974692 0.8076923076923077 11
1744747052853 0.8076923076923077 12
1744747130633 0.8846153846153846 13
1744747209810 0.7692307692307693 14
1744747288918 0.8461538461538461 15
1744747364305 0.8461538461538461 16
1744747441990 0.9230769230769231 17
1744747519387 0.8461538461538461 18
1744747596967 0.9230769230769231 19
1744747675074 0.8461538461538461 20
1744747753524 0.8461538461538461 21
1744747831857 0.8076923076923077 22
1744747910826 0.8076923076923077 23
1744747988661 0.8461538461538461 24
1744748067707 0.8846153846153846 25
1744748146254 0.8461538461538461 26
1744748224035 0.9230769230769231 27
1744748304881 0.8461538461538461 28
1744748382657 0.8461538461538461 29
1744748460606 0.8076923076923077 30
1744748539567 0.8076923076923077 31
1744748617811 0.8461538461538461 32
1744748696152 0.8846153846153846 33
1744748773366 0.8076923076923077 34
1744748851463 0.8461538461538461 35
1744748928998 0.8846153846153846 36
1744749007114 0.8461538461538461 37
1744749086360 0.8846153846153846 38
1744749163256 0.8076923076923077 39
1744749242504 0.8076923076923077 40
1744749320816 0.8461538461538461 41
1744749398410 0.8846153846153846 42
1744749475177 0.8076923076923077 43
1744749552899 0.8461538461538461 44
1744749630235 0.8461538461538461 45
1744749708189 0.8461538461538461 46
1744749785817 0.8461538461538461 47
1744749862441 0.9230769230769231 48
1744749940381 0.8461538461538461 49
1744750018227 0.8461538461538461 50
1744750096184 0.9230769230769231 51
1744750173602 0.8846153846153846 52
1744750250799 0.9230769230769231 53
1744750328013 0.9230769230769231 54
1744750404551 0.8846153846153846 55
