1744746120350 0.7692307692307693 1
1744746205629 0.8076923076923077 2
1744746290768 0.7692307692307693 3
1744746374716 0.8846153846153846 4
1744746463107 0.8846153846153846 5
1744746552777 0.8461538461538461 6
1744746644149 0.9230769230769231 7
1744746731157 0.9230769230769231 8
1744746815456 0.9230769230769231 9
1744746896795 0.9230769230769231 10
1744746974695 0.8846153846153846 11
1744747052856 0.9230769230769231 12
1744747130635 0.8846153846153846 13
1744747209812 0.9230769230769231 14
1744747288915 0.8461538461538461 15
1744747364307 0.8846153846153846 16
1744747441991 0.8846153846153846 17
1744747519391 0.8846153846153846 18
1744747596971 0.8846153846153846 19
1744747675070 0.8846153846153846 20
1744747753526 0.9230769230769231 21
1744747831860 0.8846153846153846 22
1744747910822 0.9230769230769231 23
1744747988659 0.8461538461538461 24
1744748067703 0.8461538461538461 25
1744748146250 0.8846153846153846 26
1744748224030 0.9230769230769231 27
1744748304878 0.8846153846153846 28
1744748382659 0.8461538461538461 29
1744748460608 0.9230769230769231 30
1744748539571 0.8076923076923077 31
1744748617809 0.8846153846153846 32
1744748696154 0.8846153846153846 33
1744748773362 0.9230769230769231 34
1744748851465 0.9230769230769231 35
1744748928997 0.8846153846153846 36
1744749007116 0.9230769230769231 37
1744749086358 0.8846153846153846 38
1744749163254 0.8846153846153846 39
1744749242506 0.8461538461538461 40
1744749320819 0.8846153846153846 41
1744749398408 0.8846153846153846 42
1744749475180 0.8846153846153846 43
1744749552896 0.9230769230769231 44
1744749630233 0.8461538461538461 45
1744749708185 0.9230769230769231 46
1744749785820 0.8846153846153846 47
1744749862437 0.8461538461538461 48
1744749940379 0.8846153846153846 49
1744750018229 0.8461538461538461 50
1744750096183 0.8461538461538461 51
1744750173598 0.8461538461538461 52
1744750250801 0.8461538461538461 53
1744750328015 0.8461538461538461 54
1744750404555 0.8461538461538461 55
