1744746120348 0.6153846153846154 1
1744746205627 0.6538461538461539 2
1744746290765 0.6538461538461539 3
1744746374723 0.7307692307692307 4
1744746463110 0.7307692307692307 5
1744746552775 0.7692307692307693 6
1744746644156 0.6923076923076923 7
1744746731154 0.7692307692307693 8
1744746815459 0.7692307692307693 9
1744746896792 0.7692307692307693 10
1744746974693 0.7692307692307693 11
1744747052859 0.7692307692307693 12
1744747130632 0.7692307692307693 13
1744747209809 0.7692307692307693 14
1744747288913 0.7692307692307693 15
1744747364303 0.7692307692307693 16
1744747441993 0.7692307692307693 17
1744747519389 0.7692307692307693 18
1744747596969 0.7692307692307693 19
1744747675072 0.7692307692307693 20
1744747753528 0.7692307692307693 21
1744747831855 0.7307692307692307 22
1744747910824 0.7692307692307693 23
1744747988663 0.7692307692307693 24
1744748067705 0.7692307692307693 25
1744748146252 0.7692307692307693 26
1744748224027 0.7692307692307693 27
1744748304875 0.7307692307692307 28
1744748382661 0.8076923076923077 29
1744748460604 0.7692307692307693 30
1744748539569 0.7307692307692307 31
1744748617807 0.7307692307692307 32
1744748696150 0.7692307692307693 33
1744748773364 0.7692307692307693 34
1744748851461 0.7692307692307693 35
1744748928995 0.7692307692307693 36
1744749007118 0.7692307692307693 37
1744749086362 0.7307692307692307 38
1744749163259 0.7692307692307693 39
1744749242502 0.7307692307692307 40
1744749320818 0.7692307692307693 41
1744749398407 0.7307692307692307 42
1744749475183 0.7692307692307693 43
1744749552898 0.7307692307692307 44
1744749630237 0.7692307692307693 45
1744749708187 0.7307692307692307 46
1744749785823 0.7692307692307693 47
1744749862439 0.7307692307692307 48
1744749940377 0.6923076923076923 49
1744750018225 0.8076923076923077 50
1744750096181 0.7692307692307693 51
1744750173605 0.7307692307692307 52
1744750250803 0.7307692307692307 53
1744750328012 0.7307692307692307 54
1744750404553 0.8076923076923077 55
