1744746118704 0.6669348478317261 0
1744746118724 0.6678375005722046 1
1744746118746 0.6356152296066284 2
1744746118766 0.6417036652565002 3
1744746118786 0.6159051060676575 4
1744746118806 0.6052950620651245 5
1744746118827 0.5980969667434692 6
1744746118891 0.5877053141593933 7
1744746118938 0.5867375135421753 8
1744746118973 0.5806419849395752 9
1744746119002 0.5708552598953247 10
1744746119023 0.5820318460464478 11
1744746119046 0.5569722652435303 12
1744746119067 0.541960597038269 13
1744746119089 0.5889466404914856 14
1744746203679 0.5729755163192749 0
1744746203702 0.5775005221366882 1
1744746203722 0.538132905960083 2
1744746203744 0.5869817733764648 3
1744746203764 0.5837337970733643 4
1744746203784 0.6107650995254517 5
1744746203805 0.5968238711357117 6
1744746203825 0.6237512230873108 7
1744746203846 0.5910640954971313 8
1744746203866 0.6665666103363037 9
1744746203903 0.645392656326294 10
1744746203935 0.6287034153938293 11
1744746203969 0.6375122666358948 12
1744746204007 0.6244432926177979 13
1744746204037 0.6937662363052368 14
1744746288732 0.6570460796356201 0
1744746288752 0.6706902384757996 1
1744746288779 0.7037109136581421 2
1744746288805 0.7656332850456238 3
1744746288825 0.7388778328895569 4
1744746288847 0.7094959020614624 5
1744746288868 0.6364641785621643 6
1744746288889 0.8012915849685669 7
1744746288911 0.7065489292144775 8
1744746288933 0.6732184290885925 9
1744746288969 0.7425486445426941 10
1744746289002 0.7434695959091187 11
1744746289037 0.7694094777107239 12
1744746289072 0.7487442493438721 13
1744746289101 0.8295457363128662 14
1744746372749 0.8144862651824951 0
1744746372769 0.7599875926971436 1
1744746372791 0.7787579894065857 2
1744746372811 0.7468200922012329 3
1744746372830 0.7350872755050659 4
1744746372850 0.8638532161712646 5
1744746372874 0.8234612941741943 6
1744746372910 0.9263034462928772 7
1744746372945 0.7140797972679138 8
1744746372978 0.8753638863563538 9
1744746373009 0.6983187794685364 10
1744746373041 0.778274655342102 11
1744746373074 0.8189564347267151 12
1744746373104 0.711403489112854 13
1744746373133 0.6649121642112732 14
1744746460950 0.9671607613563538 0
1744746460983 0.797648549079895 1
1744746461014 0.8452491164207458 2
1744746461044 0.9604855179786682 3
1744746461075 1.1444803476333618 4
1744746461107 1.1935890913009644 5
1744746461137 1.0334007740020752 6
1744746461176 1.1553304195404053 7
1744746461217 1.0039219856262207 8
1744746461257 1.0107131004333496 9
1744746461292 0.8687626123428345 10
1744746461324 0.9327567219734192 11
1744746461361 0.9865383505821228 12
1744746461395 0.8891104459762573 13
1744746461429 0.8862059712409973 14
1744746550719 1.1991816759109497 0
1744746550755 1.0969817638397217 1
1744746550791 1.1178826093673706 2
1744746550836 1.2173253297805786 3
1744746550875 1.1507441997528076 4
1744746550905 1.2494031190872192 5
1744746550937 1.2768431901931763 6
1744746550968 1.0946050882339478 7
1744746550997 1.0824099779129028 8
1744746551028 1.0701285600662231 9
1744746551057 1.2913401126861572 10
1744746551088 1.2619693279266357 11
1744746551117 1.0475761890411377 12
1744746551147 1.0582473278045654 13
1744746551185 1.1669862270355225 14
1744746642088 1.168341875076294 0
1744746642119 1.250001072883606 1
1744746642149 1.0910717248916626 2
1744746642185 1.133144497871399 3
1744746642217 0.9831969141960144 4
1744746642249 1.2937690019607544 5
1744746642282 1.2182193994522095 6
1744746642311 1.312936782836914 7
1744746642341 1.2533297538757324 8
1744746642375 1.3225822448730469 9
1744746642407 1.3437654972076416 10
1744746642448 1.2505179643630981 11
1744746642488 1.2437688112258911 12
1744746642541 1.3335870504379272 13
1744746642576 1.1298162937164307 14
1744746729047 1.2320442199707031 0
1744746729077 1.358514666557312 1
1744746729107 1.4019591808319092 2
1744746729136 1.1439917087554932 3
1744746729167 1.1786187887191772 4
1744746729199 1.4565844535827637 5
1744746729229 1.1982265710830688 6
1744746729259 1.3255170583724976 7
1744746729289 1.5232137441635132 8
1744746729320 1.5183024406433105 9
1744746729349 1.5512731075286865 10
1744746729380 1.3649044036865234 11
1744746729409 1.3202825784683228 12
1744746729437 0.978329598903656 13
1744746729467 1.4260010719299316 14
1744746814104 1.3898966312408447 0
1744746814126 1.4170151948928833 1
1744746814146 1.6753132343292236 2
1744746814171 1.4499547481536865 3
1744746814193 1.3369991779327393 4
1744746814213 1.581449031829834 5
1744746814233 1.5593355894088745 6
1744746814256 1.6556637287139893 7
1744746814276 1.3051961660385132 8
1744746814297 1.4677977561950684 9
1744746814319 1.3986144065856934 10
1744746814340 1.5418179035186768 11
1744746814360 1.2983847856521606 12
1744746814380 1.3224122524261475 13
1744746814401 1.6261056661605835 14
1744746895433 1.4301564693450928 0
1744746895454 1.6002862453460693 1
1744746895474 1.552105188369751 2
1744746895495 1.6081931591033936 3
1744746895515 1.721716046333313 4
1744746895537 1.4625550508499146 5
1744746895558 1.5836665630340576 6
1744746895579 1.7391213178634644 7
1744746895601 1.8034274578094482 8
1744746895624 1.7953541278839111 9
1744746895645 1.6981176137924194 10
1744746895668 1.488446593284607 11
1744746895692 1.524867296218872 12
1744746895716 1.8742804527282715 13
1744746895737 1.3903127908706665 14
1744746973336 1.6888705492019653 0
1744746973356 1.7047593593597412 1
1744746973378 1.7107030153274536 2
1744746973399 1.8657423257827759 3
1744746973422 1.9243870973587036 4
1744746973445 1.7677148580551147 5
1744746973467 1.4154187440872192 6
1744746973487 1.8231003284454346 7
1744746973507 1.675585389137268 8
1744746973526 1.5570515394210815 9
1744746973548 1.2924116849899292 10
1744746973571 1.5689983367919922 11
1744746973591 1.7028958797454834 12
1744746973613 1.7817533016204834 13
1744746973633 1.6945738792419434 14
1744747050964 1.2766921520233154 0
1744747050984 1.1544502973556519 1
1744747051004 1.4001444578170776 2
1744747051024 1.6068289279937744 3
1744747051045 1.4900182485580444 4
1744747051064 1.5223042964935303 5
1744747051085 2.071157455444336 6
1744747051105 2.2010698318481445 7
1744747051126 2.045470714569092 8
1744747051148 1.9957022666931152 9
1744747051168 2.1088502407073975 10
1744747051189 1.84097158908844 11
1744747051209 2.160238742828369 12
1744747051229 2.6488966941833496 13
1744747051267 2.0052647590637207 14
1744747129269 1.6516717672348022 0
1744747129291 1.2958604097366333 1
1744747129312 1.8523443937301636 2
1744747129334 2.2380869388580322 3
1744747129355 2.2053027153015137 4
1744747129377 2.038663387298584 5
1744747129397 1.7722342014312744 6
1744747129418 1.5823179483413696 7
1744747129439 1.7825133800506592 8
1744747129461 1.5825259685516357 9
1744747129483 1.8449740409851074 10
1744747129505 1.734897494316101 11
1744747129529 1.730061411857605 12
1744747129551 1.585059642791748 13
1744747129574 1.950316309928894 14
1744747208438 1.8054733276367188 0
1744747208462 2.3869261741638184 1
1744747208484 2.046557903289795 2
1744747208507 1.595633625984192 3
1744747208530 2.0866024494171143 4
1744747208551 1.4000262022018433 5
1744747208573 1.5680028200149536 6
1744747208594 1.7665672302246094 7
1744747208617 1.9028156995773315 8
1744747208638 2.005160331726074 9
1744747208662 1.433762788772583 10
1744747208685 1.6030930280685425 11
1744747208707 1.403597354888916 12
1744747208728 1.9781514406204224 13
1744747208749 1.3792498111724854 14
1744747287470 1.7896512746810913 0
1744747287503 1.9675730466842651 1
1744747287537 1.2932894229888916 2
1744747287573 1.879751443862915 3
1744747287606 1.8646047115325928 4
1744747287638 2.247154951095581 5
1744747287669 2.6737871170043945 6
1744747287702 2.8417422771453857 7
1744747287734 2.4639267921447754 8
1744747287754 1.953489899635315 9
1744747287778 1.6998196840286255 10
1744747287798 1.6679517030715942 11
1744747287818 1.4853323698043823 12
1744747287838 1.9355590343475342 13
1744747287858 1.4841002225875854 14
1744747362931 2.3225951194763184 0
1744747362953 1.4921571016311646 1
1744747362976 2.387887477874756 2
1744747363002 2.000218629837036 3
1744747363032 1.9573261737823486 4
1744747363053 1.6946601867675781 5
1744747363075 1.9147652387619019 6
1744747363095 1.5059661865234375 7
1744747363116 1.792864441871643 8
1744747363136 1.503302812576294 9
1744747363160 1.197824239730835 10
1744747363185 1.4570780992507935 11
1744747363205 1.4195764064788818 12
1744747363226 1.7023894786834717 13
1744747363248 1.1719515323638916 14
1744747440651 1.6490792036056519 0
1744747440672 2.014897584915161 1
1744747440692 1.9979783296585083 2
1744747440713 2.280639410018921 3
1744747440732 2.232032537460327 4
1744747440753 1.8425883054733276 5
1744747440773 2.039304256439209 6
1744747440793 1.8600142002105713 7
1744747440816 2.4505350589752197 8
1744747440835 2.094123363494873 9
1744747440855 1.7676092386245728 10
1744747440875 1.5159106254577637 11
1744747440896 2.182206869125366 12
1744747440916 1.4356703758239746 13
1744747440936 1.5070075988769531 14
1744747517356 1.1822105646133423 0
1744747517386 1.8606207370758057 1
1744747517416 2.014218807220459 2
1744747517444 1.814386248588562 3
1744747517474 1.290906310081482 4
1744747517513 1.7828837633132935 5
1744747517542 2.1933159828186035 6
1744747517572 1.4414528608322144 7
1744747517605 1.9726835489273071 8
1744747517635 1.4296029806137085 9
1744747517665 1.9591381549835205 10
1744747517696 1.4445338249206543 11
1744747517726 1.4546329975128174 12
1744747517755 1.8559892177581787 13
1744747517788 1.4621326923370361 14
1744747595604 1.2784011363983154 0
1744747595626 1.1919867992401123 1
1744747595648 1.3709641695022583 2
1744747595671 1.4430218935012817 3
1744747595694 1.7294541597366333 4
1744747595715 1.158603549003601 5
1744747595735 1.3055120706558228 6
1744747595757 1.5151690244674683 7
1744747595781 1.219918131828308 8
1744747595802 1.163816213607788 9
1744747595826 1.2148864269256592 10
1744747595848 1.4376354217529297 11
1744747595869 1.4109209775924683 12
1744747595890 1.3910083770751953 13
1744747595911 1.1693987846374512 14
1744747673725 1.774411678314209 0
1744747673744 1.4319345951080322 1
1744747673764 1.4713222980499268 2
1744747673784 1.3258588314056396 3
1744747673802 1.2757683992385864 4
1744747673822 1.2954000234603882 5
1744747673842 1.4769196510314941 6
1744747673862 1.022187352180481 7
1744747673886 1.2663763761520386 8
1744747673906 1.4412765502929688 9
1744747673932 1.1999551057815552 10
1744747673955 1.3485456705093384 11
1744747673975 1.6759241819381714 12
1744747673995 1.0727288722991943 13
1744747674015 1.6461485624313354 14
1744747752070 1.1032063961029053 0
1744747752108 1.3708586692810059 1
1744747752142 1.0541667938232422 2
1744747752181 1.2082083225250244 3
1744747752217 1.048084020614624 4
1744747752252 1.1045453548431396 5
1744747752280 1.5993043184280396 6
1744747752310 1.2264264822006226 7
1744747752331 1.5156364440917969 8
1744747752355 1.5315114259719849 9
1744747752377 1.6335614919662476 10
1744747752400 1.2047749757766724 11
1744747752421 1.320901870727539 12
1744747752442 1.3137582540512085 13
1744747752464 1.7440897226333618 14
1744747829972 1.6963496208190918 0
1744747829992 1.0034010410308838 1
1744747830014 0.8398593664169312 2
1744747830033 1.31444251537323 3
1744747830059 1.273727297782898 4
1744747830086 1.1936039924621582 5
1744747830107 1.4170271158218384 6
1744747830127 1.3514093160629272 7
1744747830148 0.7238593697547913 8
1744747830174 1.20413339138031 9
1744747830197 1.5867245197296143 10
1744747830217 1.3821336030960083 11
1744747830238 1.5619761943817139 12
1744747830259 1.370516300201416 13
1744747830279 1.4647084474563599 14
1744747909467 1.5426826477050781 0
1744747909488 1.8692622184753418 1
1744747909508 1.6980599164962769 2
1744747909531 1.546866536140442 3
1744747909553 1.0722532272338867 4
1744747909576 1.7521198987960815 5
1744747909598 1.533766269683838 6
1744747909621 1.0967587232589722 7
1744747909644 1.507420301437378 8
1744747909664 1.5711930990219116 9
1744747909685 0.9994162321090698 10
1744747909705 1.1962332725524902 11
1744747909725 1.0361034870147705 12
1744747909745 1.2822710275650024 13
1744747909766 1.2752594947814941 14
1744747987286 1.1041479110717773 0
1744747987308 1.1464422941207886 1
1744747987329 1.8578121662139893 2
1744747987350 1.0918066501617432 3
1744747987372 0.9904032349586487 4
1744747987394 1.4031150341033936 5
1744747987417 1.3132896423339844 6
1744747987442 1.6104247570037842 7
1744747987462 1.0843257904052734 8
1744747987486 1.136616587638855 9
1744747987508 1.5639774799346924 10
1744747987530 1.0967458486557007 11
1744747987551 0.9622916579246521 12
1744747987572 0.9072468280792236 13
1744747987596 1.4516422748565674 14
1744748066332 0.9882386326789856 0
1744748066356 1.1725529432296753 1
1744748066377 1.316741943359375 2
1744748066398 1.0969526767730713 3
1744748066423 1.5490177869796753 4
1744748066446 1.3305418491363525 5
1744748066469 1.717050313949585 6
1744748066491 1.3033498525619507 7
1744748066512 0.9246708750724792 8
1744748066532 1.3077540397644043 9
1744748066553 1.4673104286193848 10
1744748066574 1.8622472286224365 11
1744748066596 1.8206614255905151 12
1744748066617 1.6858973503112793 13
1744748066638 1.5850707292556763 14
1744748144666 1.4698388576507568 0
1744748144701 1.1171343326568604 1
1744748144737 0.9140653014183044 2
1744748144770 1.1535403728485107 3
1744748144807 1.2674689292907715 4
1744748144843 0.9477672576904297 5
1744748144881 1.2911841869354248 6
1744748144913 1.2485156059265137 7
1744748144945 1.245803952217102 8
1744748144977 1.160570740699768 9
1744748145010 1.2885680198669434 10
1744748145041 1.1269587278366089 11
1744748145076 1.7463090419769287 12
1744748145109 1.200952410697937 13
1744748145159 0.9667850136756897 14
1744748221986 1.6332520246505737 0
1744748222007 0.9867445826530457 1
1744748222038 1.4019802808761597 2
1744748222064 1.5946156978607178 3
1744748222087 1.6022169589996338 4
1744748222109 1.2465466260910034 5
1744748222140 1.39091956615448 6
1744748222162 1.7380858659744263 7
1744748222185 1.6166619062423706 8
1744748222212 1.5081759691238403 9
1744748222239 1.1004687547683716 10
1744748222262 1.0161370038986206 11
1744748222284 1.7199196815490723 12
1744748222305 1.3140100240707397 13
1744748222329 1.2988340854644775 14
1744748302877 1.1026321649551392 0
1744748302899 1.1526962518692017 1
1744748302921 1.135456919670105 2
1744748302941 1.5198252201080322 3
1744748302962 0.835651159286499 4
1744748302983 1.2372782230377197 5
1744748303004 1.8332151174545288 6
1744748303025 1.524005651473999 7
1744748303059 1.4615941047668457 8
1744748303093 1.448983907699585 9
1744748303130 1.2294379472732544 10
1744748303162 1.2100281715393066 11
1744748303206 0.9309777021408081 12
1744748303238 0.8755456209182739 13
1744748303276 0.9630184173583984 14
1744748381303 1.2175008058547974 0
1744748381323 1.0006152391433716 1
1744748381344 1.389281988143921 2
1744748381364 1.14119553565979 3
1744748381387 1.327176809310913 4
1744748381407 1.5459498167037964 5
1744748381428 1.3824836015701294 6
1744748381448 1.3982186317443848 7
1744748381469 1.8508588075637817 8
1744748381490 1.5680018663406372 9
1744748381511 1.1024441719055176 10
1744748381530 1.0291370153427124 11
1744748381551 1.0906343460083008 12
1744748381572 1.0441635847091675 13
1744748381593 1.1627389192581177 14
1744748459123 1.3130838871002197 0
1744748459144 1.3502882719039917 1
1744748459167 0.9147109985351562 2
1744748459191 1.4515026807785034 3
1744748459211 1.3759350776672363 4
1744748459232 1.6065953969955444 5
1744748459254 1.258278727531433 6
1744748459278 1.5851575136184692 7
1744748459309 1.5069605112075806 8
1744748459329 1.6955052614212036 9
1744748459350 1.4582016468048096 10
1744748459371 1.0427385568618774 11
1744748459392 1.0808333158493042 12
1744748459413 1.2752324342727661 13
1744748459434 1.141656756401062 14
1744748538072 1.3089847564697266 0
1744748538094 1.235702633857727 1
1744748538114 1.0312328338623047 2
1744748538135 1.1626572608947754 3
1744748538159 1.5256915092468262 4
1744748538182 1.3251304626464844 5
1744748538205 1.4154341220855713 6
1744748538226 1.3776065111160278 7
1744748538247 1.4120186567306519 8
1744748538269 1.3638710975646973 9
1744748538294 1.3782843351364136 10
1744748538315 1.3311680555343628 11
1744748538337 1.1560695171356201 12
1744748538360 1.1048580408096313 13
1744748538387 1.0927199125289917 14
1744748616449 1.236329436302185 0
1744748616470 1.7081326246261597 1
1744748616490 1.277869462966919 2
1744748616510 1.5166205167770386 3
1744748616531 1.8168798685073853 4
1744748616552 1.771335482597351 5
1744748616573 1.1371662616729736 6
1744748616594 1.4131698608398438 7
1744748616618 1.441062331199646 8
1744748616638 0.9967899322509766 9
1744748616658 0.9679941534996033 10
1744748616678 1.22272789478302 11
1744748616699 1.1745492219924927 12
1744748616721 0.8415769338607788 13
1744748616742 1.2676975727081299 14
1744748693989 1.2347733974456787 0
1744748694022 1.5142810344696045 1
1744748694056 1.5181524753570557 2
1744748694090 1.5976625680923462 3
1744748694122 1.6185626983642578 4
1744748694152 1.5276758670806885 5
1744748694185 1.8662569522857666 6
1744748694215 1.4396990537643433 7
1744748694246 1.4183948040008545 8
1744748694284 1.3177340030670166 9
1744748694314 1.5060375928878784 10
1744748694343 1.439300298690796 11
1744748694373 1.48011314868927 12
1744748694410 1.7296782732009888 13
1744748694441 1.2459051609039307 14
1744748771996 1.0143049955368042 0
1744748772018 1.2666187286376953 1
1744748772038 1.720411777496338 2
1744748772058 1.2741228342056274 3
1744748772080 1.019546389579773 4
1744748772100 1.00192129611969 5
1744748772120 1.3601994514465332 6
1744748772141 1.7327872514724731 7
1744748772164 1.1555286645889282 8
1744748772190 1.2992262840270996 9
1744748772212 1.2092854976654053 10
1744748772233 1.3147623538970947 11
1744748772253 1.6673767566680908 12
1744748772274 1.4415724277496338 13
1744748772295 1.2292828559875488 14
1744748850085 1.1280245780944824 0
1744748850108 1.216729998588562 1
1744748850128 1.763516902923584 2
1744748850149 1.270189881324768 3
1744748850174 1.2013394832611084 4
1744748850195 1.4468798637390137 5
1744748850216 1.1490131616592407 6
1744748850240 1.157866358757019 7
1744748850263 1.3249452114105225 8
1744748850288 1.399498462677002 9
1744748850309 1.3357676267623901 10
1744748850331 1.1626622676849365 11
1744748850352 1.5785154104232788 12
1744748850373 1.3202269077301025 13
1744748850394 1.4113004207611084 14
1744748927634 1.2325794696807861 0
1744748927655 1.3454914093017578 1
1744748927676 1.2584245204925537 2
1744748927695 1.210428237915039 3
1744748927716 1.1219719648361206 4
1744748927737 1.2082124948501587 5
1744748927758 1.3386906385421753 6
1744748927780 1.3240463733673096 7
1744748927802 1.2058076858520508 8
1744748927823 1.2940025329589844 9
1744748927845 1.5010961294174194 10
1744748927866 1.3460001945495605 11
1744748927885 1.21347177028656 12
1744748927906 1.0811107158660889 13
1744748927926 1.4379820823669434 14
1744749005593 1.1957703828811646 0
1744749005630 1.5783804655075073 1
1744749005666 1.589989185333252 2
1744749005689 1.453914761543274 3
1744749005713 1.1663877964019775 4
1744749005739 1.2478206157684326 5
1744749005760 1.7752153873443604 6
1744749005783 1.5301798582077026 7
1744749005806 1.1067068576812744 8
1744749005830 1.4584057331085205 9
1744749005851 1.3408350944519043 10
1744749005873 1.5516687631607056 11
1744749005895 1.1274768114089966 12
1744749005918 1.0714290142059326 13
1744749005940 1.4822927713394165 14
1744749084230 1.3933122158050537 0
1744749084262 1.1932379007339478 1
1744749084294 1.5862456560134888 2
1744749084324 1.6782399415969849 3
1744749084353 1.089595913887024 4
1744749084384 0.9865898489952087 5
1744749084418 1.5530800819396973 6
1744749084449 1.3924314975738525 7
1744749084479 1.1443724632263184 8
1744749084510 1.197845220565796 9
1744749084541 1.1252306699752808 10
1744749084573 1.2068750858306885 11
1744749084605 1.3739415407180786 12
1744749084635 1.4392071962356567 13
1744749084666 1.4940191507339478 14
1744749161859 1.4744815826416016 0
1744749161885 1.5120149850845337 1
1744749161913 1.4192248582839966 2
1744749161937 1.2870423793792725 3
1744749161961 1.559504747390747 4
1744749161985 1.2248470783233643 5
1744749162007 1.4792983531951904 6
1744749162028 1.537729024887085 7
1744749162049 1.561219573020935 8
1744749162073 1.7523449659347534 9
1744749162095 1.4105687141418457 10
1744749162116 1.5338037014007568 11
1744749162137 1.3675379753112793 12
1744749162159 1.398141860961914 13
1744749162181 1.3074480295181274 14
1744749241129 1.8151639699935913 0
1744749241149 1.58384370803833 1
1744749241169 1.7789276838302612 2
1744749241189 1.7987080812454224 3
1744749241210 1.661393404006958 4
1744749241230 2.006728410720825 5
1744749241251 1.3943977355957031 6
1744749241280 1.7742291688919067 7
1744749241302 1.9425467252731323 8
1744749241322 1.4744809865951538 9
1744749241342 1.6389307975769043 10
1744749241362 1.5713423490524292 11
1744749241384 1.429811716079712 12
1744749241405 1.611877202987671 13
1744749241426 1.3560715913772583 14
1744749319444 1.5165244340896606 0
1744749319465 1.167752742767334 1
1744749319486 1.3912174701690674 2
1744749319508 1.746815800666809 3
1744749319530 1.9885605573654175 4
1744749319552 1.9687035083770752 5
1744749319572 1.4685865640640259 6
1744749319592 1.6568894386291504 7
1744749319618 1.260558009147644 8
1744749319639 1.4582176208496094 9
1744749319660 1.7445741891860962 10
1744749319680 1.6663511991500854 11
1744749319701 1.3919823169708252 12
1744749319724 1.5629438161849976 13
1744749319744 1.4643279314041138 14
1744749397020 1.7622261047363281 0
1744749397041 1.484968662261963 1
1744749397063 1.4882149696350098 2
1744749397084 1.3705633878707886 3
1744749397104 1.6270277500152588 4
1744749397124 1.3198776245117188 5
1744749397145 1.7888127565383911 6
1744749397168 2.2760720252990723 7
1744749397201 1.885656476020813 8
1744749397226 1.8638896942138672 9
1744749397251 1.4936281442642212 10
1744749397271 1.9410431385040283 11
1744749397294 1.6242822408676147 12
1744749397315 1.7826976776123047 13
1744749397336 1.9827913045883179 14
1744749473184 1.8833277225494385 0
1744749473213 1.6413954496383667 1
1744749473246 1.763885736465454 2
1744749473277 1.276967167854309 3
1744749473309 1.4309296607971191 4
1744749473349 1.2405762672424316 5
1744749473384 1.3496047258377075 6
1744749473417 1.3146624565124512 7
1744749473450 1.4544200897216797 8
1744749473481 0.8925236463546753 9
1744749473515 1.40608811378479 10
1744749473547 1.4074957370758057 11
1744749473578 1.382964849472046 12
1744749473609 1.2465846538543701 13
1744749473644 1.1505306959152222 14
1744749551496 1.3026912212371826 0
1744749551517 1.3616969585418701 1
1744749551537 1.7502844333648682 2
1744749551558 1.726139783859253 3
1744749551579 1.6289997100830078 4
1744749551602 1.7470626831054688 5
1744749551623 1.509157657623291 6
1744749551643 1.4225071668624878 7
1744749551664 1.4564530849456787 8
1744749551684 1.4384928941726685 9
1744749551708 1.3854187726974487 10
1744749551742 1.4298789501190186 11
1744749551769 1.5676331520080566 12
1744749551791 1.4061728715896606 13
1744749551817 1.4716769456863403 14
1744749628861 1.7457102537155151 0
1744749628881 1.6874452829360962 1
1744749628904 1.0836195945739746 2
1744749628924 2.041135787963867 3
1744749628945 1.6024136543273926 4
1744749628967 1.1069097518920898 5
1744749628987 1.314980387687683 6
1744749629008 1.6552046537399292 7
1744749629029 1.3867346048355103 8
1744749629050 1.694848895072937 9
1744749629076 1.2688466310501099 10
1744749629099 1.4665287733078003 11
1744749629120 1.6820132732391357 12
1744749629140 1.5302373170852661 13
1744749629160 2.2462141513824463 14
1744749706796 1.1371889114379883 0
1744749706816 1.9390003681182861 1
1744749706836 1.4989752769470215 2
1744749706862 1.5972707271575928 3
1744749706890 1.8727657794952393 4
1744749706912 1.3427554368972778 5
1744749706933 1.7515151500701904 6
1744749706956 1.6376338005065918 7
1744749706977 1.463841199874878 8
1744749707001 1.9077554941177368 9
1744749707021 1.8599817752838135 10
1744749707041 1.7439460754394531 11
1744749707062 2.201437473297119 12
1744749707082 1.8036950826644897 13
1744749707103 1.8354249000549316 14
1744749784063 2.1302876472473145 0
1744749784095 1.9076521396636963 1
1744749784125 1.4975228309631348 2
1744749784159 1.4889849424362183 3
1744749784198 1.8842049837112427 4
1744749784227 1.461307406425476 5
1744749784257 1.4621751308441162 6
1744749784287 1.356825351715088 7
1744749784319 1.3400745391845703 8
1744749784350 1.4745160341262817 9
1744749784382 1.4324569702148438 10
1744749784415 1.6361027956008911 11
1744749784448 1.6063123941421509 12
1744749784485 1.3601701259613037 13
1744749784519 1.7151551246643066 14
1744749861077 1.742950439453125 0
1744749861098 1.0499416589736938 1
1744749861117 1.5640562772750854 2
1744749861138 1.1770836114883423 3
1744749861158 1.380689024925232 4
1744749861180 1.2746411561965942 5
1744749861200 1.3886494636535645 6
1744749861220 1.2882263660430908 7
1744749861240 1.7533835172653198 8
1744749861260 1.5753594636917114 9
1744749861282 1.4072396755218506 10
1744749861302 1.1146788597106934 11
1744749861322 1.1576313972473145 12
1744749861342 1.596400499343872 13
1744749861362 1.642484188079834 14
1744749939003 1.6804859638214111 0
1744749939023 1.5537147521972656 1
1744749939043 1.802032709121704 2
1744749939064 1.5803014039993286 3
1744749939085 1.7306071519851685 4
1744749939104 1.7879647016525269 5
1744749939125 1.5121476650238037 6
1744749939145 1.143782377243042 7
1744749939169 1.752558946609497 8
1744749939193 1.4782192707061768 9
1744749939214 1.5432592630386353 10
1744749939234 1.4865667819976807 11
1744749939257 1.7702386379241943 12
1744749939279 1.2471847534179688 13
1744749939300 1.489875316619873 14
1744750016850 1.10386323928833 0
1744750016871 1.3409876823425293 1
1744750016891 1.3978846073150635 2
1744750016913 1.7311636209487915 3
1744750016933 1.2924857139587402 4
1744750016953 1.3744876384735107 5
1744750016974 1.5618624687194824 6
1744750016994 1.6182994842529297 7
1744750017015 1.6195679903030396 8
1744750017046 1.4000929594039917 9
1744750017068 1.9041962623596191 10
1744750017088 1.3146299123764038 11
1744750017108 1.3649855852127075 12
1744750017128 1.7698407173156738 13
1744750017148 1.3783539533615112 14
1744750094795 1.8131569623947144 0
1744750094816 2.06990647315979 1
1744750094836 1.914810061454773 2
1744750094856 2.041674852371216 3
1744750094876 1.7531821727752686 4
1744750094896 2.1425328254699707 5
1744750094918 1.649247407913208 6
1744750094937 1.9306443929672241 7
1744750094959 1.3391133546829224 8
1744750094980 2.0740628242492676 9
1744750095001 1.7347577810287476 10
1744750095032 1.5427002906799316 11
1744750095052 1.0965243577957153 12
1744750095075 1.097037434577942 13
1744750095097 1.5640053749084473 14
1744750171488 1.3519822359085083 0
1744750171523 1.1148830652236938 1
1744750171557 1.8467953205108643 2
1744750171589 1.5495250225067139 3
1744750171620 1.2561535835266113 4
1744750171658 1.8255361318588257 5
1744750171690 1.1659290790557861 6
1744750171722 1.7353180646896362 7
1744750171758 1.8477574586868286 8
1744750171791 1.6196757555007935 9
1744750171821 1.7054311037063599 10
1744750171852 1.721494436264038 11
1744750171883 1.4407647848129272 12
1744750171913 1.8417656421661377 13
1744750171946 1.69679856300354 14
1744750249413 1.8120874166488647 0
1744750249434 2.1392600536346436 1
1744750249454 1.8181931972503662 2
1744750249475 2.072744846343994 3
1744750249496 2.073164224624634 4
1744750249517 2.0329091548919678 5
1744750249539 2.120048999786377 6
1744750249560 2.1289021968841553 7
1744750249582 1.5003597736358643 8
1744750249604 1.6354975700378418 9
1744750249628 1.749930500984192 10
1744750249648 1.838366985321045 11
1744750249669 1.7487612962722778 12
1744750249690 1.4622694253921509 13
1744750249710 1.7342534065246582 14
1744750326642 2.0685155391693115 0
1744750326662 2.08687424659729 1
1744750326681 2.1030385494232178 2
1744750326704 1.903156042098999 3
1744750326724 1.7354520559310913 4
1744750326745 1.7259330749511719 5
1744750326767 1.558213472366333 6
1744750326788 1.7919355630874634 7
1744750326808 1.7379885911941528 8
1744750326827 2.220594882965088 9
1744750326851 2.022629737854004 10
1744750326871 1.5337159633636475 11
1744750326891 1.8030352592468262 12
1744750326912 1.8401894569396973 13
1744750326932 1.7968719005584717 14
1744750403175 1.957472562789917 0
1744750403197 1.691805362701416 1
1744750403218 1.865385890007019 2
1744750403239 1.6589620113372803 3
1744750403262 1.6446397304534912 4
1744750403282 1.6530671119689941 5
1744750403305 2.2508463859558105 6
1744750403325 1.843579649925232 7
1744750403345 1.9671361446380615 8
1744750403366 2.0208349227905273 9
1744750403386 1.9351235628128052 10
1744750403407 1.7289206981658936 11
1744750403427 1.8053629398345947 12
1744750403447 1.7159247398376465 13
1744750403467 2.188838243484497 14
