1744746118704 0.6478183269500732 0
1744746118724 0.6390748620033264 1
1744746118746 0.6444907784461975 2
1744746118766 0.6047030091285706 3
1744746118786 0.6590868830680847 4
1744746118806 0.6834430694580078 5
1744746118827 0.669369637966156 6
1744746118891 0.6262480616569519 7
1744746118938 0.5750569701194763 8
1744746118973 0.6370639801025391 9
1744746119002 0.6453812122344971 10
1744746119023 0.6543251872062683 11
1744746119046 0.6264431476593018 12
1744746119067 0.6844956874847412 13
1744746119089 0.571747899055481 14
1744746203679 0.5980910658836365 0
1744746203702 0.6424378752708435 1
1744746203722 0.6624549627304077 2
1744746203744 0.6601591110229492 3
1744746203764 0.634736180305481 4
1744746203784 0.5898334383964539 5
1744746203805 0.6689615845680237 6
1744746203825 0.6309788227081299 7
1744746203846 0.6118937134742737 8
1744746203866 0.6614178419113159 9
1744746203903 0.6503735780715942 10
1744746203935 0.6229255199432373 11
1744746203969 0.6747099161148071 12
1744746204007 0.5873235464096069 13
1744746204037 0.5490095019340515 14
1744746288732 0.6019259691238403 0
1744746288752 0.5896058082580566 1
1744746288779 0.618216872215271 2
1744746288805 0.6169553995132446 3
1744746288825 0.5749378204345703 4
1744746288847 0.6897698640823364 5
1744746288868 0.5185685157775879 6
1744746288889 0.5799346566200256 7
1744746288911 0.6874322295188904 8
1744746288933 0.6664024591445923 9
1744746288969 0.6270803213119507 10
1744746289002 0.5311371088027954 11
1744746289037 0.6365575790405273 12
1744746289072 0.6071862578392029 13
1744746289101 0.576346755027771 14
1744746372749 0.7152963280677795 0
1744746372769 0.6467732191085815 1
1744746372791 0.663862943649292 2
1744746372811 0.6667022705078125 3
1744746372830 0.6460990905761719 4
1744746372850 0.6690365672111511 5
1744746372874 0.6178791522979736 6
1744746372910 0.723002016544342 7
1744746372945 0.7058581709861755 8
1744746372978 0.6808789372444153 9
1744746373009 0.6897020936012268 10
1744746373041 0.6125763058662415 11
1744746373074 0.5460125803947449 12
1744746373104 0.6112655401229858 13
1744746373133 0.6216498017311096 14
1744746460950 0.6556804180145264 0
1744746460983 0.6816441416740417 1
1744746461014 0.5944913029670715 2
1744746461044 0.6466741561889648 3
1744746461075 0.6903972029685974 4
1744746461107 0.6155589818954468 5
1744746461137 0.6251822710037231 6
1744746461176 0.636321485042572 7
1744746461217 0.5736873149871826 8
1744746461257 0.6823113560676575 9
1744746461292 0.5973531603813171 10
1744746461324 0.6272448897361755 11
1744746461361 0.7726476192474365 12
1744746461395 0.6552587151527405 13
1744746461429 0.6462302803993225 14
1744746550719 0.5979596972465515 0
1744746550755 0.6227572560310364 1
1744746550791 0.611240029335022 2
1744746550836 0.6238855719566345 3
1744746550875 0.6142188906669617 4
1744746550905 0.5868501663208008 5
1744746550937 0.705757737159729 6
1744746550968 0.6723538041114807 7
1744746550997 0.6537374258041382 8
1744746551028 0.6083635687828064 9
1744746551057 0.7565854787826538 10
1744746551088 0.62713623046875 11
1744746551117 0.5481854677200317 12
1744746551147 0.6409205198287964 13
1744746551185 0.6700336933135986 14
1744746642088 0.7016357183456421 0
1744746642119 0.8435802459716797 1
1744746642149 0.5690348744392395 2
1744746642185 0.6995847225189209 3
1744746642217 0.7072576284408569 4
1744746642249 0.7255862355232239 5
1744746642282 0.5349172949790955 6
1744746642311 0.5483856201171875 7
1744746642341 0.6973292827606201 8
1744746642375 0.6649150848388672 9
1744746642407 0.6088142991065979 10
1744746642448 0.6529985070228577 11
1744746642488 0.6131220459938049 12
1744746642541 0.6932849884033203 13
1744746642576 0.615217924118042 14
1744746729047 0.5749489665031433 0
1744746729077 0.6740853786468506 1
1744746729107 0.6021215319633484 2
1744746729136 0.6265354156494141 3
1744746729167 0.6341832876205444 4
1744746729199 0.6550126671791077 5
1744746729229 0.6998500823974609 6
1744746729259 0.6170682311058044 7
1744746729289 0.5433060526847839 8
1744746729320 0.6514317989349365 9
1744746729349 0.6584592461585999 10
1744746729380 0.6210677623748779 11
1744746729409 0.6711080074310303 12
1744746729437 0.5912103056907654 13
1744746729467 0.7979151606559753 14
1744746814104 0.5887823104858398 0
1744746814126 0.8098408579826355 1
1744746814146 0.6322540044784546 2
1744746814171 0.5671197175979614 3
1744746814193 0.6008168458938599 4
1744746814213 0.611327588558197 5
1744746814233 0.5392439365386963 6
1744746814256 0.6772326231002808 7
1744746814276 0.531375527381897 8
1744746814297 0.5661172866821289 9
1744746814319 0.692337155342102 10
1744746814340 0.6031572222709656 11
1744746814360 0.5995253920555115 12
1744746814380 0.5213891863822937 13
1744746814401 0.5006127953529358 14
1744746895433 0.6141892671585083 0
1744746895454 0.7048320770263672 1
1744746895474 0.576551616191864 2
1744746895495 0.6550175547599792 3
1744746895515 0.5634176731109619 4
1744746895537 0.5639458894729614 5
1744746895558 0.6366430521011353 6
1744746895579 0.6176299452781677 7
1744746895601 0.6627283096313477 8
1744746895624 0.5302265882492065 9
1744746895645 0.6474031805992126 10
1744746895668 0.5563144087791443 11
1744746895692 0.5744205713272095 12
1744746895716 0.5863255262374878 13
1744746895737 0.5820581912994385 14
1744746973336 0.5975240468978882 0
1744746973356 0.5915093421936035 1
1744746973378 0.5377296805381775 2
1744746973399 0.6489195227622986 3
1744746973422 0.5877927541732788 4
1744746973445 0.6451255083084106 5
1744746973467 0.551334023475647 6
1744746973487 0.7761033773422241 7
1744746973507 0.6827887296676636 8
1744746973526 0.60488361120224 9
1744746973548 0.650873064994812 10
1744746973571 0.6500623226165771 11
1744746973591 0.6643846035003662 12
1744746973613 0.8442498445510864 13
1744746973633 0.707731306552887 14
1744747050964 0.5528854727745056 0
1744747050984 0.6864001154899597 1
1744747051004 0.7318795919418335 2
1744747051024 0.7528049945831299 3
1744747051045 0.6794925332069397 4
1744747051064 0.5097461342811584 5
1744747051085 0.628936767578125 6
1744747051105 0.5576011538505554 7
1744747051126 0.6559086441993713 8
1744747051148 0.5320706367492676 9
1744747051168 0.5917103290557861 10
1744747051189 0.6461922526359558 11
1744747051209 0.626142144203186 12
1744747051229 0.6543184518814087 13
1744747051267 0.7794380784034729 14
1744747129269 0.6228345036506653 0
1744747129291 0.6004358530044556 1
1744747129312 0.5083541870117188 2
1744747129334 0.682543158531189 3
1744747129355 0.6086692810058594 4
1744747129377 0.6573730111122131 5
1744747129397 0.6272434592247009 6
1744747129418 0.5682470798492432 7
1744747129439 0.6936152577400208 8
1744747129461 0.7372274398803711 9
1744747129483 0.6179290413856506 10
1744747129505 0.5205276608467102 11
1744747129529 0.5591239333152771 12
1744747129551 0.4711659550666809 13
1744747129574 0.6610097885131836 14
1744747208438 0.6723052263259888 0
1744747208462 0.603294312953949 1
1744747208484 0.8679287433624268 2
1744747208507 0.5429762601852417 3
1744747208530 0.6771674752235413 4
1744747208551 0.5592430233955383 5
1744747208573 0.7835201025009155 6
1744747208594 0.48786741495132446 7
1744747208617 0.6398061513900757 8
1744747208638 0.7079416513442993 9
1744747208662 0.6732661128044128 10
1744747208685 0.6079925894737244 11
1744747208707 0.6192888021469116 12
1744747208728 0.6630033254623413 13
1744747208749 0.7369083762168884 14
1744747287470 0.5931755900382996 0
1744747287503 0.6523727178573608 1
1744747287537 0.5865201354026794 2
1744747287573 0.6261240243911743 3
1744747287606 0.49812114238739014 4
1744747287638 0.5929012894630432 5
1744747287669 0.810471773147583 6
1744747287702 0.6689252257347107 7
1744747287734 0.6435927152633667 8
1744747287754 0.6532196402549744 9
1744747287778 0.5450618267059326 10
1744747287798 0.6236757040023804 11
1744747287818 0.7160075306892395 12
1744747287838 0.6571562886238098 13
1744747287858 0.6138297319412231 14
1744747362931 0.6137665510177612 0
1744747362953 0.6843104958534241 1
1744747362976 0.7004983425140381 2
1744747363002 0.6818870902061462 3
1744747363032 0.6958382725715637 4
1744747363053 0.5709691643714905 5
1744747363075 0.7114334106445312 6
1744747363095 0.6207873821258545 7
1744747363116 0.5481613874435425 8
1744747363136 0.69302898645401 9
1744747363160 0.6446211934089661 10
1744747363185 0.6535900831222534 11
1744747363205 0.5802664160728455 12
1744747363226 0.8283644318580627 13
1744747363248 0.595191240310669 14
1744747440651 0.6598473787307739 0
1744747440672 0.5456112027168274 1
1744747440692 0.6489399671554565 2
1744747440713 0.6481723189353943 3
1744747440732 0.5489552021026611 4
1744747440753 0.64570152759552 5
1744747440773 0.6219543218612671 6
1744747440793 0.5831434726715088 7
1744747440816 0.680404782295227 8
1744747440835 0.6615902781486511 9
1744747440855 0.6008970737457275 10
1744747440875 0.6602493524551392 11
1744747440896 0.6006065607070923 12
1744747440916 0.597041130065918 13
1744747440936 0.6750586032867432 14
1744747517356 0.5846433639526367 0
1744747517386 0.6658670902252197 1
1744747517416 0.6616974472999573 2
1744747517444 0.6111739277839661 3
1744747517474 0.7265401482582092 4
1744747517513 0.5674289464950562 5
1744747517542 0.5843673348426819 6
1744747517572 0.6440815329551697 7
1744747517605 0.6098393201828003 8
1744747517635 0.7155695557594299 9
1744747517665 0.6784970760345459 10
1744747517696 0.6543753743171692 11
1744747517726 0.6339514255523682 12
1744747517755 0.5892540812492371 13
1744747517788 0.7714672088623047 14
1744747595604 0.5787211060523987 0
1744747595626 0.5123249292373657 1
1744747595648 0.631740927696228 2
1744747595671 0.6082122325897217 3
1744747595694 0.6512899398803711 4
1744747595715 0.4752829968929291 5
1744747595735 0.6841049790382385 6
1744747595757 0.6352875828742981 7
1744747595781 0.6052146553993225 8
1744747595802 0.7887698411941528 9
1744747595826 0.7866483926773071 10
1744747595848 0.4591549038887024 11
1744747595869 0.4814600348472595 12
1744747595890 0.5712895393371582 13
1744747595911 0.669009804725647 14
1744747673725 0.6719495058059692 0
1744747673744 0.6396350860595703 1
1744747673764 0.5109819769859314 2
1744747673784 0.6101037263870239 3
1744747673802 0.6614209413528442 4
1744747673822 0.6284620761871338 5
1744747673842 0.616912841796875 6
1744747673862 0.8306819200515747 7
1744747673886 0.6138460636138916 8
1744747673906 0.790805459022522 9
1744747673932 0.5575050711631775 10
1744747673955 0.7236546874046326 11
1744747673975 0.6262406706809998 12
1744747673995 0.5304540395736694 13
1744747674015 0.6156651973724365 14
1744747752070 0.7200520634651184 0
1744747752108 0.6280224919319153 1
1744747752142 0.6777797341346741 2
1744747752181 0.49444979429244995 3
1744747752217 0.6384877562522888 4
1744747752252 0.5970631241798401 5
1744747752280 0.6385522484779358 6
1744747752310 0.6842540502548218 7
1744747752331 0.5120250582695007 8
1744747752355 0.6000370383262634 9
1744747752377 0.42892882227897644 10
1744747752400 0.6814927458763123 11
1744747752421 0.6335931420326233 12
1744747752442 0.8958691954612732 13
1744747752464 0.6496372222900391 14
1744747829972 0.8104285001754761 0
1744747829992 0.8003019094467163 1
1744747830014 0.6114677786827087 2
1744747830033 0.6562442183494568 3
1744747830059 0.6711428761482239 4
1744747830086 0.5433877110481262 5
1744747830107 0.633653998374939 6
1744747830127 0.693556547164917 7
1744747830148 0.5648408532142639 8
1744747830174 0.4577123522758484 9
1744747830197 0.5314645767211914 10
1744747830217 0.6565407514572144 11
1744747830238 0.6660560369491577 12
1744747830259 0.6468438506126404 13
1744747830279 0.7613778710365295 14
1744747909467 0.532609224319458 0
1744747909488 0.6192989945411682 1
1744747909508 0.6493057608604431 2
1744747909531 0.7221673727035522 3
1744747909553 0.5919047594070435 4
1744747909576 0.6299514770507812 5
1744747909598 0.687611997127533 6
1744747909621 0.5121001601219177 7
1744747909644 0.7148823142051697 8
1744747909664 0.6725834608078003 9
1744747909685 0.7180884480476379 10
1744747909705 0.7740523815155029 11
1744747909725 0.6207520961761475 12
1744747909745 0.7623571157455444 13
1744747909766 0.6175909042358398 14
1744747987286 0.6743295192718506 0
1744747987308 0.5422528386116028 1
1744747987329 0.6444876790046692 2
1744747987350 0.5833122134208679 3
1744747987372 0.5810788869857788 4
1744747987394 0.7339852452278137 5
1744747987417 0.5801210403442383 6
1744747987442 0.6957597732543945 7
1744747987462 0.7525112628936768 8
1744747987486 0.5399150252342224 9
1744747987508 0.7046310901641846 10
1744747987530 0.6405912041664124 11
1744747987551 0.7166708707809448 12
1744747987572 0.6786600351333618 13
1744747987596 0.7631877064704895 14
1744748066332 0.7199782729148865 0
1744748066356 0.6417810916900635 1
1744748066377 0.693318247795105 2
1744748066398 0.6896003484725952 3
1744748066423 0.7489766478538513 4
1744748066446 0.6554158329963684 5
1744748066469 0.5807744264602661 6
1744748066491 0.7024857401847839 7
1744748066512 0.6482884883880615 8
1744748066532 0.7301927804946899 9
1744748066553 0.6474018692970276 10
1744748066574 0.6038486957550049 11
1744748066596 0.5606318116188049 12
1744748066617 0.7625861763954163 13
1744748066638 0.706336259841919 14
1744748144666 0.8028244376182556 0
1744748144701 0.7208742499351501 1
1744748144737 0.6888895630836487 2
1744748144770 0.5227911472320557 3
1744748144807 0.5586379170417786 4
1744748144843 0.6441457271575928 5
1744748144881 0.7190324068069458 6
1744748144913 0.7013679146766663 7
1744748144945 0.6962074637413025 8
1744748144977 0.6903606057167053 9
1744748145010 0.6350304484367371 10
1744748145041 0.525119423866272 11
1744748145076 0.5831025242805481 12
1744748145109 0.5305750370025635 13
1744748145159 0.7032938003540039 14
1744748221986 0.5442584753036499 0
1744748222007 0.5673559308052063 1
1744748222038 0.6611944437026978 2
1744748222064 0.5486825108528137 3
1744748222087 0.6948305368423462 4
1744748222109 0.8241603374481201 5
1744748222140 0.6895685195922852 6
1744748222162 0.6708190441131592 7
1744748222185 0.6505497694015503 8
1744748222212 0.667640745639801 9
1744748222239 0.6544402837753296 10
1744748222262 0.7016181945800781 11
1744748222284 0.5885293483734131 12
1744748222305 0.709135890007019 13
1744748222329 0.675315797328949 14
1744748302877 0.6444636583328247 0
1744748302899 0.6463323831558228 1
1744748302921 0.6524432897567749 2
1744748302941 0.6911339163780212 3
1744748302962 0.6620151996612549 4
1744748302983 0.7173599004745483 5
1744748303004 0.6724669933319092 6
1744748303025 0.7820114493370056 7
1744748303059 0.6984364986419678 8
1744748303093 0.7624555826187134 9
1744748303130 0.6087221503257751 10
1744748303162 0.6879832148551941 11
1744748303206 0.6246958374977112 12
1744748303238 0.5923365354537964 13
1744748303276 0.6703319549560547 14
1744748381303 0.6286628246307373 0
1744748381323 0.6802513599395752 1
1744748381344 0.6347898244857788 2
1744748381364 0.6357439756393433 3
1744748381387 0.6070289015769958 4
1744748381407 0.647101104259491 5
1744748381428 0.6442824006080627 6
1744748381448 0.6313894987106323 7
1744748381469 0.6902694702148438 8
1744748381490 0.6237237453460693 9
1744748381511 0.6735155582427979 10
1744748381530 0.7447210550308228 11
1744748381551 0.7121979594230652 12
1744748381572 0.5873764753341675 13
1744748381593 0.6343316435813904 14
1744748459123 0.6520892381668091 0
1744748459144 0.539600670337677 1
1744748459167 0.6876582503318787 2
1744748459191 0.6204535961151123 3
1744748459211 0.7644920945167542 4
1744748459232 0.5638388395309448 5
1744748459254 0.6726366877555847 6
1744748459278 0.7240720391273499 7
1744748459309 0.7230414152145386 8
1744748459329 0.6785129904747009 9
1744748459350 0.5830234885215759 10
1744748459371 0.7411298155784607 11
1744748459392 0.5945534706115723 12
1744748459413 0.6772364377975464 13
1744748459434 0.5707525610923767 14
1744748538072 0.6504936218261719 0
1744748538094 0.7415851950645447 1
1744748538114 0.5867475867271423 2
1744748538135 0.5776728987693787 3
1744748538159 0.6051082015037537 4
1744748538182 0.5759034752845764 5
1744748538205 0.7359679341316223 6
1744748538226 0.7085993885993958 7
1744748538247 0.6098228693008423 8
1744748538269 0.6397399306297302 9
1744748538294 0.7064695358276367 10
1744748538315 0.6011120080947876 11
1744748538337 0.6852291822433472 12
1744748538360 0.6130414009094238 13
1744748538387 0.5733876824378967 14
1744748616449 0.665489912033081 0
1744748616470 0.6678632497787476 1
1744748616490 0.7424213886260986 2
1744748616510 0.7083604335784912 3
1744748616531 0.6722568869590759 4
1744748616552 0.573846697807312 5
1744748616573 0.6530075669288635 6
1744748616594 0.6976921558380127 7
1744748616618 0.584993302822113 8
1744748616638 0.64634108543396 9
1744748616658 0.6911757588386536 10
1744748616678 0.6700732707977295 11
1744748616699 0.6360683441162109 12
1744748616721 0.7076276540756226 13
1744748616742 0.6160545349121094 14
1744748693989 0.8074979186058044 0
1744748694022 0.6184440851211548 1
1744748694056 0.6623541712760925 2
1744748694090 0.579251766204834 3
1744748694122 0.6462857127189636 4
1744748694152 0.5527404546737671 5
1744748694185 0.6908251047134399 6
1744748694215 0.7506939768791199 7
1744748694246 0.7806949615478516 8
1744748694284 0.7190074920654297 9
1744748694314 0.673691987991333 10
1744748694343 0.7737754583358765 11
1744748694373 0.5519545078277588 12
1744748694410 0.6765961050987244 13
1744748694441 0.6587101817131042 14
1744748771996 0.6816075444221497 0
1744748772018 0.5759340524673462 1
1744748772038 0.602046012878418 2
1744748772058 0.6244885921478271 3
1744748772080 0.629306435585022 4
1744748772100 0.6844401955604553 5
1744748772120 0.6952593922615051 6
1744748772141 0.6460232138633728 7
1744748772164 0.6911977529525757 8
1744748772190 0.7164627313613892 9
1744748772212 0.7423929572105408 10
1744748772233 0.6258602738380432 11
1744748772253 0.692607045173645 12
1744748772274 0.7148781418800354 13
1744748772295 0.6298059225082397 14
1744748850085 0.8740906119346619 0
1744748850108 0.5779474973678589 1
1744748850128 0.7322418689727783 2
1744748850149 0.7102347016334534 3
1744748850174 0.560998260974884 4
1744748850195 0.616129457950592 5
1744748850216 0.705594003200531 6
1744748850240 0.6912307739257812 7
1744748850263 0.6790453791618347 8
1744748850288 0.7482720017433167 9
1744748850309 0.5966413021087646 10
1744748850331 0.6382770538330078 11
1744748850352 0.7166493535041809 12
1744748850373 0.721549391746521 13
1744748850394 0.6416937708854675 14
1744748927634 0.6569390892982483 0
1744748927655 0.6822007894515991 1
1744748927676 0.8078078627586365 2
1744748927695 0.64388507604599 3
1744748927716 0.7680248618125916 4
1744748927737 0.6586755514144897 5
1744748927758 0.7508599162101746 6
1744748927780 0.9061670899391174 7
1744748927802 0.7016850113868713 8
1744748927823 0.7593482136726379 9
1744748927845 0.7409635186195374 10
1744748927866 0.6551567316055298 11
1744748927885 0.5380961298942566 12
1744748927906 0.7531551122665405 13
1744748927926 0.6009905338287354 14
1744749005593 0.7075780630111694 0
1744749005630 0.6318992376327515 1
1744749005666 0.7016923427581787 2
1744749005689 0.7168360352516174 3
1744749005713 0.7504804134368896 4
1744749005739 0.7251253724098206 5
1744749005760 0.6956503987312317 6
1744749005783 0.680269181728363 7
1744749005806 0.7231622338294983 8
1744749005830 0.6774610877037048 9
1744749005851 0.6601892709732056 10
1744749005873 0.7295140027999878 11
1744749005895 0.7770557403564453 12
1744749005918 0.835848867893219 13
1744749005940 0.6095877885818481 14
1744749084230 0.633163571357727 0
1744749084262 0.49675798416137695 1
1744749084294 0.6774747371673584 2
1744749084324 0.6517768502235413 3
1744749084353 0.6119474172592163 4
1744749084384 0.6590903401374817 5
1744749084418 0.6317470073699951 6
1744749084449 0.638800859451294 7
1744749084479 0.7982470989227295 8
1744749084510 0.8565770387649536 9
1744749084541 0.7406384944915771 10
1744749084573 0.6814946532249451 11
1744749084605 0.9017056226730347 12
1744749084635 0.704330325126648 13
1744749084666 0.5797902941703796 14
1744749161859 0.7804231643676758 0
1744749161885 0.5658037662506104 1
1744749161913 0.613639235496521 2
1744749161937 0.6681206822395325 3
1744749161961 0.6956551671028137 4
1744749161985 0.6256083846092224 5
1744749162007 0.7255812883377075 6
1744749162028 0.8069790601730347 7
1744749162049 0.7861019372940063 8
1744749162073 0.7304826378822327 9
1744749162095 0.674000084400177 10
1744749162116 0.8039346933364868 11
1744749162137 0.7177256941795349 12
1744749162159 0.6024776697158813 13
1744749162181 0.6527642011642456 14
1744749241129 0.8750226497650146 0
1744749241149 0.793228268623352 1
1744749241169 0.5258066654205322 2
1744749241189 0.7830597758293152 3
1744749241210 0.8156229257583618 4
1744749241230 0.6680020689964294 5
1744749241251 0.5843182802200317 6
1744749241280 0.693250298500061 7
1744749241302 0.6710812449455261 8
1744749241322 0.7688054442405701 9
1744749241342 0.7072700262069702 10
1744749241362 0.7640467286109924 11
1744749241384 0.5661215782165527 12
1744749241405 0.6640458703041077 13
1744749241426 0.7053101062774658 14
1744749319444 0.7251383066177368 0
1744749319465 0.6609859466552734 1
1744749319486 0.6753950715065002 2
1744749319508 0.7058979868888855 3
1744749319530 0.700063169002533 4
1744749319552 0.7208237051963806 5
1744749319572 0.7596752643585205 6
1744749319592 0.7031704187393188 7
1744749319618 0.6706437468528748 8
1744749319639 0.8835321664810181 9
1744749319660 0.6618950366973877 10
1744749319680 0.6648815870285034 11
1744749319701 0.595656156539917 12
1744749319724 0.7151120901107788 13
1744749319744 0.9296925067901611 14
1744749397020 0.7203699350357056 0
1744749397041 0.7975627183914185 1
1744749397063 0.723075807094574 2
1744749397084 0.6614381074905396 3
1744749397104 0.7324143052101135 4
1744749397124 0.6111016273498535 5
1744749397145 0.7130610942840576 6
1744749397168 0.6808138489723206 7
1744749397201 0.6452205181121826 8
1744749397226 0.6846279501914978 9
1744749397251 0.7445248365402222 10
1744749397271 0.8477878570556641 11
1744749397294 0.6838182806968689 12
1744749397315 0.6289214491844177 13
1744749397336 0.6901988387107849 14
1744749473184 0.7222238183021545 0
1744749473213 0.778389036655426 1
1744749473246 0.8247724175453186 2
1744749473277 0.7459386587142944 3
1744749473309 0.6898291110992432 4
1744749473349 0.7194160223007202 5
1744749473384 0.6468481421470642 6
1744749473417 0.81733238697052 7
1744749473450 0.6907128691673279 8
1744749473481 0.5876272320747375 9
1744749473515 0.6075946092605591 10
1744749473547 0.6858559250831604 11
1744749473578 0.8797215223312378 12
1744749473609 0.7739365696907043 13
1744749473644 0.8376986384391785 14
1744749551496 0.6832312941551208 0
1744749551517 0.8694130182266235 1
1744749551537 0.5584729313850403 2
1744749551558 0.5925359129905701 3
1744749551579 0.6700013279914856 4
1744749551602 0.63978511095047 5
1744749551623 0.7969827651977539 6
1744749551643 0.7063238620758057 7
1744749551664 0.5003545880317688 8
1744749551684 0.7702922224998474 9
1744749551708 0.8039188981056213 10
1744749551742 0.6605244278907776 11
1744749551769 0.7437590956687927 12
1744749551791 0.7543904781341553 13
1744749551817 0.7016278505325317 14
1744749628861 0.724431037902832 0
1744749628881 0.6448130011558533 1
1744749628904 0.6023446321487427 2
1744749628924 0.6945641040802002 3
1744749628945 0.6360788345336914 4
1744749628967 0.7381605505943298 5
1744749628987 0.6424499750137329 6
1744749629008 0.5579653382301331 7
1744749629029 0.859373152256012 8
1744749629050 0.7692551016807556 9
1744749629076 0.6552751064300537 10
1744749629099 0.7597624063491821 11
1744749629120 0.5936555862426758 12
1744749629140 0.7168725728988647 13
1744749629160 0.7751241326332092 14
1744749706796 0.671432375907898 0
1744749706816 0.7479937672615051 1
1744749706836 0.7241349816322327 2
1744749706862 0.6744178533554077 3
1744749706890 0.716293454170227 4
1744749706912 0.8496979475021362 5
1744749706933 0.8394550681114197 6
1744749706956 0.6925820112228394 7
1744749706977 0.583739161491394 8
1744749707001 0.7745110988616943 9
1744749707021 0.6380096077919006 10
1744749707041 0.6938480734825134 11
1744749707062 0.6656213998794556 12
1744749707082 0.7779499292373657 13
1744749707103 0.7371443510055542 14
1744749784063 0.7647138237953186 0
1744749784095 0.8120146989822388 1
1744749784125 0.6848975419998169 2
1744749784159 0.6151268482208252 3
1744749784198 0.7143049836158752 4
1744749784227 0.6638153791427612 5
1744749784257 0.7881916761398315 6
1744749784287 0.6739451289176941 7
1744749784319 0.743012547492981 8
1744749784350 0.7227388024330139 9
1744749784382 0.6800212264060974 10
1744749784415 0.6298967003822327 11
1744749784448 0.7448387145996094 12
1744749784485 0.5241144299507141 13
1744749784519 0.7811780571937561 14
1744749861077 0.7335534691810608 0
1744749861098 0.6791712641716003 1
1744749861117 0.5054196119308472 2
1744749861138 0.7994428277015686 3
1744749861158 0.7160984873771667 4
1744749861180 0.8233622312545776 5
1744749861200 0.7846540212631226 6
1744749861220 0.6702523827552795 7
1744749861240 0.6242688894271851 8
1744749861260 0.8320801258087158 9
1744749861282 0.8376362323760986 10
1744749861302 0.8460724353790283 11
1744749861322 0.7013372778892517 12
1744749861342 0.6916794180870056 13
1744749861362 0.6295689940452576 14
1744749939003 0.8019616007804871 0
1744749939023 0.9294388294219971 1
1744749939043 0.9463735222816467 2
1744749939064 0.7857313752174377 3
1744749939085 0.63287353515625 4
1744749939104 0.6533746719360352 5
1744749939125 0.8702415823936462 6
1744749939145 0.7030467391014099 7
1744749939169 0.7322060465812683 8
1744749939193 0.7029973268508911 9
1744749939214 0.7290063500404358 10
1744749939234 0.8668726682662964 11
1744749939257 0.6663844585418701 12
1744749939279 0.7461294531822205 13
1744749939300 0.6733657121658325 14
1744750016850 0.691333532333374 0
1744750016871 0.7787472605705261 1
1744750016891 0.8145624399185181 2
1744750016913 0.8621807098388672 3
1744750016933 0.8361802697181702 4
1744750016953 0.7498013377189636 5
1744750016974 0.7615168690681458 6
1744750016994 0.6705536246299744 7
1744750017015 0.6605843901634216 8
1744750017046 0.6972687244415283 9
1744750017068 0.7353734970092773 10
1744750017088 0.6583634614944458 11
1744750017108 0.6693314909934998 12
1744750017128 0.5745470523834229 13
1744750017148 0.6790887117385864 14
1744750094795 0.8134372234344482 0
1744750094816 0.6749487519264221 1
1744750094836 0.8862520456314087 2
1744750094856 0.616169273853302 3
1744750094876 0.7662873864173889 4
1744750094896 0.8157492280006409 5
1744750094918 0.9217088222503662 6
1744750094937 0.8031524419784546 7
1744750094959 0.6441866755485535 8
1744750094980 0.6852734684944153 9
1744750095001 0.6738970279693604 10
1744750095032 0.8150980472564697 11
1744750095052 0.7014359831809998 12
1744750095075 0.7537794709205627 13
1744750095097 0.7626753449440002 14
1744750171488 0.7934389114379883 0
1744750171523 0.7789131999015808 1
1744750171557 0.8344441652297974 2
1744750171589 0.7127867937088013 3
1744750171620 0.7029144763946533 4
1744750171658 0.7345971465110779 5
1744750171690 0.5906096696853638 6
1744750171722 0.7244229912757874 7
1744750171758 0.7297086119651794 8
1744750171791 0.6662587523460388 9
1744750171821 0.6701318025588989 10
1744750171852 0.5168273448944092 11
1744750171883 0.7231417298316956 12
1744750171913 0.6523524522781372 13
1744750171946 0.6953051686286926 14
1744750249413 0.8860512971878052 0
1744750249434 0.6851527690887451 1
1744750249454 0.5523095726966858 2
1744750249475 0.5882937908172607 3
1744750249496 0.7696066498756409 4
1744750249517 0.7577698826789856 5
1744750249539 0.8072180151939392 6
1744750249560 0.7313080430030823 7
1744750249582 0.659747838973999 8
1744750249604 0.5679581761360168 9
1744750249628 0.7888238430023193 10
1744750249648 0.6477596759796143 11
1744750249669 0.8869709372520447 12
1744750249690 0.7239450812339783 13
1744750249710 0.6746973395347595 14
1744750326642 0.8365303874015808 0
1744750326662 0.7898803353309631 1
1744750326681 0.9131699204444885 2
1744750326704 0.8170280456542969 3
1744750326724 0.6747549772262573 4
1744750326745 0.6932820081710815 5
1744750326767 0.7654615640640259 6
1744750326788 0.7695720195770264 7
1744750326808 0.9126354455947876 8
1744750326827 0.7842093110084534 9
1744750326851 0.7899161577224731 10
1744750326871 0.6239274144172668 11
1744750326891 0.6065323352813721 12
1744750326912 0.7374568581581116 13
1744750326932 0.6891259551048279 14
1744750403175 0.7122714519500732 0
1744750403197 0.7417946457862854 1
1744750403218 0.7815036773681641 2
1744750403239 0.6639503836631775 3
1744750403262 0.7112824320793152 4
1744750403282 0.7946053743362427 5
1744750403305 0.8191850185394287 6
1744750403325 0.7616716027259827 7
1744750403345 0.6895161271095276 8
1744750403366 0.5976409316062927 9
1744750403386 0.649904191493988 10
1744750403407 0.6873671412467957 11
1744750403427 0.5922233462333679 12
1744750403447 0.639582097530365 13
1744750403467 0.752787172794342 14
