1744746118704 0.0 0
1744746118724 1.0 1
1744746118746 2.0 2
1744746118766 3.0 3
1744746118786 4.0 4
1744746118806 5.0 5
1744746118827 6.0 6
1744746118891 7.0 7
1744746118938 8.0 8
1744746118973 9.0 9
1744746119002 10.0 10
1744746119023 11.0 11
1744746119046 12.0 12
1744746119067 13.0 13
1744746119089 14.0 14
1744746203679 0.0 0
1744746203702 1.0 1
1744746203722 2.0 2
1744746203744 3.0 3
1744746203764 4.0 4
1744746203784 5.0 5
1744746203805 6.0 6
1744746203825 7.0 7
1744746203846 8.0 8
1744746203866 9.0 9
1744746203903 10.0 10
1744746203935 11.0 11
1744746203969 12.0 12
1744746204007 13.0 13
1744746204037 14.0 14
1744746288732 0.0 0
1744746288752 1.0 1
1744746288779 2.0 2
1744746288805 3.0 3
1744746288825 4.0 4
1744746288847 5.0 5
1744746288868 6.0 6
1744746288889 7.0 7
1744746288911 8.0 8
1744746288933 9.0 9
1744746288969 10.0 10
1744746289002 11.0 11
1744746289037 12.0 12
1744746289072 13.0 13
1744746289101 14.0 14
1744746372749 0.0 0
1744746372769 1.0 1
1744746372791 2.0 2
1744746372811 3.0 3
1744746372830 4.0 4
1744746372850 5.0 5
1744746372874 6.0 6
1744746372910 7.0 7
1744746372945 8.0 8
1744746372978 9.0 9
1744746373009 10.0 10
1744746373041 11.0 11
1744746373074 12.0 12
1744746373104 13.0 13
1744746373133 14.0 14
1744746460950 0.0 0
1744746460983 1.0 1
1744746461014 2.0 2
1744746461044 3.0 3
1744746461075 4.0 4
1744746461107 5.0 5
1744746461137 6.0 6
1744746461176 7.0 7
1744746461217 8.0 8
1744746461257 9.0 9
1744746461292 10.0 10
1744746461324 11.0 11
1744746461361 12.0 12
1744746461395 13.0 13
1744746461429 14.0 14
1744746550719 0.0 0
1744746550755 1.0 1
1744746550791 2.0 2
1744746550836 3.0 3
1744746550875 4.0 4
1744746550905 5.0 5
1744746550937 6.0 6
1744746550968 7.0 7
1744746550997 8.0 8
1744746551028 9.0 9
1744746551057 10.0 10
1744746551088 11.0 11
1744746551117 12.0 12
1744746551147 13.0 13
1744746551185 14.0 14
1744746642088 0.0 0
1744746642119 1.0 1
1744746642149 2.0 2
1744746642185 3.0 3
1744746642217 4.0 4
1744746642249 5.0 5
1744746642282 6.0 6
1744746642311 7.0 7
1744746642341 8.0 8
1744746642375 9.0 9
1744746642407 10.0 10
1744746642448 11.0 11
1744746642488 12.0 12
1744746642541 13.0 13
1744746642576 14.0 14
1744746729047 0.0 0
1744746729077 1.0 1
1744746729107 2.0 2
1744746729136 3.0 3
1744746729167 4.0 4
1744746729199 5.0 5
1744746729229 6.0 6
1744746729259 7.0 7
1744746729289 8.0 8
1744746729320 9.0 9
1744746729349 10.0 10
1744746729380 11.0 11
1744746729409 12.0 12
1744746729437 13.0 13
1744746729467 14.0 14
1744746814104 0.0 0
1744746814126 1.0 1
1744746814146 2.0 2
1744746814171 3.0 3
1744746814193 4.0 4
1744746814213 5.0 5
1744746814233 6.0 6
1744746814256 7.0 7
1744746814276 8.0 8
1744746814297 9.0 9
1744746814319 10.0 10
1744746814340 11.0 11
1744746814360 12.0 12
1744746814380 13.0 13
1744746814401 14.0 14
1744746895433 0.0 0
1744746895454 1.0 1
1744746895474 2.0 2
1744746895495 3.0 3
1744746895515 4.0 4
1744746895537 5.0 5
1744746895558 6.0 6
1744746895579 7.0 7
1744746895601 8.0 8
1744746895624 9.0 9
1744746895645 10.0 10
1744746895668 11.0 11
1744746895692 12.0 12
1744746895716 13.0 13
1744746895737 14.0 14
1744746973336 0.0 0
1744746973356 1.0 1
1744746973378 2.0 2
1744746973399 3.0 3
1744746973422 4.0 4
1744746973445 5.0 5
1744746973467 6.0 6
1744746973487 7.0 7
1744746973507 8.0 8
1744746973526 9.0 9
1744746973548 10.0 10
1744746973571 11.0 11
1744746973591 12.0 12
1744746973613 13.0 13
1744746973633 14.0 14
1744747050964 0.0 0
1744747050984 1.0 1
1744747051004 2.0 2
1744747051024 3.0 3
1744747051045 4.0 4
1744747051064 5.0 5
1744747051085 6.0 6
1744747051105 7.0 7
1744747051126 8.0 8
1744747051148 9.0 9
1744747051168 10.0 10
1744747051189 11.0 11
1744747051209 12.0 12
1744747051229 13.0 13
1744747051267 14.0 14
1744747129269 0.0 0
1744747129291 1.0 1
1744747129312 2.0 2
1744747129334 3.0 3
1744747129355 4.0 4
1744747129377 5.0 5
1744747129397 6.0 6
1744747129418 7.0 7
1744747129439 8.0 8
1744747129461 9.0 9
1744747129483 10.0 10
1744747129505 11.0 11
1744747129529 12.0 12
1744747129551 13.0 13
1744747129574 14.0 14
1744747208438 0.0 0
1744747208462 1.0 1
1744747208484 2.0 2
1744747208507 3.0 3
1744747208530 4.0 4
1744747208551 5.0 5
1744747208573 6.0 6
1744747208594 7.0 7
1744747208617 8.0 8
1744747208638 9.0 9
1744747208662 10.0 10
1744747208685 11.0 11
1744747208707 12.0 12
1744747208728 13.0 13
1744747208749 14.0 14
1744747287470 0.0 0
1744747287503 1.0 1
1744747287537 2.0 2
1744747287573 3.0 3
1744747287606 4.0 4
1744747287638 5.0 5
1744747287669 6.0 6
1744747287702 7.0 7
1744747287734 8.0 8
1744747287754 9.0 9
1744747287778 10.0 10
1744747287798 11.0 11
1744747287818 12.0 12
1744747287838 13.0 13
1744747287858 14.0 14
1744747362931 0.0 0
1744747362953 1.0 1
1744747362976 2.0 2
1744747363002 3.0 3
1744747363032 4.0 4
1744747363053 5.0 5
1744747363075 6.0 6
1744747363095 7.0 7
1744747363116 8.0 8
1744747363136 9.0 9
1744747363160 10.0 10
1744747363185 11.0 11
1744747363205 12.0 12
1744747363226 13.0 13
1744747363248 14.0 14
1744747440651 0.0 0
1744747440672 1.0 1
1744747440692 2.0 2
1744747440713 3.0 3
1744747440732 4.0 4
1744747440753 5.0 5
1744747440773 6.0 6
1744747440793 7.0 7
1744747440816 8.0 8
1744747440835 9.0 9
1744747440855 10.0 10
1744747440875 11.0 11
1744747440896 12.0 12
1744747440916 13.0 13
1744747440936 14.0 14
1744747517356 0.0 0
1744747517386 1.0 1
1744747517416 2.0 2
1744747517444 3.0 3
1744747517474 4.0 4
1744747517513 5.0 5
1744747517542 6.0 6
1744747517572 7.0 7
1744747517605 8.0 8
1744747517635 9.0 9
1744747517665 10.0 10
1744747517696 11.0 11
1744747517726 12.0 12
1744747517755 13.0 13
1744747517788 14.0 14
1744747595604 0.0 0
1744747595626 1.0 1
1744747595648 2.0 2
1744747595671 3.0 3
1744747595694 4.0 4
1744747595715 5.0 5
1744747595735 6.0 6
1744747595757 7.0 7
1744747595781 8.0 8
1744747595802 9.0 9
1744747595826 10.0 10
1744747595848 11.0 11
1744747595869 12.0 12
1744747595890 13.0 13
1744747595911 14.0 14
1744747673725 0.0 0
1744747673744 1.0 1
1744747673764 2.0 2
1744747673784 3.0 3
1744747673802 4.0 4
1744747673822 5.0 5
1744747673842 6.0 6
1744747673862 7.0 7
1744747673886 8.0 8
1744747673906 9.0 9
1744747673932 10.0 10
1744747673955 11.0 11
1744747673975 12.0 12
1744747673995 13.0 13
1744747674015 14.0 14
1744747752070 0.0 0
1744747752108 1.0 1
1744747752142 2.0 2
1744747752181 3.0 3
1744747752217 4.0 4
1744747752252 5.0 5
1744747752280 6.0 6
1744747752310 7.0 7
1744747752331 8.0 8
1744747752355 9.0 9
1744747752377 10.0 10
1744747752400 11.0 11
1744747752421 12.0 12
1744747752442 13.0 13
1744747752464 14.0 14
1744747829972 0.0 0
1744747829992 1.0 1
1744747830014 2.0 2
1744747830033 3.0 3
1744747830059 4.0 4
1744747830086 5.0 5
1744747830107 6.0 6
1744747830127 7.0 7
1744747830148 8.0 8
1744747830174 9.0 9
1744747830197 10.0 10
1744747830217 11.0 11
1744747830238 12.0 12
1744747830259 13.0 13
1744747830279 14.0 14
1744747909467 0.0 0
1744747909488 1.0 1
1744747909508 2.0 2
1744747909531 3.0 3
1744747909553 4.0 4
1744747909576 5.0 5
1744747909598 6.0 6
1744747909621 7.0 7
1744747909644 8.0 8
1744747909664 9.0 9
1744747909685 10.0 10
1744747909705 11.0 11
1744747909725 12.0 12
1744747909745 13.0 13
1744747909766 14.0 14
1744747987286 0.0 0
1744747987308 1.0 1
1744747987329 2.0 2
1744747987350 3.0 3
1744747987372 4.0 4
1744747987394 5.0 5
1744747987417 6.0 6
1744747987442 7.0 7
1744747987462 8.0 8
1744747987486 9.0 9
1744747987508 10.0 10
1744747987530 11.0 11
1744747987551 12.0 12
1744747987572 13.0 13
1744747987596 14.0 14
1744748066332 0.0 0
1744748066356 1.0 1
1744748066377 2.0 2
1744748066398 3.0 3
1744748066423 4.0 4
1744748066446 5.0 5
1744748066469 6.0 6
1744748066491 7.0 7
1744748066512 8.0 8
1744748066532 9.0 9
1744748066553 10.0 10
1744748066574 11.0 11
1744748066596 12.0 12
1744748066617 13.0 13
1744748066638 14.0 14
1744748144666 0.0 0
1744748144701 1.0 1
1744748144737 2.0 2
1744748144770 3.0 3
1744748144807 4.0 4
1744748144843 5.0 5
1744748144881 6.0 6
1744748144913 7.0 7
1744748144945 8.0 8
1744748144977 9.0 9
1744748145010 10.0 10
1744748145041 11.0 11
1744748145076 12.0 12
1744748145109 13.0 13
1744748145159 14.0 14
1744748221986 0.0 0
1744748222007 1.0 1
1744748222038 2.0 2
1744748222064 3.0 3
1744748222087 4.0 4
1744748222109 5.0 5
1744748222140 6.0 6
1744748222162 7.0 7
1744748222185 8.0 8
1744748222212 9.0 9
1744748222239 10.0 10
1744748222262 11.0 11
1744748222284 12.0 12
1744748222305 13.0 13
1744748222329 14.0 14
1744748302877 0.0 0
1744748302899 1.0 1
1744748302921 2.0 2
1744748302941 3.0 3
1744748302962 4.0 4
1744748302983 5.0 5
1744748303004 6.0 6
1744748303025 7.0 7
1744748303059 8.0 8
1744748303093 9.0 9
1744748303130 10.0 10
1744748303162 11.0 11
1744748303206 12.0 12
1744748303238 13.0 13
1744748303276 14.0 14
1744748381303 0.0 0
1744748381323 1.0 1
1744748381344 2.0 2
1744748381364 3.0 3
1744748381387 4.0 4
1744748381407 5.0 5
1744748381428 6.0 6
1744748381448 7.0 7
1744748381469 8.0 8
1744748381490 9.0 9
1744748381511 10.0 10
1744748381530 11.0 11
1744748381551 12.0 12
1744748381572 13.0 13
1744748381593 14.0 14
1744748459123 0.0 0
1744748459144 1.0 1
1744748459167 2.0 2
1744748459191 3.0 3
1744748459211 4.0 4
1744748459232 5.0 5
1744748459254 6.0 6
1744748459278 7.0 7
1744748459309 8.0 8
1744748459329 9.0 9
1744748459350 10.0 10
1744748459371 11.0 11
1744748459392 12.0 12
1744748459413 13.0 13
1744748459434 14.0 14
1744748538072 0.0 0
1744748538094 1.0 1
1744748538114 2.0 2
1744748538135 3.0 3
1744748538159 4.0 4
1744748538182 5.0 5
1744748538205 6.0 6
1744748538226 7.0 7
1744748538247 8.0 8
1744748538269 9.0 9
1744748538294 10.0 10
1744748538315 11.0 11
1744748538337 12.0 12
1744748538360 13.0 13
1744748538387 14.0 14
1744748616449 0.0 0
1744748616470 1.0 1
1744748616490 2.0 2
1744748616510 3.0 3
1744748616531 4.0 4
1744748616552 5.0 5
1744748616573 6.0 6
1744748616594 7.0 7
1744748616618 8.0 8
1744748616638 9.0 9
1744748616658 10.0 10
1744748616678 11.0 11
1744748616699 12.0 12
1744748616721 13.0 13
1744748616742 14.0 14
1744748693989 0.0 0
1744748694022 1.0 1
1744748694056 2.0 2
1744748694090 3.0 3
1744748694122 4.0 4
1744748694152 5.0 5
1744748694185 6.0 6
1744748694215 7.0 7
1744748694246 8.0 8
1744748694284 9.0 9
1744748694314 10.0 10
1744748694343 11.0 11
1744748694373 12.0 12
1744748694410 13.0 13
1744748694441 14.0 14
1744748771996 0.0 0
1744748772018 1.0 1
1744748772038 2.0 2
1744748772058 3.0 3
1744748772080 4.0 4
1744748772100 5.0 5
1744748772120 6.0 6
1744748772141 7.0 7
1744748772164 8.0 8
1744748772190 9.0 9
1744748772212 10.0 10
1744748772233 11.0 11
1744748772253 12.0 12
1744748772274 13.0 13
1744748772295 14.0 14
1744748850085 0.0 0
1744748850108 1.0 1
1744748850128 2.0 2
1744748850149 3.0 3
1744748850174 4.0 4
1744748850195 5.0 5
1744748850216 6.0 6
1744748850240 7.0 7
1744748850263 8.0 8
1744748850288 9.0 9
1744748850309 10.0 10
1744748850331 11.0 11
1744748850352 12.0 12
1744748850373 13.0 13
1744748850394 14.0 14
1744748927634 0.0 0
1744748927655 1.0 1
1744748927676 2.0 2
1744748927695 3.0 3
1744748927716 4.0 4
1744748927737 5.0 5
1744748927758 6.0 6
1744748927780 7.0 7
1744748927802 8.0 8
1744748927823 9.0 9
1744748927845 10.0 10
1744748927866 11.0 11
1744748927885 12.0 12
1744748927906 13.0 13
1744748927926 14.0 14
1744749005593 0.0 0
1744749005630 1.0 1
1744749005666 2.0 2
1744749005689 3.0 3
1744749005713 4.0 4
1744749005739 5.0 5
1744749005760 6.0 6
1744749005783 7.0 7
1744749005806 8.0 8
1744749005830 9.0 9
1744749005851 10.0 10
1744749005873 11.0 11
1744749005895 12.0 12
1744749005918 13.0 13
1744749005940 14.0 14
1744749084230 0.0 0
1744749084262 1.0 1
1744749084294 2.0 2
1744749084324 3.0 3
1744749084353 4.0 4
1744749084384 5.0 5
1744749084418 6.0 6
1744749084449 7.0 7
1744749084479 8.0 8
1744749084510 9.0 9
1744749084541 10.0 10
1744749084573 11.0 11
1744749084605 12.0 12
1744749084635 13.0 13
1744749084666 14.0 14
1744749161859 0.0 0
1744749161885 1.0 1
1744749161913 2.0 2
1744749161937 3.0 3
1744749161961 4.0 4
1744749161985 5.0 5
1744749162007 6.0 6
1744749162028 7.0 7
1744749162049 8.0 8
1744749162073 9.0 9
1744749162095 10.0 10
1744749162116 11.0 11
1744749162137 12.0 12
1744749162159 13.0 13
1744749162181 14.0 14
1744749241129 0.0 0
1744749241149 1.0 1
1744749241169 2.0 2
1744749241189 3.0 3
1744749241210 4.0 4
1744749241230 5.0 5
1744749241251 6.0 6
1744749241280 7.0 7
1744749241302 8.0 8
1744749241322 9.0 9
1744749241342 10.0 10
1744749241362 11.0 11
1744749241384 12.0 12
1744749241405 13.0 13
1744749241426 14.0 14
1744749319444 0.0 0
1744749319465 1.0 1
1744749319486 2.0 2
1744749319508 3.0 3
1744749319530 4.0 4
1744749319552 5.0 5
1744749319572 6.0 6
1744749319592 7.0 7
1744749319618 8.0 8
1744749319639 9.0 9
1744749319660 10.0 10
1744749319680 11.0 11
1744749319701 12.0 12
1744749319724 13.0 13
1744749319744 14.0 14
1744749397020 0.0 0
1744749397041 1.0 1
1744749397063 2.0 2
1744749397084 3.0 3
1744749397104 4.0 4
1744749397124 5.0 5
1744749397145 6.0 6
1744749397168 7.0 7
1744749397201 8.0 8
1744749397226 9.0 9
1744749397251 10.0 10
1744749397271 11.0 11
1744749397294 12.0 12
1744749397315 13.0 13
1744749397336 14.0 14
1744749473184 0.0 0
1744749473213 1.0 1
1744749473246 2.0 2
1744749473277 3.0 3
1744749473309 4.0 4
1744749473349 5.0 5
1744749473384 6.0 6
1744749473417 7.0 7
1744749473450 8.0 8
1744749473481 9.0 9
1744749473515 10.0 10
1744749473547 11.0 11
1744749473578 12.0 12
1744749473609 13.0 13
1744749473644 14.0 14
1744749551496 0.0 0
1744749551517 1.0 1
1744749551537 2.0 2
1744749551558 3.0 3
1744749551579 4.0 4
1744749551602 5.0 5
1744749551623 6.0 6
1744749551643 7.0 7
1744749551664 8.0 8
1744749551684 9.0 9
1744749551708 10.0 10
1744749551742 11.0 11
1744749551769 12.0 12
1744749551791 13.0 13
1744749551817 14.0 14
1744749628861 0.0 0
1744749628881 1.0 1
1744749628904 2.0 2
1744749628924 3.0 3
1744749628945 4.0 4
1744749628967 5.0 5
1744749628987 6.0 6
1744749629008 7.0 7
1744749629029 8.0 8
1744749629050 9.0 9
1744749629076 10.0 10
1744749629099 11.0 11
1744749629120 12.0 12
1744749629140 13.0 13
1744749629160 14.0 14
1744749706796 0.0 0
1744749706816 1.0 1
1744749706836 2.0 2
1744749706862 3.0 3
1744749706890 4.0 4
1744749706912 5.0 5
1744749706933 6.0 6
1744749706956 7.0 7
1744749706977 8.0 8
1744749707001 9.0 9
1744749707021 10.0 10
1744749707041 11.0 11
1744749707062 12.0 12
1744749707082 13.0 13
1744749707103 14.0 14
1744749784063 0.0 0
1744749784095 1.0 1
1744749784125 2.0 2
1744749784159 3.0 3
1744749784198 4.0 4
1744749784227 5.0 5
1744749784257 6.0 6
1744749784287 7.0 7
1744749784319 8.0 8
1744749784350 9.0 9
1744749784382 10.0 10
1744749784415 11.0 11
1744749784448 12.0 12
1744749784485 13.0 13
1744749784519 14.0 14
1744749861077 0.0 0
1744749861098 1.0 1
1744749861117 2.0 2
1744749861138 3.0 3
1744749861158 4.0 4
1744749861180 5.0 5
1744749861200 6.0 6
1744749861220 7.0 7
1744749861240 8.0 8
1744749861260 9.0 9
1744749861282 10.0 10
1744749861302 11.0 11
1744749861322 12.0 12
1744749861342 13.0 13
1744749861362 14.0 14
1744749939003 0.0 0
1744749939023 1.0 1
1744749939043 2.0 2
1744749939064 3.0 3
1744749939085 4.0 4
1744749939104 5.0 5
1744749939125 6.0 6
1744749939145 7.0 7
1744749939169 8.0 8
1744749939193 9.0 9
1744749939214 10.0 10
1744749939234 11.0 11
1744749939257 12.0 12
1744749939279 13.0 13
1744749939300 14.0 14
1744750016850 0.0 0
1744750016871 1.0 1
1744750016891 2.0 2
1744750016913 3.0 3
1744750016933 4.0 4
1744750016953 5.0 5
1744750016974 6.0 6
1744750016994 7.0 7
1744750017015 8.0 8
1744750017046 9.0 9
1744750017068 10.0 10
1744750017088 11.0 11
1744750017108 12.0 12
1744750017128 13.0 13
1744750017148 14.0 14
1744750094795 0.0 0
1744750094816 1.0 1
1744750094836 2.0 2
1744750094856 3.0 3
1744750094876 4.0 4
1744750094896 5.0 5
1744750094918 6.0 6
1744750094937 7.0 7
1744750094959 8.0 8
1744750094980 9.0 9
1744750095001 10.0 10
1744750095032 11.0 11
1744750095052 12.0 12
1744750095075 13.0 13
1744750095097 14.0 14
1744750171488 0.0 0
1744750171523 1.0 1
1744750171557 2.0 2
1744750171589 3.0 3
1744750171620 4.0 4
1744750171658 5.0 5
1744750171690 6.0 6
1744750171722 7.0 7
1744750171758 8.0 8
1744750171791 9.0 9
1744750171821 10.0 10
1744750171852 11.0 11
1744750171883 12.0 12
1744750171913 13.0 13
1744750171946 14.0 14
1744750249413 0.0 0
1744750249434 1.0 1
1744750249454 2.0 2
1744750249475 3.0 3
1744750249496 4.0 4
1744750249517 5.0 5
1744750249539 6.0 6
1744750249560 7.0 7
1744750249582 8.0 8
1744750249604 9.0 9
1744750249628 10.0 10
1744750249648 11.0 11
1744750249669 12.0 12
1744750249690 13.0 13
1744750249710 14.0 14
1744750326642 0.0 0
1744750326662 1.0 1
1744750326681 2.0 2
1744750326704 3.0 3
1744750326724 4.0 4
1744750326745 5.0 5
1744750326767 6.0 6
1744750326788 7.0 7
1744750326808 8.0 8
1744750326827 9.0 9
1744750326851 10.0 10
1744750326871 11.0 11
1744750326891 12.0 12
1744750326912 13.0 13
1744750326932 14.0 14
1744750403175 0.0 0
1744750403197 1.0 1
1744750403218 2.0 2
1744750403239 3.0 3
1744750403262 4.0 4
1744750403282 5.0 5
1744750403305 6.0 6
1744750403325 7.0 7
1744750403345 8.0 8
1744750403366 9.0 9
1744750403386 10.0 10
1744750403407 11.0 11
1744750403427 12.0 12
1744750403447 13.0 13
1744750403467 14.0 14
