1744746118704 32.424983978271484 0
1744746118724 21.005464553833008 1
1744746118746 16.520565032958984 2
1744746118766 14.937257766723633 3
1744746118786 15.148480415344238 4
1744746118806 16.086227416992188 5
1744746118827 14.934420585632324 6
1744746118891 14.458258628845215 7
1744746118938 12.700563430786133 8
1744746118973 12.336023330688477 9
1744746119002 11.852716445922852 10
1744746119023 10.726131439208984 11
1744746119046 9.950685501098633 12
1744746119067 10.099952697753906 13
1744746119089 9.608962059020996 14
1744746203679 9.217409133911133 0
1744746203702 8.504318237304688 1
1744746203722 8.719867706298828 2
1744746203744 7.383427619934082 3
1744746203764 7.577649116516113 4
1744746203784 7.203859329223633 5
1744746203805 7.579472541809082 6
1744746203825 6.863612174987793 7
1744746203846 6.608028411865234 8
1744746203866 5.994321346282959 9
1744746203903 5.762834548950195 10
1744746203935 5.8150434494018555 11
1744746203969 5.542223930358887 12
1744746204007 5.398938179016113 13
1744746204037 4.9073710441589355 14
1744746288732 4.780256271362305 0
1744746288752 6.776244163513184 1
1744746288779 5.218959808349609 2
1744746288805 5.104882717132568 3
1744746288825 4.872625827789307 4
1744746288847 5.1750102043151855 5
1744746288868 4.6336989402771 6
1744746288889 4.084610939025879 7
1744746288911 4.4200358390808105 8
1744746288933 3.9123504161834717 9
1744746288969 4.504864692687988 10
1744746289002 4.227728843688965 11
1744746289037 4.224207878112793 12
1744746289072 3.525604009628296 13
1744746289101 3.696897268295288 14
1744746372749 3.7959182262420654 0
1744746372769 4.936683177947998 1
1744746372791 3.862766981124878 2
1744746372811 3.9275455474853516 3
1744746372830 3.7469687461853027 4
1744746372850 3.912027359008789 5
1744746372874 3.751450777053833 6
1744746372910 3.618716239929199 7
1744746372945 3.6031370162963867 8
1744746372978 3.734790563583374 9
1744746373009 3.409963369369507 10
1744746373041 3.4419729709625244 11
1744746373074 3.18033766746521 12
1744746373104 3.182483196258545 13
1744746373133 3.4023449420928955 14
1744746460950 3.577265739440918 0
1744746460983 4.747442722320557 1
1744746461014 3.4860191345214844 2
1744746461044 3.2966253757476807 3
1744746461075 3.890209436416626 4
1744746461107 4.080181121826172 5
1744746461137 3.393498182296753 6
1744746461176 3.2905960083007812 7
1744746461217 3.1372692584991455 8
1744746461257 3.452104330062866 9
1744746461292 3.1382153034210205 10
1744746461324 3.1637122631073 11
1744746461361 3.028789520263672 12
1744746461395 2.8062493801116943 13
1744746461429 2.944504737854004 14
1744746550719 2.9842936992645264 0
1744746550755 4.716509819030762 1
1744746550791 3.3666064739227295 2
1744746550836 3.279477119445801 3
1744746550875 3.596818685531616 4
1744746550905 3.299461603164673 5
1744746550937 3.2218735218048096 6
1744746550968 3.0034706592559814 7
1744746550997 3.3030753135681152 8
1744746551028 2.988731861114502 9
1744746551057 3.384591579437256 10
1744746551088 2.8548190593719482 11
1744746551117 2.8457605838775635 12
1744746551147 2.7800910472869873 13
1744746551185 3.2051804065704346 14
1744746642088 3.0412943363189697 0
1744746642119 4.5250444412231445 1
1744746642149 3.139411687850952 2
1744746642185 3.2884223461151123 3
1744746642217 3.432436466217041 4
1744746642249 3.349351644515991 5
1744746642282 3.4096601009368896 6
1744746642311 2.9210829734802246 7
1744746642341 2.901323080062866 8
1744746642375 3.316925525665283 9
1744746642407 2.929658889770508 10
1744746642448 2.765671491622925 11
1744746642488 2.7237954139709473 12
1744746642541 2.719931125640869 13
1744746642576 2.7100989818573 14
1744746729047 2.6465225219726562 0
1744746729077 5.0992817878723145 1
1744746729107 2.87070894241333 2
1744746729136 2.9168434143066406 3
1744746729167 3.278794765472412 4
1744746729199 3.4374866485595703 5
1744746729229 2.7346363067626953 6
1744746729259 2.807129383087158 7
1744746729289 2.6457009315490723 8
1744746729320 2.8142781257629395 9
1744746729349 2.8055031299591064 10
1744746729380 2.7500159740448 11
1744746729409 2.6535825729370117 12
1744746729437 2.703369140625 13
1744746729467 2.9516639709472656 14
1744746814104 2.666700601577759 0
1744746814126 4.419946670532227 1
1744746814146 3.249549388885498 2
1744746814171 3.1324257850646973 3
1744746814193 3.2211124897003174 4
1744746814213 3.1795709133148193 5
1744746814233 2.818420886993408 6
1744746814256 3.019174337387085 7
1744746814276 2.9398224353790283 8
1744746814297 2.7190005779266357 9
1744746814319 2.7050540447235107 10
1744746814340 2.8712499141693115 11
1744746814360 2.716021776199341 12
1744746814380 2.5912160873413086 13
1744746814401 2.559227228164673 14
1744746895433 2.5394365787506104 0
1744746895454 4.497100830078125 1
1744746895474 2.616253614425659 2
1744746895495 2.9603335857391357 3
1744746895515 3.1923060417175293 4
1744746895537 2.804964065551758 5
1744746895558 2.7436294555664062 6
1744746895579 2.8290867805480957 7
1744746895601 2.6749520301818848 8
1744746895624 2.947491407394409 9
1744746895645 3.047527313232422 10
1744746895668 2.343658685684204 11
1744746895692 2.511953830718994 12
1744746895716 2.7688684463500977 13
1744746895737 2.4459872245788574 14
1744746973336 2.353259563446045 0
1744746973356 4.47086238861084 1
1744746973378 2.4254493713378906 2
1744746973399 3.3832664489746094 3
1744746973422 3.3699769973754883 4
1744746973445 3.088392496109009 5
1744746973467 2.4743101596832275 6
1744746973487 2.999267339706421 7
1744746973507 3.1552300453186035 8
1744746973526 2.974909782409668 9
1744746973548 2.732642889022827 10
1744746973571 2.434648275375366 11
1744746973591 2.652987480163574 12
1744746973613 3.081652879714966 13
1744746973633 2.6820287704467773 14
1744747050964 2.2340900897979736 0
1744747050984 4.470881938934326 1
1744747051004 2.7697904109954834 2
1744747051024 3.1835837364196777 3
1744747051045 3.242401123046875 4
1744747051064 3.01365065574646 5
1744747051085 2.626469612121582 6
1744747051105 2.5234181880950928 7
1744747051126 2.872022867202759 8
1744747051148 2.970733404159546 9
1744747051168 2.7163467407226562 10
1744747051189 2.7429747581481934 11
1744747051209 2.6288976669311523 12
1744747051229 2.797389030456543 13
1744747051267 2.7455902099609375 14
1744747129269 2.3228118419647217 0
1744747129291 3.627465009689331 1
1744747129312 2.5282862186431885 2
1744747129334 3.010098695755005 3
1744747129355 3.196906328201294 4
1744747129377 2.953125476837158 5
1744747129397 2.57170033454895 6
1744747129418 2.2806808948516846 7
1744747129439 2.762366771697998 8
1744747129461 2.65279483795166 9
1744747129483 2.5804531574249268 10
1744747129505 2.279214859008789 11
1744747129529 2.320239305496216 12
1744747129551 2.2099456787109375 13
1744747129574 2.4151229858398438 14
1744747208438 2.6269171237945557 0
1744747208462 3.761439800262451 1
1744747208484 3.1319870948791504 2
1744747208507 2.751347541809082 3
1744747208530 3.020742416381836 4
1744747208551 2.7039053440093994 5
1744747208573 2.631448268890381 6
1744747208594 2.3833765983581543 7
1744747208617 2.5475730895996094 8
1744747208638 2.785982131958008 9
1744747208662 2.5442700386047363 10
1744747208685 2.222848892211914 11
1744747208707 2.308973789215088 12
1744747208728 2.4380714893341064 13
1744747208749 2.4289445877075195 14
1744747287470 2.2333250045776367 0
1744747287503 3.757795810699463 1
1744747287537 2.2770092487335205 2
1744747287573 2.615983486175537 3
1744747287606 2.501627206802368 4
1744747287638 2.9532625675201416 5
1744747287669 2.785097599029541 6
1744747287702 2.7237448692321777 7
1744747287734 2.8373630046844482 8
1744747287754 2.5378193855285645 9
1744747287778 2.342853307723999 10
1744747287798 2.4273431301116943 11
1744747287818 2.4520537853240967 12
1744747287838 2.4357242584228516 13
1744747287858 2.05592942237854 14
1744747362931 2.506171941757202 0
1744747362953 3.9964146614074707 1
1744747362976 2.5609612464904785 2
1744747363002 2.6292617321014404 3
1744747363032 2.901853322982788 4
1744747363053 2.46163272857666 5
1744747363075 2.4164295196533203 6
1744747363095 2.1644105911254883 7
1744747363116 2.2606942653656006 8
1744747363136 2.601500988006592 9
1744747363160 2.324434518814087 10
1744747363185 2.16397762298584 11
1744747363205 1.9203813076019287 12
1744747363226 2.3664300441741943 13
1744747363248 1.9821470975875854 14
1744747440651 2.383488655090332 0
1744747440672 3.795562982559204 1
1744747440692 2.513309955596924 2
1744747440713 2.508791446685791 3
1744747440732 2.793572425842285 4
1744747440753 3.1993143558502197 5
1744747440773 2.3827872276306152 6
1744747440793 2.05155086517334 7
1744747440816 2.605403423309326 8
1744747440835 2.5448403358459473 9
1744747440855 2.548664093017578 10
1744747440875 2.3435542583465576 11
1744747440896 2.3098666667938232 12
1744747440916 2.2199857234954834 13
1744747440936 2.1059813499450684 14
1744747517356 1.8466840982437134 0
1744747517386 3.2750792503356934 1
1744747517416 2.4817190170288086 2
1744747517444 2.2217087745666504 3
1744747517474 2.58699107170105 4
1744747517513 2.4127745628356934 5
1744747517542 2.322514057159424 6
1744747517572 2.105125665664673 7
1744747517605 2.3729188442230225 8
1744747517635 2.3937559127807617 9
1744747517665 2.464721202850342 10
1744747517696 2.0780482292175293 11
1744747517726 1.975608229637146 12
1744747517755 2.082301616668701 13
1744747517788 2.5727367401123047 14
1744747595604 2.0098659992218018 0
1744747595626 3.2616312503814697 1
1744747595648 2.189448118209839 2
1744747595671 2.109062671661377 3
1744747595694 2.6487860679626465 4
1744747595715 2.0186662673950195 5
1744747595735 2.1210122108459473 6
1744747595757 2.1538076400756836 7
1744747595781 1.9594943523406982 8
1744747595802 2.3810787200927734 9
1744747595826 2.095900774002075 10
1744747595848 1.89283287525177 11
1744747595869 1.6494145393371582 12
1744747595890 1.9945682287216187 13
1744747595911 2.0049705505371094 14
1744747673725 2.055979013442993 0
1744747673744 3.2274954319000244 1
1744747673764 2.211587905883789 2
1744747673784 2.2314770221710205 3
1744747673802 2.3806121349334717 4
1744747673822 2.427454948425293 5
1744747673842 1.983351707458496 6
1744747673862 2.0458061695098877 7
1744747673886 1.8958790302276611 8
1744747673906 2.297623634338379 9
1744747673932 1.936169981956482 10
1744747673955 1.9465521574020386 11
1744747673975 2.0211715698242188 12
1744747673995 1.5825767517089844 13
1744747674015 2.111067771911621 14
1744747752070 1.8811187744140625 0
1744747752108 3.0830025672912598 1
1744747752142 2.1428000926971436 2
1744747752181 1.965857982635498 3
1744747752217 2.361481189727783 4
1744747752252 1.9540634155273438 5
1744747752280 1.8831489086151123 6
1744747752310 1.885055661201477 7
1744747752331 2.0804858207702637 8
1744747752355 2.026925802230835 9
1744747752377 2.073997974395752 10
1744747752400 1.8962613344192505 11
1744747752421 1.9685457944869995 12
1744747752442 2.2368240356445312 13
1744747752464 2.167635202407837 14
1744747829972 2.2895169258117676 0
1744747829992 2.9146246910095215 1
1744747830014 1.7224400043487549 2
1744747830033 2.391298294067383 3
1744747830059 2.3966169357299805 4
1744747830086 1.8100723028182983 5
1744747830107 1.8789217472076416 6
1744747830127 2.0195536613464355 7
1744747830148 1.6452840566635132 8
1744747830174 1.7366093397140503 9
1744747830197 1.9034020900726318 10
1744747830217 1.817129135131836 11
1744747830238 1.963714838027954 12
1744747830259 1.7840620279312134 13
1744747830279 1.8803988695144653 14
1744747909467 1.7343720197677612 0
1744747909488 3.229017734527588 1
1744747909508 2.0775504112243652 2
1744747909531 2.366514205932617 3
1744747909553 2.406747817993164 4
1744747909576 2.2199501991271973 5
1744747909598 1.8558323383331299 6
1744747909621 1.5550947189331055 7
1744747909644 2.062211513519287 8
1744747909664 2.1537394523620605 9
1744747909685 1.9507333040237427 10
1744747909705 1.967814326286316 11
1744747909725 1.5895328521728516 12
1744747909745 1.7857064008712769 13
1744747909766 1.7780570983886719 14
1744747987286 2.0047342777252197 0
1744747987308 2.885301113128662 1
1744747987329 2.5877177715301514 2
1744747987350 1.706419587135315 3
1744747987372 1.8793762922286987 4
1744747987394 2.4768881797790527 5
1744747987417 1.815354824066162 6
1744747987442 1.8549662828445435 7
1744747987462 1.9083607196807861 8
1744747987486 1.6554816961288452 9
1744747987508 1.93617582321167 10
1744747987530 1.52608060836792 11
1744747987551 1.6050708293914795 12
1744747987572 1.6442962884902954 13
1744747987596 1.8419508934020996 14
1744748066332 1.5587882995605469 0
1744748066356 2.99649715423584 1
1744748066377 1.8232249021530151 2
1744748066398 1.9424481391906738 3
1744748066423 2.4144093990325928 4
1744748066446 2.0838160514831543 5
1744748066469 1.7699978351593018 6
1744748066491 1.8746881484985352 7
1744748066512 1.7362544536590576 8
1744748066532 2.081599235534668 9
1744748066553 1.6828575134277344 10
1744748066574 1.6865007877349854 11
1744748066596 1.6289196014404297 12
1744748066617 1.957511305809021 13
1744748066638 1.9934606552124023 14
1744748144666 1.820549488067627 0
1744748144701 2.840776205062866 1
1744748144737 1.7284280061721802 2
1744748144770 1.8925726413726807 3
1744748144807 1.8915727138519287 4
1744748144843 1.5888028144836426 5
1744748144881 1.7636804580688477 6
1744748144913 1.7904508113861084 7
1744748144945 2.0311100482940674 8
1744748144977 1.8635196685791016 9
1744748145010 1.6651341915130615 10
1744748145041 1.4727376699447632 11
1744748145076 1.6892635822296143 12
1744748145109 1.4568809270858765 13
1744748145159 1.5437538623809814 14
1744748221986 1.5677191019058228 0
1744748222007 3.0814390182495117 1
1744748222038 1.7178244590759277 2
1744748222064 1.9261882305145264 3
1744748222087 2.40937876701355 4
1744748222109 2.090606689453125 5
1744748222140 1.6449823379516602 6
1744748222162 1.8598275184631348 7
1744748222185 1.8477150201797485 8
1744748222212 2.0667760372161865 9
1744748222239 1.5687446594238281 10
1744748222262 1.5750972032546997 11
1744748222284 1.5791138410568237 12
1744748222305 1.6384775638580322 13
1744748222329 1.5868521928787231 14
1744748302877 1.544292688369751 0
1744748302899 2.46127986907959 1
1744748302921 1.7774560451507568 2
1744748302941 2.0384225845336914 3
1744748302962 1.9114314317703247 4
1744748302983 1.9918129444122314 5
1744748303004 1.8732330799102783 6
1744748303025 1.849165678024292 7
1744748303059 1.966190218925476 8
1744748303093 2.1240077018737793 9
1744748303130 1.9002423286437988 10
1744748303162 1.6278629302978516 11
1744748303206 1.3981174230575562 12
1744748303238 1.5807430744171143 13
1744748303276 1.5969383716583252 14
1744748381303 1.5670139789581299 0
1744748381323 2.650437831878662 1
1744748381344 1.6935787200927734 2
1744748381364 1.694286823272705 3
1744748381387 1.9142470359802246 4
1744748381407 2.0693724155426025 5
1744748381428 1.6899919509887695 6
1744748381448 1.6937923431396484 7
1744748381469 1.9740961790084839 8
1744748381490 1.9888132810592651 9
1744748381511 1.7675291299819946 10
1744748381530 1.514726161956787 11
1744748381551 1.5696462392807007 12
1744748381572 1.3961974382400513 13
1744748381593 1.5998808145523071 14
1744748459123 1.4271050691604614 0
1744748459144 2.551887035369873 1
1744748459167 1.5777733325958252 2
1744748459191 1.8210861682891846 3
1744748459211 2.1533401012420654 4
1744748459232 1.810275673866272 5
1744748459254 1.5877381563186646 6
1744748459278 1.8127305507659912 7
1744748459309 2.018082618713379 8
1744748459329 1.7202904224395752 9
1744748459350 1.6694973707199097 10
1744748459371 1.5016862154006958 11
1744748459392 1.5235532522201538 12
1744748459413 1.5229488611221313 13
1744748459434 1.3703466653823853 14
1744748538072 1.6038920879364014 0
1744748538094 2.5072827339172363 1
1744748538114 1.4807888269424438 2
1744748538135 1.5796011686325073 3
1744748538159 1.9791110754013062 4
1744748538182 1.8526920080184937 5
1744748538205 1.9102323055267334 6
1744748538226 1.6924151182174683 7
1744748538247 1.709629774093628 8
1744748538269 1.807922124862671 9
1744748538294 1.7543666362762451 10
1744748538315 1.5126923322677612 11
1744748538337 1.5878705978393555 12
1744748538360 1.4565629959106445 13
1744748538387 1.397611379623413 14
1744748616449 1.5375069379806519 0
1744748616470 2.567908525466919 1
1744748616490 1.7671130895614624 2
1744748616510 1.787913203239441 3
1744748616531 2.0456924438476562 4
1744748616552 1.7452136278152466 5
1744748616573 1.4790735244750977 6
1744748616594 1.5806353092193604 7
1744748616618 1.5172700881958008 8
1744748616638 1.6864845752716064 9
1744748616658 1.4573719501495361 10
1744748616678 1.4710906744003296 11
1744748616699 1.3792513608932495 12
1744748616721 1.3283717632293701 13
1744748616742 1.40925133228302 14
1744748693989 1.7052009105682373 0
1744748694022 2.4989025592803955 1
1744748694056 1.6259716749191284 2
1744748694090 1.5975418090820312 3
1744748694122 1.762229084968567 4
1744748694152 1.6003414392471313 5
1744748694185 1.6975700855255127 6
1744748694215 1.642363429069519 7
1744748694246 1.6639460325241089 8
1744748694284 1.6525555849075317 9
1744748694314 1.6431725025177002 10
1744748694343 1.5691078901290894 11
1744748694373 1.4660338163375854 12
1744748694410 1.6384297609329224 13
1744748694441 1.5064033269882202 14
1744748771996 1.357215404510498 0
1744748772018 2.158860206604004 1
1744748772038 1.4570423364639282 2
1744748772058 1.715341567993164 3
1744748772080 1.7121578454971313 4
1744748772100 1.629522442817688 5
1744748772120 1.508453130722046 6
1744748772141 1.6590216159820557 7
1744748772164 1.5181682109832764 8
1744748772190 1.565986156463623 9
1744748772212 1.5445111989974976 10
1744748772233 1.667904019355774 11
1744748772253 1.6073436737060547 12
1744748772274 1.6418943405151367 13
1744748772295 1.3897831439971924 14
1744748850085 1.6126949787139893 0
1744748850108 2.313577175140381 1
1744748850128 1.8122119903564453 2
1744748850149 1.7215694189071655 3
1744748850174 1.7212989330291748 4
1744748850195 1.8146591186523438 5
1744748850216 1.4851202964782715 6
1744748850240 1.4625732898712158 7
1744748850263 1.5502043962478638 8
1744748850288 1.8736958503723145 9
1744748850309 1.5262211561203003 10
1744748850331 1.3132624626159668 11
1744748850352 1.5701745748519897 12
1744748850373 1.5702342987060547 13
1744748850394 1.5542622804641724 14
1744748927634 1.3988866806030273 0
1744748927655 2.100355625152588 1
1744748927676 1.689469814300537 2
1744748927695 1.5210473537445068 3
1744748927716 1.774891972541809 4
1744748927737 1.537414312362671 5
1744748927758 1.514125943183899 6
1744748927780 1.6538296937942505 7
1744748927802 1.5314054489135742 8
1744748927823 1.5969338417053223 9
1744748927845 1.6624789237976074 10
1744748927866 1.4276365041732788 11
1744748927885 1.2222527265548706 12
1744748927906 1.4362850189208984 13
1744748927926 1.4480692148208618 14
1744749005593 1.473397135734558 0
1744749005630 2.0557610988616943 1
1744749005666 1.695036768913269 2
1744749005689 1.645411491394043 3
1744749005713 1.5666310787200928 4
1744749005739 1.6042917966842651 5
1744749005760 1.6114120483398438 6
1744749005783 1.614563226699829 7
1744749005806 1.4800398349761963 8
1744749005830 1.4915320873260498 9
1744749005851 1.497568964958191 10
1744749005873 1.5113999843597412 11
1744749005895 1.49112069606781 12
1744749005918 1.4893267154693604 13
1744749005940 1.364079475402832 14
1744749084230 1.3398263454437256 0
1744749084262 1.9508247375488281 1
1744749084294 1.6073988676071167 2
1744749084324 1.6349178552627563 3
1744749084353 1.7531623840332031 4
1744749084384 1.608626365661621 5
1744749084418 1.449772596359253 6
1744749084449 1.503798246383667 7
1744749084479 1.7643282413482666 8
1744749084510 1.7531360387802124 9
1744749084541 1.5440152883529663 10
1744749084573 1.4226737022399902 11
1744749084605 1.605000376701355 12
1744749084635 1.5862045288085938 13
1744749084666 1.609874963760376 14
1744749161859 1.903733253479004 0
1744749161885 1.96348237991333 1
1744749161913 1.6545807123184204 2
1744749161937 1.4594359397888184 3
1744749161961 1.9092968702316284 4
1744749161985 1.6020177602767944 5
1744749162007 1.648419976234436 6
1744749162028 1.69769287109375 7
1744749162049 1.75006103515625 8
1744749162073 1.8796736001968384 9
1744749162095 1.6470117568969727 10
1744749162116 1.6529722213745117 11
1744749162137 1.4643652439117432 12
1744749162159 1.2606626749038696 13
1744749162181 1.3107421398162842 14
1744749241129 1.8961269855499268 0
1744749241149 2.1420068740844727 1
1744749241169 1.6478941440582275 2
1744749241189 1.6599690914154053 3
1744749241210 2.0670342445373535 4
1744749241230 1.6829030513763428 5
1744749241251 1.4109492301940918 6
1744749241280 1.6496589183807373 7
1744749241302 1.5412416458129883 8
1744749241322 1.6537675857543945 9
1744749241342 1.4886701107025146 10
1744749241362 1.469927191734314 11
1744749241384 1.1975276470184326 12
1744749241405 1.3958302736282349 13
1744749241426 1.3942832946777344 14
1744749319444 1.4648431539535522 0
1744749319465 2.0440430641174316 1
1744749319486 1.4349656105041504 2
1744749319508 1.6925023794174194 3
1744749319530 1.82814621925354 4
1744749319552 1.7181602716445923 5
1744749319572 1.5384390354156494 6
1744749319592 1.5744681358337402 7
1744749319618 1.4797849655151367 8
1744749319639 1.649146556854248 9
1744749319660 1.4702454805374146 10
1744749319680 1.4125475883483887 11
1744749319701 1.2243397235870361 12
1744749319724 1.488325834274292 13
1744749319744 1.6273627281188965 14
1744749397020 1.4980860948562622 0
1744749397041 2.448650598526001 1
1744749397063 1.4417345523834229 2
1744749397084 1.4647963047027588 3
1744749397104 1.970942497253418 4
1744749397124 1.583052396774292 5
1744749397145 1.550323724746704 6
1744749397168 1.6713318824768066 7
1744749397201 1.626368522644043 8
1744749397226 1.6972967386245728 9
1744749397251 1.5520190000534058 10
1744749397271 1.712234616279602 11
1744749397294 1.4374568462371826 12
1744749397315 1.4083185195922852 13
1744749397336 1.4727585315704346 14
1744749473184 1.599571943283081 0
1744749473213 2.0925686359405518 1
1744749473246 1.6326195001602173 2
1744749473277 1.4651515483856201 3
1744749473309 1.669584035873413 4
1744749473349 1.534187912940979 5
1744749473384 1.3157154321670532 6
1744749473417 1.6523486375808716 7
1744749473450 1.518041729927063 8
1744749473481 1.244167447090149 9
1744749473515 1.2825310230255127 10
1744749473547 1.3502585887908936 11
1744749473578 1.530491590499878 12
1744749473609 1.3637272119522095 13
1744749473644 1.41197669506073 14
1744749551496 1.2755534648895264 0
1744749551517 2.275684118270874 1
1744749551537 1.3788727521896362 2
1744749551558 1.5381635427474976 3
1744749551579 1.585774540901184 4
1744749551602 1.5527616739273071 5
1744749551623 1.6019511222839355 6
1744749551643 1.4045178890228271 7
1744749551664 1.3135830163955688 8
1744749551684 1.6834460496902466 9
1744749551708 1.772960901260376 10
1744749551742 1.3274375200271606 11
1744749551769 1.543351173400879 12
1744749551791 1.5095351934432983 13
1744749551817 1.4679453372955322 14
1744749628861 1.5853307247161865 0
1744749628881 1.8991955518722534 1
1744749628904 1.3523703813552856 2
1744749628924 1.6791059970855713 3
1744749628945 1.6827504634857178 4
1744749628967 1.4814199209213257 5
1744749628987 1.3405413627624512 6
1744749629008 1.2943896055221558 7
1744749629029 1.6370899677276611 8
1744749629050 1.6043188571929932 9
1744749629076 1.3382973670959473 10
1744749629099 1.6040712594985962 11
1744749629120 1.3009989261627197 12
1744749629140 1.4240403175354004 13
1744749629160 1.6740748882293701 14
1744749706796 1.2911837100982666 0
1744749706816 2.031780481338501 1
1744749706836 1.5005674362182617 2
1744749706862 1.496159315109253 3
1744749706890 1.7308552265167236 4
1744749706912 1.5964046716690063 5
1744749706933 1.6316636800765991 6
1744749706956 1.5338383913040161 7
1744749706977 1.4484871625900269 8
1744749707001 1.61964750289917 9
1744749707021 1.40827214717865 10
1744749707041 1.4269895553588867 11
1744749707062 1.5349876880645752 12
1744749707082 1.622100830078125 13
1744749707103 1.4998393058776855 14
1744749784063 1.692687749862671 0
1744749784095 2.048823833465576 1
1744749784125 1.4438568353652954 2
1744749784159 1.401782512664795 3
1744749784198 1.6222347021102905 4
1744749784227 1.429730772972107 5
1744749784257 1.508111596107483 6
1744749784287 1.325825810432434 7
1744749784319 1.4756135940551758 8
1744749784350 1.4726721048355103 9
1744749784382 1.3747918605804443 10
1744749784415 1.3739396333694458 11
1744749784448 1.4463977813720703 12
1744749784485 1.133850336074829 13
1744749784519 1.4787752628326416 14
1744749861077 1.4542735815048218 0
1744749861098 1.7725870609283447 1
1744749861117 1.1922850608825684 2
1744749861138 1.436645746231079 3
1744749861158 1.679495096206665 4
1744749861180 1.4817829132080078 5
1744749861200 1.535225510597229 6
1744749861220 1.3167321681976318 7
1744749861240 1.5452754497528076 8
1744749861260 1.6157722473144531 9
1744749861282 1.5621627569198608 10
1744749861302 1.4070066213607788 11
1744749861322 1.3147165775299072 12
1744749861342 1.4604681730270386 13
1744749861362 1.3160064220428467 14
1744749939003 1.5558439493179321 0
1744749939023 2.0744519233703613 1
1744749939043 1.6810321807861328 2
1744749939064 1.5705182552337646 3
1744749939085 1.5722532272338867 4
1744749939104 1.5100197792053223 5
1744749939125 1.591324806213379 6
1744749939145 1.3020424842834473 7
1744749939169 1.5281617641448975 8
1744749939193 1.4202063083648682 9
1744749939214 1.4456193447113037 10
1744749939234 1.5014280080795288 11
1744749939257 1.4296759366989136 12
1744749939279 1.3752597570419312 13
1744749939300 1.3618865013122559 14
1744750016850 1.2770482301712036 0
1744750016871 1.9697599411010742 1
1744750016891 1.4322903156280518 2
1744750016913 1.6446815729141235 3
1744750016933 1.6140902042388916 4
1744750016953 1.4616974592208862 5
1744750016974 1.4168083667755127 6
1744750016994 1.3835670948028564 7
1744750017015 1.4491968154907227 8
1744750017046 1.429356575012207 9
1744750017068 1.5803585052490234 10
1744750017088 1.2078802585601807 11
1744750017108 1.2891708612442017 12
1744750017128 1.354161262512207 13
1744750017148 1.3566057682037354 14
1744750094795 1.5671348571777344 0
1744750094816 1.870119571685791 1
1744750094836 1.685295820236206 2
1744750094856 1.5421278476715088 3
1744750094876 1.7437509298324585 4
1744750094896 1.7275527715682983 5
1744750094918 1.6091400384902954 6
1744750094937 1.5878572463989258 7
1744750094959 1.271802306175232 8
1744750094980 1.544469952583313 9
1744750095001 1.4247379302978516 10
1744750095032 1.4446245431900024 11
1744750095052 1.2358098030090332 12
1744750095075 1.311821460723877 13
1744750095097 1.4252930879592896 14
1744750171488 1.3331621885299683 0
1744750171523 1.9258719682693481 1
1744750171557 1.6152079105377197 2
1744750171589 1.504607081413269 3
1744750171620 1.507791519165039 4
1744750171658 1.5477663278579712 5
1744750171690 1.1235753297805786 6
1744750171722 1.4871318340301514 7
1744750171758 1.611811876296997 8
1744750171791 1.3692622184753418 9
1744750171821 1.3632313013076782 10
1744750171852 1.1982102394104004 11
1744750171883 1.3401137590408325 12
1744750171913 1.3263881206512451 13
1744750171946 1.3912016153335571 14
1744750249413 1.5868432521820068 0
1744750249434 1.9302129745483398 1
1744750249454 1.3710591793060303 2
1744750249475 1.4083025455474854 3
1744750249496 1.8419716358184814 4
1744750249517 1.7445422410964966 5
1744750249539 1.6613376140594482 6
1744750249560 1.6411211490631104 7
1744750249582 1.529632806777954 8
1744750249604 1.4145746231079102 9
1744750249628 1.699994683265686 10
1744750249648 1.415374517440796 11
1744750249669 1.5993146896362305 12
1744750249690 1.3772501945495605 13
1744750249710 1.3558598756790161 14
1744750326642 1.6776626110076904 0
1744750326662 1.9258999824523926 1
1744750326681 1.8319344520568848 2
1744750326704 1.5803587436676025 3
1744750326724 1.4602086544036865 4
1744750326745 1.496358036994934 5
1744750326767 1.5871611833572388 6
1744750326788 1.4762780666351318 7
1744750326808 1.6493933200836182 8
1744750326827 1.6757107973098755 9
1744750326851 1.5689947605133057 10
1744750326871 1.2449146509170532 11
1744750326891 1.2992892265319824 12
1744750326912 1.4471614360809326 13
1744750326932 1.4951525926589966 14
1744750403175 1.4275712966918945 0
1744750403197 1.9287302494049072 1
1744750403218 1.5688726902008057 2
1744750403239 1.4755975008010864 3
1744750403262 1.5060133934020996 4
1744750403282 1.5485212802886963 5
1744750403305 1.6758272647857666 6
1744750403325 1.5194669961929321 7
1744750403345 1.5480308532714844 8
1744750403366 1.4487887620925903 9
1744750403386 1.4425722360610962 10
1744750403407 1.4535627365112305 11
1744750403427 1.29862642288208 12
1744750403447 1.3134253025054932 13
1744750403467 1.587715744972229 14
