1744746118704 105.30140686035156 0
1744746118724 67.2646484375 1
1744746118746 52.327003479003906 2
1744746118766 47.1762580871582 3
1744746118786 47.72312927246094 4
1744746118806 50.777671813964844 5
1744746118827 46.991943359375 6
1744746118891 45.55817413330078 7
1744746118938 39.870731353759766 8
1744746118973 38.45459747314453 9
1744746119002 36.82498550415039 10
1744746119023 33.029457092285156 11
1744746119046 30.56096649169922 12
1744746119067 30.879024505615234 13
1744746119089 29.574363708496094 14
1744746203679 28.1962833404541 0
1744746203702 25.667266845703125 1
1744746203722 26.35578155517578 2
1744746203744 21.86304473876953 3
1744746203764 22.598224639892578 4
1744746203784 21.47670555114746 5
1744746203805 22.47800064086914 6
1744746203825 20.193275451660156 7
1744746203846 19.435455322265625 8
1744746203866 17.15421485900879 9
1744746203903 16.439170837402344 10
1744746203935 16.72027015686035 11
1744746203969 15.630035400390625 12
1744746204007 15.455900192260742 13
1744746204037 13.880356788635254 14
1744746288732 13.31452465057373 0
1744746288752 19.99614906311035 1
1744746288779 14.679012298583984 2
1744746288805 14.245166778564453 3
1744746288825 13.636006355285645 4
1744746288847 14.288604736328125 5
1744746288868 13.123068809509277 6
1744746288889 10.934382438659668 7
1744746288911 11.78256607055664 8
1744746288933 10.191488265991211 9
1744746288969 12.232903480529785 10
1744746289002 11.628067970275879 11
1744746289037 11.240718841552734 12
1744746289072 9.029231071472168 13
1744746289101 9.627592086791992 14
1744746372749 9.508552551269531 0
1744746372769 13.590376853942871 1
1744746372791 9.936172485351562 2
1744746372811 10.172445297241211 3
1744746372830 9.650150299072266 4
1744746372850 10.003705024719238 5
1744746372874 9.676674842834473 6
1744746372910 8.787830352783203 7
1744746372945 8.991121292114258 8
1744746372978 9.362698554992676 9
1744746373009 8.415773391723633 10
1744746373041 8.70493221282959 11
1744746373074 8.0167236328125 12
1744746373104 7.906747817993164 13
1744746373133 8.648399353027344 14
1744746460950 8.835933685302734 0
1744746460983 12.808189392089844 1
1744746461014 8.849526405334473 2
1744746461044 7.936717510223389 3
1744746461075 9.597858428955078 4
1744746461107 10.434722900390625 5
1744746461137 8.263212203979492 6
1744746461176 7.769272804260254 7
1744746461217 7.608279228210449 8
1744746461257 8.289310455322266 9
1744746461292 7.658694744110107 10
1744746461324 7.584317684173584 11
1744746461361 6.599703788757324 12
1744746461395 6.340131759643555 13
1744746461429 6.833788871765137 14
1744746550719 6.83521032333374 0
1744746550755 12.621993064880371 1
1744746550791 8.14119815826416 2
1744746550836 7.715800762176514 3
1744746550875 8.86797046661377 4
1744746550905 7.8759284019470215 5
1744746550937 7.195332050323486 6
1744746550968 6.748757839202881 7
1744746550997 7.820876121520996 8
1744746551028 6.935773849487305 9
1744746551057 7.554769039154053 10
1744746551088 6.247771739959717 11
1744746551117 6.680845737457275 12
1744746551147 6.142870903015137 13
1744746551185 7.361301422119141 14
1744746642088 6.708408355712891 0
1744746642119 11.104879379272461 1
1744746642149 7.549589157104492 2
1744746642185 7.571856498718262 3
1744746642217 8.166278839111328 4
1744746642249 7.538366794586182 5
1744746642282 8.445470809936523 6
1744746642311 6.6835832595825195 7
1744746642341 6.176871299743652 8
1744746642375 7.605624675750732 9
1744746642407 6.481966972351074 10
1744746642448 5.87509298324585 11
1744746642488 5.874727249145508 12
1744746642541 5.510805606842041 13
1744746642576 5.928441524505615 14
1744746729047 5.755336761474609 0
1744746729077 13.482707977294922 1
1744746729107 6.253462314605713 2
1744746729136 6.566634178161621 3
1744746729167 7.715327262878418 4
1744746729199 7.915434837341309 5
1744746729229 5.664276123046875 6
1744746729259 6.063054084777832 7
1744746729289 5.5863165855407715 8
1744746729320 5.792405128479004 9
1744746729349 5.708958148956299 10
1744746729380 5.822583198547363 11
1744746729409 5.375984191894531 12
1744746729437 6.127421855926514 13
1744746729467 5.8482279777526855 14
1744746814104 5.629157066345215 0
1744746814126 10.711137771606445 1
1744746814146 7.1606926918029785 2
1744746814171 7.197728633880615 3
1744746814193 7.486452102661133 4
1744746814213 7.084791660308838 5
1744746814233 6.141876220703125 6
1744746814256 6.261186122894287 7
1744746814276 6.809972763061523 8
1744746814297 5.806332588195801 9
1744746814319 5.403682708740234 10
1744746814340 6.121278762817383 11
1744746814360 5.843161582946777 12
1744746814380 5.665171146392822 13
1744746814401 5.344348907470703 14
1744746895433 5.082677841186523 0
1744746895454 11.147294044494629 1
1744746895474 5.350375175476074 2
1744746895495 6.183406352996826 3
1744746895515 7.1560258865356445 4
1744746895537 6.105008602142334 5
1744746895558 5.545198917388916 6
1744746895579 5.748342514038086 7
1744746895601 5.024213790893555 8
1744746895624 6.381885528564453 9
1744746895645 6.41550350189209 10
1744746895668 4.568597793579102 11
1744746895692 5.035234451293945 12
1744746895716 5.525814056396484 13
1744746895737 4.915471076965332 14
1744746973336 4.276172161102295 0
1744746973356 11.340066909790039 1
1744746973378 4.695742607116699 2
1744746973399 7.3731303215026855 3
1744746973422 7.477852821350098 4
1744746973445 6.494356155395508 5
1744746973467 5.088862895965576 6
1744746973487 5.708986282348633 7
1744746973507 6.677590370178223 8
1744746973526 6.446838855743408 9
1744746973548 5.7329816818237305 10
1744746973571 4.484221458435059 11
1744746973591 5.039306640625 12
1744746973613 5.795040130615234 13
1744746973633 4.999389171600342 14
1744747050964 4.412435531616211 0
1744747050984 11.537452697753906 1
1744747051004 5.486234664916992 2
1744747051024 6.602888107299805 3
1744747051045 7.152345180511475 4
1744747051064 6.925530910491943 5
1744747051085 4.7253618240356445 6
1744747051105 4.498391151428223 7
1744747051126 5.477941036224365 8
1744747051148 6.2662200927734375 9
1744747051168 5.113860607147217 10
1744747051189 5.271035194396973 11
1744747051209 4.659628391265869 12
1744747051229 4.671265125274658 13
1744747051267 4.682260036468506 14
1744747129269 4.125030517578125 0
1744747129291 8.880626678466797 1
1744747129312 5.004251480102539 2
1744747129334 5.669637203216553 3
1744747129355 6.569173812866211 4
1744747129377 5.749754905700684 5
1744747129397 4.827437400817871 6
1744747129418 4.2312822341918945 7
1744747129439 5.23215913772583 8
1744747129461 4.908199787139893 9
1744747129483 4.8197712898254395 10
1744747129505 4.2430524826049805 11
1744747129529 4.255660057067871 12
1744747129551 4.316543102264404 13
1744747129574 4.0267486572265625 14
1744747208438 4.830264568328857 0
1744747208462 8.29935359954834 1
1744747208484 5.636740207672119 2
1744747208507 5.871979236602783 3
1744747208530 5.864420413970947 4
1744747208551 5.842182636260986 5
1744747208573 4.696290969848633 6
1744747208594 4.669567108154297 7
1744747208617 4.583261489868164 8
1744747208638 5.055319309234619 9
1744747208662 4.898501396179199 10
1744747208685 3.8866333961486816 11
1744747208707 4.322259426116943 12
1744747208728 4.070619106292725 13
1744747208749 4.352820873260498 14
1744747287470 3.796823024749756 0
1744747287503 8.515008926391602 1
1744747287537 4.427893161773682 2
1744747287573 4.878430366516113 3
1744747287606 4.938055992126465 4
1744747287638 5.770525932312012 5
1744747287669 4.086551666259766 6
1744747287702 4.197105884552002 7
1744747287734 5.012902736663818 8
1744747287754 4.458742141723633 9
1744747287778 4.406139850616455 10
1744747287798 4.455469608306885 11
1744747287818 4.400510787963867 12
1744747287838 4.122037887573242 13
1744747287858 3.4218387603759766 14
1744747362931 4.140262603759766 0
1744747362953 9.647666931152344 1
1744747362976 3.9728477001190186 2
1744747363002 4.624378204345703 3
1744747363032 5.526545524597168 4
1744747363053 4.720528602600098 5
1744747363075 3.8962063789367676 6
1744747363095 3.739842414855957 7
1744747363116 4.035102367401123 8
1744747363136 4.958489894866943 9
1744747363160 4.481408596038818 10
1744747363185 3.67468523979187 11
1744747363205 3.142111301422119 12
1744747363226 3.5379881858825684 13
1744747363248 3.529364585876465 14
1744747440651 4.206330299377441 0
1744747440672 8.952601432800293 1
1744747440692 4.349786758422852 2
1744747440713 4.073466777801514 3
1744747440732 5.39882755279541 4
1744747440753 6.792294025421143 5
1744747440773 3.966092109680176 6
1744747440793 3.158677816390991 7
1744747440816 4.129495620727539 8
1744747440835 4.32298469543457 9
1744747440855 4.842788219451904 10
1744747440875 4.196166515350342 11
1744747440896 3.6608071327209473 12
1744747440916 4.069855690002441 13
1744747440936 3.3632023334503174 14
1744747517356 3.1034059524536133 0
1744747517386 6.960794448852539 1
1744747517416 4.186800479888916 2
1744747517444 3.6750218868255615 3
1744747517474 4.996656894683838 4
1744747517513 4.487127304077148 5
1744747517542 3.74672794342041 6
1744747517572 3.5247905254364014 7
1744747517605 4.035759925842285 8
1744747517635 4.259658336639404 9
1744747517665 4.125550746917725 10
1744747517696 3.3973445892333984 11
1744747517726 3.1145315170288086 12
1744747517755 3.2445688247680664 13
1744747517788 4.63957405090332 14
1744747595604 3.577308416366577 0
1744747595626 8.051834106445312 1
1744747595648 3.912790536880493 2
1744747595671 3.6560139656066895 3
1744747595694 5.044163227081299 4
1744747595715 4.063246726989746 5
1744747595735 3.5712127685546875 6
1744747595757 3.647575855255127 7
1744747595781 3.3756752014160156 8
1744747595802 4.2214674949646 9
1744747595826 3.230280637741089 10
1744747595848 3.437133550643921 11
1744747595869 2.576322078704834 12
1744747595890 3.4459877014160156 13
1744747595911 3.3617632389068604 14
1744747673725 2.9573140144348145 0
1744747673744 7.28972864151001 1
1744747673764 4.295451641082764 2
1744747673784 4.167109489440918 3
1744747673802 4.539919376373291 4
1744747673822 4.787603378295898 5
1744747673842 3.176337718963623 6
1744747673862 3.096372604370117 7
1744747673886 3.091491460800171 8
1744747673906 3.6775355339050293 9
1744747673932 3.4755911827087402 10
1744747673955 2.8176820278167725 11
1744747673975 3.085573673248291 12
1744747673995 2.5058624744415283 13
1744747674015 3.448270082473755 14
1744747752070 2.8405628204345703 0
1744747752108 6.903799057006836 1
1744747752142 3.8995118141174316 2
1744747752181 3.7770323753356934 3
1744747752217 4.765100002288818 4
1744747752252 3.492424964904785 5
1744747752280 2.6559717655181885 6
1744747752310 2.8580074310302734 7
1744747752331 3.8136086463928223 8
1744747752355 3.3268847465515137 9
1744747752377 3.958906412124634 10
1744747752400 2.924771785736084 11
1744747752421 3.2170002460479736 12
1744747752442 3.2436752319335938 13
1744747752464 3.432176351547241 14
1744747829972 3.3470349311828613 0
1744747829992 6.11123514175415 1
1744747830014 2.919372081756592 2
1744747830033 4.556700706481934 3
1744747830059 4.56276798248291 4
1744747830086 3.1082515716552734 5
1744747830107 2.828333854675293 6
1744747830127 3.158674478530884 7
1744747830148 2.925875186920166 8
1744747830174 3.139132022857666 9
1744747830197 3.092181921005249 10
1744747830217 2.578636407852173 11
1744747830238 2.867684841156006 12
1744747830259 2.511578321456909 13
1744747830279 2.363008737564087 14
1744747909467 2.5660386085510254 0
1744747909488 6.954417705535889 1
1744747909508 3.175959825515747 2
1744747909531 4.037413597106934 3
1744747909553 5.048707008361816 4
1744747909576 3.6646835803985596 5
1744747909598 2.462552547454834 6
1744747909621 2.453007221221924 7
1744747909644 3.0841715335845947 8
1744747909664 3.4707398414611816 9
1744747909685 3.176027774810791 10
1744747909705 2.8627219200134277 11
1744747909725 2.262239456176758 12
1744747909745 2.2143781185150146 13
1744747909766 2.677978515625 14
1744747987286 3.404144287109375 0
1744747987308 6.740148067474365 1
1744747987329 4.743475914001465 2
1744747987350 2.7246716022491455 3
1744747987372 3.4032814502716064 4
1744747987394 4.5001020431518555 5
1744747987417 2.8917088508605957 6
1744747987442 2.3609585762023926 7
1744747987462 2.8407938480377197 8
1744747987486 2.6577131748199463 9
1744747987508 2.6454365253448486 10
1744747987530 1.9280016422271729 11
1744747987551 2.0631942749023438 12
1744747987572 2.372023820877075 13
1744747987596 2.241011142730713 14
1744748066332 1.8736772537231445 0
1744748066356 6.7546706199646 1
1744748066377 2.53739595413208 2
1744748066398 3.152336597442627 3
1744748066423 4.1056928634643555 4
1744748066446 3.5194950103759766 5
1744748066469 2.361497163772583 6
1744748066491 2.6908810138702393 7
1744748066512 2.763526678085327 8
1744748066532 3.2841174602508545 9
1744748066553 2.082028865814209 10
1744748066574 1.870742678642273 11
1744748066596 1.8616752624511719 12
1744748066617 2.409579277038574 13
1744748066638 2.8110153675079346 14
1744748144666 2.0205674171447754 0
1744748144701 6.023681163787842 1
1744748144737 2.6120004653930664 2
1744748144770 3.489300489425659 3
1744748144807 3.2601449489593506 4
1744748144843 2.2642736434936523 5
1744748144881 2.277054786682129 6
1744748144913 2.4649953842163086 7
1744748144945 3.2869248390197754 8
1744748144977 2.827331066131592 9
1744748145010 2.231015205383301 10
1744748145041 2.1068992614746094 11
1744748145076 2.0573153495788574 12
1744748145109 1.9667975902557373 13
1744748145159 1.899200677871704 14
1744748221986 1.8871668577194214 0
1744748222007 7.459315299987793 1
1744748222038 2.2135846614837646 2
1744748222064 3.1033775806427 3
1744748222087 4.219758033752441 4
1744748222109 3.0580437183380127 5
1744748222140 1.886521339416504 6
1744748222162 2.3411481380462646 7
1744748222185 2.481666326522827 8
1744748222212 3.256153106689453 9
1744748222239 2.0205769538879395 10
1744748222262 1.9632023572921753 11
1744748222284 1.6966900825500488 12
1744748222305 1.8713961839675903 13
1744748222329 1.8262091875076294 14
1744748302877 1.9703067541122437 0
1744748302899 4.97397518157959 1
1744748302921 2.6902825832366943 2
1744748302941 3.0724592208862305 3
1744748302962 3.384779691696167 4
1744748302983 3.093383312225342 5
1744748303004 2.2915525436401367 6
1744748303025 2.134775161743164 7
1744748303059 2.8616912364959717 8
1744748303093 3.186121702194214 9
1744748303130 3.1575918197631836 10
1744748303162 2.003572702407837 11
1744748303206 1.709159255027771 12
1744748303238 2.477512836456299 13
1744748303276 2.189871072769165 14
1744748381303 1.991503119468689 0
1744748381323 5.63338041305542 1
1744748381344 2.232632875442505 2
1744748381364 2.46336030960083 3
1744748381387 3.118695020675659 4
1744748381407 3.298017978668213 5
1744748381428 2.195380210876465 6
1744748381448 2.2363388538360596 7
1744748381469 2.5519540309906006 8
1744748381490 3.086829662322998 9
1744748381511 2.6177639961242676 10
1744748381530 1.6061553955078125 11
1744748381551 1.8402355909347534 12
1744748381572 1.7215170860290527 13
1744748381593 2.1332743167877197 14
1744748459123 1.357840895652771 0
1744748459144 5.447351455688477 1
1744748459167 2.1133201122283936 2
1744748459191 2.6473724842071533 3
1744748459211 3.345287322998047 4
1744748459232 2.6553001403808594 5
1744748459254 1.8759446144104004 6
1744748459278 2.149381160736084 7
1744748459309 2.9103074073791504 8
1744748459329 1.8901195526123047 9
1744748459350 2.2605912685394287 10
1744748459371 1.5619654655456543 11
1744748459392 2.087888240814209 12
1744748459413 1.6288243532180786 13
1744748459434 1.5997675657272339 14
1744748538072 1.9562755823135376 0
1744748538094 4.732335567474365 1
1744748538114 2.017653465270996 2
1744748538135 2.2546143531799316 3
1744748538159 3.1560306549072266 4
1744748538182 3.0191731452941895 5
1744748538205 2.593142509460449 6
1744748538226 1.9936197996139526 7
1744748538247 2.3481390476226807 8
1744748538269 2.6209940910339355 9
1744748538294 2.2065916061401367 10
1744748538315 1.7961775064468384 11
1744748538337 1.9298062324523926 12
1744748538360 1.7805376052856445 13
1744748538387 1.7275400161743164 14
1744748616449 1.752815842628479 0
1744748616470 4.739226818084717 1
1744748616490 2.2229604721069336 2
1744748616510 2.1829965114593506 3
1744748616531 2.882363796234131 4
1744748616552 2.251310110092163 5
1744748616573 1.6921976804733276 6
1744748616594 1.62418532371521 7
1744748616618 1.7625975608825684 8
1744748616638 2.5368080139160156 9
1744748616658 1.6505260467529297 10
1744748616678 1.5288450717926025 11
1744748616699 1.3810309171676636 12
1744748616721 1.2836750745773315 13
1744748616742 1.4608047008514404 14
1744748693989 1.8398879766464233 0
1744748694022 4.854865550994873 1
1744748694056 1.7951159477233887 2
1744748694090 1.9031484127044678 3
1744748694122 2.2091524600982666 4
1744748694152 2.0661723613739014 5
1744748694185 1.6139767169952393 6
1744748694215 1.6285121440887451 7
1744748694246 1.6203351020812988 8
1744748694284 1.8819419145584106 9
1744748694314 1.8259663581848145 10
1744748694343 1.3077611923217773 11
1744748694373 1.6654918193817139 12
1744748694410 1.5917457342147827 13
1744748694441 1.6627988815307617 14
1744748771996 1.3053412437438965 0
1744748772018 4.094243049621582 1
1744748772038 1.2442702054977417 2
1744748772058 2.4469950199127197 3
1744748772080 2.657927989959717 4
1744748772100 2.2151477336883545 5
1744748772120 1.4411259889602661 6
1744748772141 1.7593934535980225 7
1744748772164 1.6780742406845093 8
1744748772190 1.619133472442627 9
1744748772212 1.5450608730316162 10
1744748772233 2.2463676929473877 11
1744748772253 1.4929039478302002 12
1744748772274 1.74458646774292 13
1744748772295 1.3859267234802246 14
1744748850085 1.409191608428955 0
1744748850108 4.64981746673584 1
1744748850128 1.9539517164230347 2
1744748850149 2.185605049133301 3
1744748850174 2.7464184761047363 4
1744748850195 2.6446778774261475 5
1744748850216 1.5260086059570312 6
1744748850240 1.4904664754867554 7
1744748850263 1.6672476530075073 8
1744748850288 2.44521427154541 9
1744748850309 1.8518826961517334 10
1744748850331 1.164799690246582 11
1744748850352 1.3718030452728271 12
1744748850373 1.5967382192611694 13
1744748850394 1.72468101978302 14
1744748927634 1.3227512836456299 0
1744748927655 3.4713902473449707 1
1744748927676 1.76434326171875 2
1744748927695 1.7941412925720215 3
1744748927716 2.3090500831604004 4
1744748927737 1.801464319229126 5
1744748927758 1.2947756052017212 6
1744748927780 1.2564318180084229 7
1744748927802 1.6403141021728516 8
1744748927823 1.5842163562774658 9
1744748927845 1.6706950664520264 10
1744748927866 1.318665862083435 11
1744748927885 1.1479482650756836 12
1744748927906 1.268062710762024 13
1744748927926 1.4814788103103638 14
1744749005593 1.4366775751113892 0
1744749005630 3.2730512619018555 1
1744749005666 1.8271578550338745 2
1744749005689 1.7382644414901733 3
1744749005713 1.6318737268447876 4
1744749005739 1.7659220695495605 5
1744749005760 1.395671010017395 6
1744749005783 1.6861457824707031 7
1744749005806 1.4899988174438477 8
1744749005830 1.3523914813995361 9
1744749005851 1.5398194789886475 10
1744749005873 1.1580625772476196 11
1744749005895 1.3279048204421997 12
1744749005918 1.1782588958740234 13
1744749005940 1.1314986944198608 14
1744749084230 1.0551178455352783 0
1744749084262 3.7332005500793457 1
1744749084294 1.6192512512207031 2
1744749084324 1.7107793092727661 3
1744749084353 2.7870934009552 4
1744749084384 2.244302749633789 5
1744749084418 1.2772107124328613 6
1744749084449 1.5837221145629883 7
1744749084479 2.152189254760742 8
1744749084510 1.870540976524353 9
1744749084541 1.6277074813842773 10
1744749084573 1.3441799879074097 11
1744749084605 1.0619703531265259 12
1744749084635 1.5963209867477417 13
1744749084666 2.0391976833343506 14
1744749161859 2.3681838512420654 0
1744749161885 3.2477145195007324 1
1744749161913 2.1451950073242188 2
1744749161937 1.4364782571792603 3
1744749161961 2.5899345874786377 4
1744749161985 2.1115074157714844 5
1744749162007 1.6954504251480103 6
1744749162028 1.53383207321167 7
1744749162049 1.7560588121414185 8
1744749162073 2.1951143741607666 9
1744749162095 1.9268417358398438 10
1744749162116 1.3985748291015625 11
1744749162137 1.2124296426773071 12
1744749162159 0.8890175819396973 13
1744749162181 0.9729748964309692 14
1744749241129 1.7095282077789307 0
1744749241149 3.017674446105957 1
1744749241169 2.0799591541290283 2
1744749241189 1.244236946105957 3
1744749241210 2.620736837387085 4
1744749241230 1.5100568532943726 5
1744749241251 1.453998327255249 6
1744749241280 1.5320812463760376 7
1744749241302 1.0874907970428467 8
1744749241322 1.5736913681030273 9
1744749241342 1.0749980211257935 10
1744749241362 0.8863488435745239 11
1744749241384 0.7701960802078247 12
1744749241405 0.9348624348640442 13
1744749241426 1.0309102535247803 14
1744749319444 1.0502599477767944 0
1744749319465 3.5202879905700684 1
1744749319486 1.2334320545196533 2
1744749319508 1.6583195924758911 3
1744749319530 1.9042863845825195 4
1744749319552 1.4869983196258545 5
1744749319572 1.2251983880996704 6
1744749319592 1.3578956127166748 7
1744749319618 1.5206161737442017 8
1744749319639 1.1910449266433716 9
1744749319660 1.0662320852279663 10
1744749319680 0.9369587898254395 11
1744749319701 0.796428382396698 12
1744749319724 1.118631362915039 13
1744749319744 0.9588617086410522 14
1744749397020 0.9476427435874939 0
1744749397041 4.117654800415039 1
1744749397063 1.0065284967422485 2
1744749397084 1.3986682891845703 3
1744749397104 2.609867572784424 4
1744749397124 2.0079498291015625 5
1744749397145 1.1213171482086182 6
1744749397168 1.1773923635482788 7
1744749397201 1.5105468034744263 8
1744749397226 1.635932207107544 9
1744749397251 1.2975943088531494 10
1744749397271 1.0698487758636475 11
1744749397294 0.9961315393447876 12
1744749397315 0.9341391324996948 13
1744749397336 0.7579269409179688 14
1744749473184 1.1667214632034302 0
1744749473213 2.8486297130584717 1
1744749473246 1.0465301275253296 2
1744749473277 1.2055399417877197 3
1744749473309 1.9303151369094849 4
1744749473349 1.5580350160598755 5
1744749473384 0.9699264764785767 6
1744749473417 1.5563689470291138 7
1744749473450 1.400303840637207 8
1744749473481 1.355445146560669 9
1744749473515 0.9374392032623291 10
1744749473547 0.9010128974914551 11
1744749473578 0.8784662485122681 12
1744749473609 0.8024898767471313 13
1744749473644 0.8404315114021301 14
1744749551496 0.7585622668266296 0
1744749551517 3.4166533946990967 1
1744749551537 1.1010671854019165 2
1744749551558 1.5410280227661133 3
1744749551579 1.5321775674819946 4
1744749551602 1.4126629829406738 5
1744749551623 1.2746806144714355 6
1744749551643 0.9996398687362671 7
1744749551664 1.351405143737793 8
1744749551684 1.7012526988983154 9
1744749551708 1.9370825290679932 10
1744749551742 0.8884899616241455 11
1744749551769 1.202182650566101 12
1744749551791 1.204721212387085 13
1744749551817 1.180826187133789 14
1744749628861 1.240336298942566 0
1744749628881 2.60632586479187 1
1744749628904 1.4887073040008545 2
1744749628924 1.3767461776733398 3
1744749628945 1.9933193922042847 4
1744749628967 1.4444153308868408 5
1744749628987 1.0996562242507935 6
1744749629008 0.9098896384239197 7
1744749629029 1.2981038093566895 8
1744749629050 1.2016868591308594 9
1744749629076 1.0924841165542603 10
1744749629099 1.4456026554107666 11
1744749629120 0.787932276725769 12
1744749629140 0.929004430770874 13
1744749629160 0.9000359773635864 14
1744749706796 1.0044612884521484 0
1744749706816 2.469555377960205 1
1744749706836 1.1890645027160645 2
1744749706862 1.24835205078125 3
1744749706890 1.6339576244354248 4
1744749706912 1.2357839345932007 5
1744749706933 1.0059478282928467 6
1744749706956 1.275729775428772 7
1744749706977 1.5162415504455566 8
1744749707001 1.0365495681762695 9
1744749707021 0.8315587043762207 10
1744749707041 0.8161218166351318 11
1744749707062 0.843212366104126 12
1744749707082 1.130387306213379 13
1744749707103 0.8292529582977295 14
1744749784063 1.104978084564209 0
1744749784095 2.342221260070801 1
1744749784125 1.132176160812378 2
1744749784159 1.232466220855713 3
1744749784198 1.26784086227417 4
1744749784227 1.189164400100708 5
1744749784257 1.035036325454712 6
1744749784287 0.9065651893615723 7
1744749784319 1.1912671327590942 8
1744749784350 1.1235628128051758 9
1744749784382 0.9789422750473022 10
1744749784415 0.9531137347221375 11
1744749784448 0.8393052220344543 12
1744749784485 0.7629609107971191 13
1744749784519 0.7245123386383057 14
1744749861077 0.7756465077400208 0
1744749861098 2.664773464202881 1
1744749861117 0.8297653198242188 2
1744749861138 1.0253982543945312 3
1744749861158 1.9226791858673096 4
1744749861180 1.005070686340332 5
1744749861200 1.2058321237564087 6
1744749861220 0.9525882005691528 7
1744749861240 1.433530569076538 8
1744749861260 1.1419719457626343 9
1744749861282 1.101664423942566 10
1744749861302 0.8294137716293335 11
1744749861322 0.964141845703125 12
1744749861342 1.072655200958252 13
1744749861362 0.7551393508911133 14
1744749939003 0.9444875717163086 0
1744749939023 2.3665764331817627 1
1744749939043 0.7669650316238403 2
1744749939064 1.1410081386566162 3
1744749939085 1.516032338142395 4
1744749939104 1.1867166757583618 5
1744749939125 0.9922726154327393 6
1744749939145 0.9291220307350159 7
1744749939169 1.0174640417099 8
1744749939193 1.0110256671905518 9
1744749939214 0.9483345746994019 10
1744749939234 0.7277221083641052 11
1744749939257 0.8920820355415344 12
1744749939279 0.933061957359314 13
1744749939300 0.9045190811157227 14
1744750016850 0.9221099615097046 0
1744750016871 2.7184536457061768 1
1744750016891 0.754400372505188 2
1744750016913 0.9925835132598877 3
1744750016933 1.386712908744812 4
1744750016953 1.0901318788528442 5
1744750016974 0.7265669107437134 6
1744750016994 0.8662986755371094 7
1744750017015 1.117111086845398 8
1744750017046 1.1335391998291016 9
1744750017068 1.0393671989440918 10
1744750017088 0.6047346591949463 11
1744750017108 0.7921447157859802 12
1744750017128 0.9468625783920288 13
1744750017148 0.9719264507293701 14
1744750094795 0.8200458884239197 0
1744750094816 2.0519895553588867 1
1744750094836 0.8763234615325928 2
1744750094856 1.1809651851654053 3
1744750094876 1.62190842628479 4
1744750094896 1.0396480560302734 5
1744750094918 0.7521398663520813 6
1744750094937 0.8137478828430176 7
1744750094959 0.8422127962112427 8
1744750094980 0.9281963109970093 9
1744750095001 0.8836958408355713 10
1744750095032 0.6585680246353149 11
1744750095052 0.7578233480453491 12
1744750095075 0.8362382650375366 13
1744750095097 0.7489874362945557 14
1744750171488 0.5372275114059448 0
1744750171523 2.7826383113861084 1
1744750171557 0.8788701891899109 2
1744750171589 1.1931777000427246 3
1744750171620 1.5105133056640625 4
1744750171658 1.0067301988601685 5
1744750171690 0.6883517503738403 6
1744750171722 0.9227325916290283 7
1744750171758 1.2157707214355469 8
1744750171791 0.831647515296936 9
1744750171821 0.7185958623886108 10
1744750171852 0.6645481586456299 11
1744750171883 0.7118597030639648 12
1744750171913 0.5278044939041138 13
1744750171946 0.7359763383865356 14
1744750249413 0.6446912288665771 0
1744750249434 2.1535580158233643 1
1744750249454 1.0321847200393677 2
1744750249475 0.7988004088401794 3
1744750249496 1.6395964622497559 4
1744750249517 1.3918590545654297 5
1744750249539 0.8683527708053589 6
1744750249560 1.0457351207733154 7
1744750249582 1.4992806911468506 8
1744750249604 1.2955902814865112 9
1744750249628 1.4039673805236816 10
1744750249648 0.8429070115089417 11
1744750249669 0.7423016428947449 12
1744750249690 0.8128988742828369 13
1744750249710 0.6519050598144531 14
1744750326642 0.8731597661972046 0
1744750326662 1.8389825820922852 1
1744750326681 1.0997121334075928 2
1744750326704 0.7681566476821899 3
1744750326724 0.9984238743782043 4
1744750326745 1.0660494565963745 5
1744750326767 1.2846660614013672 6
1744750326788 0.6832139492034912 7
1744750326808 0.8337370157241821 8
1744750326827 0.8991163969039917 9
1744750326851 0.7091407179832458 10
1744750326871 0.638489305973053 11
1744750326891 0.6263564825057983 12
1744750326912 0.6481717824935913 13
1744750326932 1.009675145149231 14
1744750403175 0.5573583841323853 0
1744750403197 2.3774333000183105 1
1744750403218 0.8835365772247314 2
1744750403239 1.1571258306503296 3
1744750403262 1.1141059398651123 4
1744750403282 0.9701903462409973 5
1744750403305 0.7546842098236084 6
1744750403325 0.8053100109100342 7
1744750403345 1.0257219076156616 8
1744750403366 0.9510465860366821 9
1744750403386 0.8361114263534546 10
1744750403407 0.9403259754180908 11
1744750403427 0.6696716547012329 12
1744750403447 0.644614577293396 13
1744750403467 0.7401796579360962 14
