1744746119103 3.0 1
1744746204059 3.0 2
1744746289124 3.0 3
1744746373159 3.0 4
1744746461457 3.0 5
1744746551216 3.0 6
1744746642603 3.0 7
1744746729499 3.0 8
1744746814418 3.0 9
1744746895754 3.0 10
1744746973653 3.0 11
1744747051296 3.0 12
1744747129593 3.0 13
1744747208769 3.0 14
1744747287878 3.0 15
1744747363269 3.0 16
1744747440956 3.0 17
1744747517823 3.0 18
1744747595931 3.0 19
1744747674036 3.0 20
1744747752486 3.0 21
1744747830301 3.0 22
1744747909788 3.0 23
1744747987619 3.0 24
1744748066662 3.0 25
1744748145201 3.0 26
1744748222366 3.0 27
1744748303315 3.0 28
1744748381620 3.0 29
1744748459459 3.0 30
1744748538420 3.0 31
1744748616767 3.0 32
1744748694498 3.0 33
1744748772321 3.0 34
1744748850420 3.0 35
1744748927952 3.0 36
1744749005969 3.0 37
1744749084713 3.0 38
1744749162210 3.0 39
1744749241454 3.0 40
1744749319773 3.0 41
1744749397365 3.0 42
1744749473693 3.0 43
1744749551847 3.0 44
1744749629191 3.0 45
1744749707133 3.0 46
1744749784569 3.0 47
1744749861393 3.0 48
1744749939331 3.0 49
1744750017180 3.0 50
1744750095131 3.0 51
1744750172009 3.0 52
1744750249743 3.0 53
1744750326965 3.0 54
1744750403503 3.0 55
