1744746119103 0.0 1
1744746204059 0.0 2
1744746289124 0.0 3
1744746373159 0.0 4
1744746461457 0.0 5
1744746551216 0.0 6
1744746642603 0.0 7
1744746729499 0.0 8
1744746814418 0.0 9
1744746895754 0.0 10
1744746973653 0.0 11
1744747051296 0.0 12
1744747129593 0.0 13
1744747208769 0.0 14
1744747287878 0.0 15
1744747363269 0.0 16
1744747440956 0.0 17
1744747517823 0.0 18
1744747595931 0.0 19
1744747674036 0.0 20
1744747752486 0.0 21
1744747830301 0.0 22
1744747909788 0.0 23
1744747987619 0.0 24
1744748066662 0.0 25
1744748145201 0.0 26
1744748222366 0.0 27
1744748303315 0.0 28
1744748381620 0.0 29
1744748459459 0.0 30
1744748538420 0.0 31
1744748616767 0.0 32
1744748694498 0.0 33
1744748772321 0.0 34
1744748850420 0.0 35
1744748927952 0.0 36
1744749005969 0.0 37
1744749084713 0.0 38
1744749162210 0.0 39
1744749241454 0.0 40
1744749319773 0.0 41
1744749397365 0.0 42
1744749473693 0.0 43
1744749551847 0.0 44
1744749629191 0.0 45
1744749707133 0.0 46
1744749784569 0.0 47
1744749861393 0.0 48
1744749939331 0.0 49
1744750017180 0.0 50
1744750095131 0.0 51
1744750172009 0.0 52
1744750249743 0.0 53
1744750326965 0.0 54
1744750403503 0.0 55
