1744746119103 1.0 1
1744746204059 2.0 2
1744746289124 3.0 3
1744746373159 4.0 4
1744746461457 5.0 5
1744746551216 6.0 6
1744746642603 7.0 7
1744746729499 8.0 8
1744746814418 9.0 9
1744746895754 10.0 10
1744746973653 11.0 11
1744747051296 12.0 12
1744747129593 13.0 13
1744747208769 14.0 14
1744747287878 15.0 15
1744747363269 16.0 16
1744747440956 17.0 17
1744747517823 18.0 18
1744747595931 19.0 19
1744747674036 20.0 20
1744747752486 21.0 21
1744747830301 22.0 22
1744747909788 23.0 23
1744747987619 24.0 24
1744748066662 25.0 25
1744748145201 26.0 26
1744748222366 27.0 27
1744748303315 28.0 28
1744748381620 29.0 29
1744748459459 30.0 30
1744748538420 31.0 31
1744748616767 32.0 32
1744748694498 33.0 33
1744748772321 34.0 34
1744748850420 35.0 35
1744748927952 36.0 36
1744749005969 37.0 37
1744749084713 38.0 38
1744749162210 39.0 39
1744749241454 40.0 40
1744749319773 41.0 41
1744749397365 42.0 42
1744749473693 43.0 43
1744749551847 44.0 44
1744749629191 45.0 45
1744749707133 46.0 46
1744749784569 47.0 47
1744749861393 48.0 48
1744749939331 49.0 49
1744750017180 50.0 50
1744750095131 51.0 51
1744750172009 52.0 52
1744750249743 53.0 53
1744750326965 54.0 54
1744750403503 55.0 55
