1744746119103 42.0 1
1744746204059 42.0 2
1744746289124 42.0 3
1744746373159 42.0 4
1744746461457 42.0 5
1744746551216 42.0 6
1744746642603 42.0 7
1744746729499 42.0 8
1744746814418 42.0 9
1744746895754 42.0 10
1744746973653 42.0 11
1744747051296 42.0 12
1744747129593 42.0 13
1744747208769 42.0 14
1744747287878 42.0 15
1744747363269 42.0 16
1744747440956 42.0 17
1744747517823 42.0 18
1744747595931 42.0 19
1744747674036 42.0 20
1744747752486 42.0 21
1744747830301 42.0 22
1744747909788 42.0 23
1744747987619 42.0 24
1744748066662 42.0 25
1744748145201 42.0 26
1744748222366 42.0 27
1744748303315 42.0 28
1744748381620 42.0 29
1744748459459 42.0 30
1744748538420 42.0 31
1744748616767 42.0 32
1744748694498 42.0 33
1744748772321 42.0 34
1744748850420 42.0 35
1744748927952 42.0 36
1744749005969 42.0 37
1744749084713 42.0 38
1744749162210 42.0 39
1744749241454 42.0 40
1744749319773 42.0 41
1744749397365 42.0 42
1744749473693 42.0 43
1744749551847 42.0 44
1744749629191 42.0 45
1744749707133 42.0 46
1744749784569 42.0 47
1744749861393 42.0 48
1744749939331 42.0 49
1744750017180 42.0 50
1744750095131 42.0 51
1744750172009 42.0 52
1744750249743 42.0 53
1744750326965 42.0 54
1744750403503 42.0 55
