1738279565654 0.6284856796264648 0
1738279565669 0.4685611128807068 1
1738279565683 0.5738847255706787 2
1738279565697 0.6194150447845459 3
1738279565712 0.5301341414451599 4
1738279565725 0.2981754541397095 5
1738279565738 0.3069831132888794 6
1738279565751 0.5549725294113159 7
1738279565764 0.2982441484928131 8
1738279565776 0.2540372610092163 9
1738279576471 0.5807163715362549 0
1738279576497 0.3692781627178192 1
1738279576519 0.38725006580352783 2
1738279576541 0.36941617727279663 3
1738279576563 0.2788630723953247 4
1738279576586 0.228910893201828 5
1738279576607 0.19010598957538605 6
1738279576621 0.2720993161201477 7
1738279576635 0.2298213541507721 8
1738279576649 0.09358669072389603 9
