1744670962578 0.6781951189041138 0
1744670962611 0.6484699249267578 1
1744670962641 0.6382741332054138 2
1744670962673 0.6332656145095825 3
1744670962712 0.6190710663795471 4
1744670962759 0.5940545201301575 5
1744670962802 0.5727577805519104 6
1744670962840 0.5768958926200867 7
1744670962875 0.5734676718711853 8
1744670962912 0.5433173775672913 9
1744670962945 0.5355056524276733 10
1744670962968 0.578741729259491 11
1744670962987 0.566724956035614 12
1744670963012 0.5806788802146912 13
1744670963051 0.560983419418335 14
1744670994638 0.560158371925354 0
1744670994670 0.5637643933296204 1
1744670994708 0.6019057631492615 2
1744670994751 0.6421022415161133 3
1744670994788 0.6210919618606567 4
1744670994829 0.6315575838088989 5
1744670994877 0.6295160055160522 6
1744670994921 0.6206087470054626 7
1744670994968 0.6286210417747498 8
1744670995018 0.6222177147865295 9
1744670995069 0.5984787344932556 10
1744670995119 0.6557654738426208 11
1744670995161 0.7021296620368958 12
1744670995208 0.6136393547058105 13
1744670995255 0.6319061517715454 14
