1744670962578 0.465223103761673 0
1744670962611 0.5962928533554077 1
1744670962641 0.6464226841926575 2
1744670962673 0.6627627611160278 3
1744670962712 0.594127893447876 4
1744670962759 0.7128509283065796 5
1744670962802 0.5864447951316833 6
1744670962840 0.8593062162399292 7
1744670962875 0.633391261100769 8
1744670962912 0.910376787185669 9
1744670962945 0.5807933211326599 10
1744670962968 0.48368099331855774 11
1744670962987 0.5691639184951782 12
1744670963012 0.5493850708007812 13
1744670963051 0.6096875667572021 14
1744670994638 0.7152655720710754 0
1744670994670 0.6706393361091614 1
1744670994708 0.6359631419181824 2
1744670994751 0.40942418575286865 3
1744670994788 0.6597428917884827 4
1744670994829 0.49583351612091064 5
1744670994877 0.7442902326583862 6
1744670994921 0.544792652130127 7
1744670994968 0.4449807405471802 8
1744670995018 0.746196985244751 9
1744670995069 0.433804452419281 10
1744670995119 0.5916842222213745 11
1744670995161 0.4787921607494354 12
1744670995208 0.6240392327308655 13
1744670995255 0.5845121145248413 14
