1744670962578 0.0 0
1744670962611 1.0 1
1744670962641 2.0 2
1744670962673 3.0 3
1744670962712 4.0 4
1744670962759 5.0 5
1744670962802 6.0 6
1744670962840 7.0 7
1744670962875 8.0 8
1744670962912 9.0 9
1744670962945 10.0 10
1744670962968 11.0 11
1744670962987 12.0 12
1744670963012 13.0 13
1744670963051 14.0 14
1744670994638 0.0 0
1744670994670 1.0 1
1744670994708 2.0 2
1744670994751 3.0 3
1744670994788 4.0 4
1744670994829 5.0 5
1744670994877 6.0 6
1744670994921 7.0 7
1744670994968 8.0 8
1744670995018 9.0 9
1744670995069 10.0 10
1744670995119 11.0 11
1744670995161 12.0 12
1744670995208 13.0 13
1744670995255 14.0 14
