1744670962578 35.14348220825195 0
1744670962611 21.319059371948242 1
1744670962641 18.870393753051758 2
1744670962673 16.665760040283203 3
1744670962712 15.673749923706055 4
1744670962759 16.879690170288086 5
1744670962802 14.268187522888184 6
1744670962840 14.792389869689941 7
1744670962875 12.161450386047363 8
1744670962912 11.604142189025879 9
1744670962945 11.699052810668945 10
1744670962968 10.641887664794922 11
1744670962987 10.44426441192627 12
1744670963012 10.688814163208008 13
1744670963051 9.07935619354248 14
1744670994638 10.153149604797363 0
1744670994670 9.733111381530762 1
1744670994708 9.257888793945312 2
1744670994751 8.152425765991211 3
1744670994788 7.671303749084473 4
1744670994829 7.359720230102539 5
1744670994877 7.339020252227783 6
1744670994921 7.05874490737915 7
1744670994968 6.303467750549316 8
1744670995018 6.900139808654785 9
1744670995069 5.961183547973633 10
1744670995119 5.929849147796631 11
1744670995161 5.168919563293457 12
1744670995208 5.376893997192383 13
1744670995255 5.178412914276123 14
