1744670962578 114.96121215820312 0
1744670962611 68.47064971923828 1
1744670962641 60.150840759277344 2
1744670962673 52.75227355957031 3
1744670962712 49.68760681152344 4
1744670962759 53.33501052856445 5
1744670962802 45.07123565673828 6
1744670962840 45.905174255371094 7
1744670962875 37.891624450683594 8
1744670962912 35.13878631591797 9
1744670962945 36.561058044433594 10
1744670962968 33.32052993774414 11
1744670962987 32.388057708740234 12
1744670963012 33.25613021850586 13
1744670963051 27.70864486694336 14
1744670994638 30.936798095703125 0
1744670994670 29.68206024169922 1
1744670994708 28.1779727935791 2
1744670994751 25.210708618164062 3
1744670994788 22.79218292236328 4
1744670994829 22.29016876220703 5
1744670994877 21.39488410949707 6
1744670994921 21.13393783569336 7
1744670994968 18.94157600402832 8
1744670995018 19.932405471801758 9
1744670995069 17.866016387939453 10
1744670995119 17.181835174560547 11
1744670995161 14.978437423706055 12
1744670995208 15.270118713378906 13
1744670995255 14.723222732543945 14
