1738858366547 0.0 0
1738858366560 1.0 1
1738858366572 2.0 2
1738858366584 3.0 3
1738858366596 4.0 4
1738858366614 5.0 5
1738858366632 6.0 6
1738858366645 7.0 7
1738858366659 8.0 8
1738858366671 9.0 9
1738858419434 0.0 0
1738858419462 1.0 1
1738858419489 2.0 2
1738858419507 3.0 3
1738858419530 4.0 4
1738858419555 5.0 5
1738858419573 6.0 6
1738858419599 7.0 7
1738858419619 8.0 8
1738858419637 9.0 9
1738858466514 0.0 0
1738858466532 1.0 1
1738858466549 2.0 2
1738858466567 3.0 3
1738858466585 4.0 4
1738858466602 5.0 5
1738858466621 6.0 6
1738858466634 7.0 7
1738858466647 8.0 8
1738858466660 9.0 9
1738858553724 0.0 0
1738858553745 1.0 1
1738858553764 2.0 2
1738858553783 3.0 3
1738858553800 4.0 4
1738858553812 5.0 5
1738858553825 6.0 6
1738858553840 7.0 7
1738858553852 8.0 8
1738858553865 9.0 9
1738858612577 0.0 0
1738858612602 1.0 1
1738858612628 2.0 2
1738858612658 3.0 3
1738858612681 4.0 4
1738858612701 5.0 5
1738858612719 6.0 6
1738858612737 7.0 7
1738858612755 8.0 8
1738858612772 9.0 9
1738858669857 0.0 0
1738858669884 1.0 1
1738858669902 2.0 2
1738858669920 3.0 3
1738858669939 4.0 4
1738858669959 5.0 5
1738858669980 6.0 6
1738858670003 7.0 7
1738858670032 8.0 8
1738858670064 9.0 9
1738858728381 0.0 0
1738858728402 1.0 1
1738858728422 2.0 2
1738858728442 3.0 3
1738858728466 4.0 4
1738858728490 5.0 5
1738858728509 6.0 6
1738858728527 7.0 7
1738858728547 8.0 8
1738858728567 9.0 9
1738858784918 0.0 0
1738858784936 1.0 1
1738858784954 2.0 2
1738858784975 3.0 3
1738858784992 4.0 4
1738858785010 5.0 5
1738858785027 6.0 6
1738858785044 7.0 7
1738858785061 8.0 8
1738858785077 9.0 9
1738858845802 0.0 0
1738858845825 1.0 1
1738858845847 2.0 2
1738858845865 3.0 3
1738858845885 4.0 4
1738858845903 5.0 5
1738858845921 6.0 6
1738858845940 7.0 7
1738858845958 8.0 8
1738858845975 9.0 9
1738858904219 0.0 0
1738858904237 1.0 1
1738858904256 2.0 2
1738858904274 3.0 3
1738858904292 4.0 4
1738858904314 5.0 5
1738858904342 6.0 6
1738858904368 7.0 7
1738858904395 8.0 8
1738858904416 9.0 9
