1738858366547 0.8579834699630737 0
1738858366560 0.4041993319988251 1
1738858366572 0.299522340297699 2
1738858366584 0.47021156549453735 3
1738858366596 0.3213426470756531 4
1738858366614 0.16259577870368958 5
1738858366632 0.2088533341884613 6
1738858366645 0.13724569976329803 7
1738858366659 0.11646294593811035 8
1738858366671 0.17858156561851501 9
1738858419434 0.035886142402887344 0
1738858419462 0.023638753220438957 1
1738858419489 0.003068792400881648 2
1738858419507 0.0007013159920461476 3
1738858419530 0.0002257592132082209 4
1738858419555 0.00012529417290352285 5
1738858419573 1.0756250958365854e-05 6
1738858419599 2.6683206669986248e-05 7
1738858419619 1.0517736882320605e-05 8
1738858419637 7.189087227743585e-06 9
1738858466514 0.44486886262893677 0
1738858466532 0.2478879988193512 1
1738858466549 0.2219974398612976 2
1738858466567 0.1453239470720291 3
1738858466585 0.11216576397418976 4
1738858466602 0.1360582560300827 5
1738858466621 0.06380622833967209 6
1738858466634 0.04158136993646622 7
1738858466647 0.03209977596998215 8
1738858466660 0.025030283257365227 9
1738858553724 0.44749483466148376 0
1738858553745 0.31166934967041016 1
1738858553764 0.17530900239944458 2
1738858553783 0.16003632545471191 3
1738858553800 0.08501835912466049 4
1738858553812 0.06732870638370514 5
1738858553825 0.07554887235164642 6
1738858553840 0.019809214398264885 7
1738858553852 0.05125967040657997 8
1738858553865 0.03382183611392975 9
1738858612577 0.2799187898635864 0
1738858612602 0.3330842852592468 1
1738858612628 0.14255143702030182 2
1738858612658 0.1862032115459442 3
1738858612681 0.13469593226909637 4
1738858612701 0.09267003834247589 5
1738858612719 0.0644882321357727 6
1738858612737 0.04329928383231163 7
1738858612755 0.07493625581264496 8
1738858612772 0.05408048257231712 9
1738858669857 0.007858081720769405 0
1738858669884 0.0014232416870072484 1
1738858669902 0.00028477900195866823 2
1738858669920 0.0002890109899453819 3
1738858669939 0.00011576116958167404 4
1738858669959 2.8123147785663605e-05 5
1738858669980 3.49166220985353e-05 6
1738858670003 7.87693807069445e-06 7
1738858670032 4.841709142056061e-06 8
1738858670064 4.750007065013051e-06 9
1738858728381 0.0012420935090631247 0
1738858728402 0.0005763720837421715 1
1738858728422 4.6379605919355527e-05 2
1738858728442 6.140342156868428e-05 3
1738858728466 5.813717962155351e-06 4
1738858728490 4.117283424420748e-06 5
1738858728509 1.7147704056696966e-06 6
1738858728527 5.868762400496053e-07 7
1738858728547 6.602349458262324e-07 8
1738858728567 1.833987965937922e-07 9
1738858784918 2.035724946836126e-06 0
1738858784936 3.392878795693832e-07 1
1738858784954 7.335955842791009e-08 2
1738858784975 2.7509834410466283e-08 3
1738858784992 9.169944803488761e-09 4
1738858785010 0.0 5
1738858785027 0.0 6
1738858785044 0.0 7
1738858785061 0.0 8
1738858785077 0.0 9
1738858845802 0.23320136964321136 0
1738858845825 0.1931152194738388 1
1738858845847 0.09153226017951965 2
1738858845865 0.0832442194223404 3
1738858845885 0.049084242433309555 4
1738858845903 0.043660249561071396 5
1738858845921 0.04999002441763878 6
1738858845940 0.04314129054546356 7
1738858845958 0.03542909771203995 8
1738858845975 0.0366591215133667 9
1738858904219 1.8999837266164832e-05 0
1738858904237 4.768351573147811e-06 1
1738858904256 1.8614905457070563e-06 2
1738858904274 4.126474095755839e-07 3
1738858904292 1.833988676480658e-07 4
1738858904314 1.0086937862752166e-07 5
1738858904342 2.7509834410466283e-08 6
1738858904368 9.169944803488761e-09 7
1738858904395 0.0 8
1738858904416 0.0 9
