1737905543247 0.0 0
1737905543280 1.0 1
1737905543303 2.0 2
1737905543324 3.0 3
1737905543343 4.0 4
1737905543364 5.0 5
1737905543387 6.0 6
1737905543412 7.0 7
1737905543432 8.0 8
1737905543453 9.0 9
1737905543477 10.0 10
1737905543498 11.0 11
1737905543520 12.0 12
1737905543541 13.0 13
1737905543566 14.0 14
1737905543595 15.0 15
1737905543615 16.0 16
1737905543638 17.0 17
1737905543658 18.0 18
1737905543688 19.0 19
1737905543710 20.0 20
1737905543731 21.0 21
1737905543750 22.0 22
1737905543771 23.0 23
1737905543796 24.0 24
1737905543816 25.0 25
1737905543836 26.0 26
1737905543856 27.0 27
1737905543882 28.0 28
1737905543903 29.0 29
1737905602858 0.0 0
1737905602882 1.0 1
1737905602903 2.0 2
1737905602923 3.0 3
1737905602942 4.0 4
1737905602974 5.0 5
1737905602997 6.0 6
1737905603019 7.0 7
1737905603039 8.0 8
1737905603062 9.0 9
1737905603104 10.0 10
1737905603125 11.0 11
1737905603145 12.0 12
1737905603165 13.0 13
1737905603186 14.0 14
1737905603207 15.0 15
1737905603227 16.0 16
1737905603247 17.0 17
1737905603267 18.0 18
1737905603289 19.0 19
1737905603310 20.0 20
1737905603330 21.0 21
1737905603353 22.0 22
1737905603382 23.0 23
1737905603405 24.0 24
1737905603426 25.0 25
1737905603450 26.0 26
1737905603476 27.0 27
1737905603496 28.0 28
1737905603522 29.0 29
1737905662030 0.0 0
1737905662051 1.0 1
1737905662072 2.0 2
1737905662092 3.0 3
1737905662112 4.0 4
1737905662132 5.0 5
1737905662152 6.0 6
1737905662176 7.0 7
1737905662196 8.0 8
1737905662215 9.0 9
1737905662243 10.0 10
1737905662266 11.0 11
1737905662286 12.0 12
1737905662306 13.0 13
1737905662326 14.0 14
1737905662347 15.0 15
1737905662368 16.0 16
1737905662389 17.0 17
1737905662412 18.0 18
1737905662432 19.0 19
1737905662451 20.0 20
1737905662480 21.0 21
1737905662501 22.0 22
1737905662520 23.0 23
1737905662540 24.0 24
1737905662567 25.0 25
1737905662593 26.0 26
1737905662617 27.0 27
1737905662639 28.0 28
1737905662663 29.0 29
1737905727379 0.0 0
1737905727412 1.0 1
1737905727435 2.0 2
1737905727455 3.0 3
1737905727476 4.0 4
1737905727498 5.0 5
1737905727518 6.0 6
1737905727540 7.0 7
1737905727561 8.0 8
1737905727581 9.0 9
1737905727616 10.0 10
1737905727650 11.0 11
1737905727678 12.0 12
1737905727700 13.0 13
1737905727721 14.0 14
1737905727744 15.0 15
1737905727771 16.0 16
1737905727806 17.0 17
1737905727839 18.0 18
1737905727864 19.0 19
1737905727888 20.0 20
1737905727912 21.0 21
1737905727936 22.0 22
1737905727962 23.0 23
1737905727988 24.0 24
1737905728021 25.0 25
1737905728050 26.0 26
1737905728077 27.0 27
1737905728098 28.0 28
1737905728120 29.0 29
1737905791023 0.0 0
1737905791043 1.0 1
1737905791066 2.0 2
1737905791085 3.0 3
1737905791111 4.0 4
1737905791131 5.0 5
1737905791151 6.0 6
1737905791170 7.0 7
1737905791190 8.0 8
1737905791209 9.0 9
1737905791229 10.0 10
1737905791250 11.0 11
1737905791274 12.0 12
1737905791294 13.0 13
1737905791314 14.0 14
1737905791333 15.0 15
1737905791353 16.0 16
1737905791374 17.0 17
1737905791399 18.0 18
1737905791428 19.0 19
1737905791454 20.0 20
1737905791478 21.0 21
1737905791499 22.0 22
1737905791521 23.0 23
1737905791541 24.0 24
1737905791563 25.0 25
1737905791584 26.0 26
1737905791609 27.0 27
1737905791630 28.0 28
1737905791653 29.0 29
1737905848270 0.0 0
1737905848286 1.0 1
1737905848299 2.0 2
1737905848314 3.0 3
1737905848327 4.0 4
1737905848342 5.0 5
1737905848357 6.0 6
1737905848374 7.0 7
1737905848389 8.0 8
1737905848403 9.0 9
1737905848418 10.0 10
1737905848432 11.0 11
1737905848447 12.0 12
1737905848462 13.0 13
1737905848477 14.0 14
1737905848491 15.0 15
1737905848505 16.0 16
1737905848518 17.0 17
1737905848532 18.0 18
1737905848547 19.0 19
1737905848561 20.0 20
1737905848578 21.0 21
1737905848592 22.0 22
1737905848607 23.0 23
1737905848621 24.0 24
1737905848635 25.0 25
1737905848649 26.0 26
1737905848666 27.0 27
1737905848682 28.0 28
1737905848696 29.0 29
1737905893702 0.0 0
1737905893716 1.0 1
1737905893730 2.0 2
1737905893745 3.0 3
1737905893759 4.0 4
1737905893774 5.0 5
1737905893788 6.0 6
1737905893803 7.0 7
1737905893817 8.0 8
1737905893831 9.0 9
1737905893846 10.0 10
1737905893860 11.0 11
1737905893875 12.0 12
1737905893889 13.0 13
1737905893903 14.0 14
1737905893918 15.0 15
1737905893932 16.0 16
1737905893947 17.0 17
1737905893961 18.0 18
1737905893979 19.0 19
1737905893993 20.0 20
1737905894007 21.0 21
1737905894020 22.0 22
1737905894034 23.0 23
1737905894049 24.0 24
1737905894062 25.0 25
1737905894078 26.0 26
1737905894092 27.0 27
1737905894106 28.0 28
1737905894120 29.0 29
1737905941577 0.0 0
1737905941591 1.0 1
1737905941605 2.0 2
1737905941620 3.0 3
1737905941634 4.0 4
1737905941648 5.0 5
1737905941664 6.0 6
1737905941684 7.0 7
1737905941700 8.0 8
1737905941716 9.0 9
1737905941735 10.0 10
1737905941752 11.0 11
1737905941768 12.0 12
1737905941784 13.0 13
1737905941799 14.0 14
1737905941816 15.0 15
1737905941832 16.0 16
1737905941848 17.0 17
1737905941865 18.0 18
1737905941889 19.0 19
1737905941910 20.0 20
1737905941928 21.0 21
1737905941943 22.0 22
1737905941960 23.0 23
1737905941976 24.0 24
1737905941994 25.0 25
1737905942013 26.0 26
1737905942030 27.0 27
1737905942046 28.0 28
1737905942063 29.0 29
1737905985659 0.0 0
1737905985674 1.0 1
1737905985691 2.0 2
1737905985705 3.0 3
1737905985719 4.0 4
1737905985733 5.0 5
1737905985747 6.0 6
1737905985761 7.0 7
1737905985776 8.0 8
1737905985791 9.0 9
1737905985805 10.0 10
1737905985819 11.0 11
1737905985833 12.0 12
1737905985847 13.0 13
1737905985862 14.0 14
1737905985878 15.0 15
1737905985900 16.0 16
1737905985918 17.0 17
1737905985932 18.0 18
1737905985947 19.0 19
1737905985964 20.0 20
1737905985978 21.0 21
1737905985998 22.0 22
1737905986014 23.0 23
1737905986028 24.0 24
1737905986044 25.0 25
1737905986058 26.0 26
1737905986074 27.0 27
1737905986089 28.0 28
1737905986103 29.0 29
1737906030398 0.0 0
1737906030412 1.0 1
1737906030426 2.0 2
1737906030441 3.0 3
1737906030455 4.0 4
1737906030470 5.0 5
1737906030486 6.0 6
1737906030500 7.0 7
1737906030514 8.0 8
1737906030529 9.0 9
1737906030543 10.0 10
1737906030558 11.0 11
1737906030573 12.0 12
1737906030587 13.0 13
1737906030601 14.0 14
1737906030615 15.0 15
1737906030630 16.0 16
1737906030647 17.0 17
1737906030662 18.0 18
1737906030676 19.0 19
1737906030690 20.0 20
1737906030704 21.0 21
1737906030718 22.0 22
1737906030733 23.0 23
1737906030748 24.0 24
1737906030764 25.0 25
1737906030781 26.0 26
1737906030795 27.0 27
1737906030809 28.0 28
1737906030825 29.0 29
