1737905543247 0.0 0
1737905543280 0.0 1
1737905543303 0.0 2
1737905543324 0.0 3
1737905543343 0.0 4
1737905543364 0.0 5
1737905543387 0.0 6
1737905543412 0.0 7
1737905543432 0.0 8
1737905543453 0.0 9
1737905543477 0.0 10
1737905543498 0.0 11
1737905543520 0.0 12
1737905543541 0.0 13
1737905543566 0.0 14
1737905543595 0.0 15
1737905543615 0.0 16
1737905543638 0.0 17
1737905543658 0.0 18
1737905543688 0.0 19
1737905543710 0.0 20
1737905543731 0.0 21
1737905543750 0.0 22
1737905543771 0.0 23
1737905543796 0.0 24
1737905543816 0.0 25
1737905543836 0.0 26
1737905543856 0.0 27
1737905543882 0.0 28
1737905543903 0.0 29
1737905602858 0.0 0
1737905602882 0.0 1
1737905602903 0.0 2
1737905602923 0.0 3
1737905602942 0.0 4
1737905602974 0.0 5
1737905602997 0.0 6
1737905603019 0.0 7
1737905603039 0.0 8
1737905603062 0.0 9
1737905603104 0.0 10
1737905603125 0.0 11
1737905603145 0.0 12
1737905603165 0.0 13
1737905603186 0.0 14
1737905603207 0.0 15
1737905603227 0.0 16
1737905603247 0.0 17
1737905603267 0.0 18
1737905603289 0.0 19
1737905603310 0.0 20
1737905603330 0.0 21
1737905603353 0.0 22
1737905603382 0.0 23
1737905603405 0.0 24
1737905603426 0.0 25
1737905603450 0.0 26
1737905603476 0.0 27
1737905603496 0.0 28
1737905603522 0.0 29
1737905662030 0.0 0
1737905662051 0.0 1
1737905662072 0.0 2
1737905662092 0.0 3
1737905662112 0.0 4
1737905662132 0.0 5
1737905662152 0.0 6
1737905662176 0.0 7
1737905662196 0.0 8
1737905662215 0.0 9
1737905662243 0.0 10
1737905662266 0.0 11
1737905662286 0.0 12
1737905662306 0.0 13
1737905662326 0.0 14
1737905662347 0.0 15
1737905662368 0.0 16
1737905662389 0.0 17
1737905662412 0.0 18
1737905662432 0.0 19
1737905662451 0.0 20
1737905662480 0.0 21
1737905662501 0.0 22
1737905662520 0.0 23
1737905662540 0.0 24
1737905662567 0.0 25
1737905662593 0.0 26
1737905662617 0.0 27
1737905662639 0.0 28
1737905662663 0.0 29
1737905727379 0.0 0
1737905727412 0.0 1
1737905727435 0.0 2
1737905727455 0.0 3
1737905727476 0.0 4
1737905727498 0.0 5
1737905727518 0.0 6
1737905727540 0.0 7
1737905727561 0.0 8
1737905727581 0.0 9
1737905727616 0.0 10
1737905727650 0.0 11
1737905727678 0.0 12
1737905727700 0.0 13
1737905727721 0.0 14
1737905727744 0.0 15
1737905727771 0.0 16
1737905727806 0.0 17
1737905727839 0.0 18
1737905727864 0.0 19
1737905727888 0.0 20
1737905727912 0.0 21
1737905727936 0.0 22
1737905727962 0.0 23
1737905727988 0.0 24
1737905728021 0.0 25
1737905728050 0.0 26
1737905728077 0.0 27
1737905728098 0.0 28
1737905728120 0.0 29
1737905791023 0.0 0
1737905791043 0.0 1
1737905791066 0.0 2
1737905791085 0.0 3
1737905791111 0.0 4
1737905791131 0.0 5
1737905791151 0.0 6
1737905791170 0.0 7
1737905791190 0.0 8
1737905791209 0.0 9
1737905791229 0.0 10
1737905791250 0.0 11
1737905791274 0.0 12
1737905791294 0.0 13
1737905791314 0.0 14
1737905791333 0.0 15
1737905791353 0.0 16
1737905791374 0.0 17
1737905791399 0.0 18
1737905791428 0.0 19
1737905791454 0.0 20
1737905791478 0.0 21
1737905791499 0.0 22
1737905791521 0.0 23
1737905791541 0.0 24
1737905791563 0.0 25
1737905791584 0.0 26
1737905791609 0.0 27
1737905791630 0.0 28
1737905791653 0.0 29
1737905848270 0.0 0
1737905848286 0.0 1
1737905848299 0.0 2
1737905848314 0.0 3
1737905848327 0.0 4
1737905848342 0.0 5
1737905848357 0.0 6
1737905848374 0.0 7
1737905848389 0.0 8
1737905848403 0.0 9
1737905848418 0.0 10
1737905848432 0.0 11
1737905848447 0.0 12
1737905848462 0.0 13
1737905848477 0.0 14
1737905848491 0.0 15
1737905848505 0.0 16
1737905848518 0.0 17
1737905848532 0.0 18
1737905848547 0.0 19
1737905848561 0.0 20
1737905848578 0.0 21
1737905848592 0.0 22
1737905848607 0.0 23
1737905848621 0.0 24
1737905848635 0.0 25
1737905848649 0.0 26
1737905848666 0.0 27
1737905848682 0.0 28
1737905848696 0.0 29
1737905893702 0.0 0
1737905893716 0.0 1
1737905893730 0.0 2
1737905893745 0.0 3
1737905893759 0.0 4
1737905893774 0.0 5
1737905893788 0.0 6
1737905893803 0.0 7
1737905893817 0.0 8
1737905893831 0.0 9
1737905893846 0.0 10
1737905893860 0.0 11
1737905893875 0.0 12
1737905893889 0.0 13
1737905893903 0.0 14
1737905893918 0.0 15
1737905893932 0.0 16
1737905893947 0.0 17
1737905893961 0.0 18
1737905893979 0.0 19
1737905893993 0.0 20
1737905894007 0.0 21
1737905894020 0.0 22
1737905894034 0.0 23
1737905894049 0.0 24
1737905894062 0.0 25
1737905894078 0.0 26
1737905894092 0.0 27
1737905894106 0.0 28
1737905894120 0.0 29
1737905941577 0.0 0
1737905941591 0.0 1
1737905941605 0.0 2
1737905941620 0.0 3
1737905941634 0.0 4
1737905941648 0.0 5
1737905941664 0.0 6
1737905941684 0.0 7
1737905941700 0.0 8
1737905941716 0.0 9
1737905941735 0.0 10
1737905941752 0.0 11
1737905941768 0.0 12
1737905941784 0.0 13
1737905941799 0.0 14
1737905941816 0.0 15
1737905941832 0.0 16
1737905941848 0.0 17
1737905941865 0.0 18
1737905941889 0.0 19
1737905941910 0.0 20
1737905941928 0.0 21
1737905941943 0.0 22
1737905941960 0.0 23
1737905941976 0.0 24
1737905941994 0.0 25
1737905942013 0.0 26
1737905942030 0.0 27
1737905942046 0.0 28
1737905942063 0.0 29
1737905985659 0.0 0
1737905985674 0.0 1
1737905985691 0.0 2
1737905985705 0.0 3
1737905985719 0.0 4
1737905985733 0.0 5
1737905985747 0.0 6
1737905985761 0.0 7
1737905985776 0.0 8
1737905985791 0.0 9
1737905985805 0.0 10
1737905985819 0.0 11
1737905985833 0.0 12
1737905985847 0.0 13
1737905985862 0.0 14
1737905985878 0.0 15
1737905985900 0.0 16
1737905985918 0.0 17
1737905985932 0.0 18
1737905985947 0.0 19
1737905985964 0.0 20
1737905985978 0.0 21
1737905985998 0.0 22
1737905986014 0.0 23
1737905986028 0.0 24
1737905986044 0.0 25
1737905986058 0.0 26
1737905986074 0.0 27
1737905986089 0.0 28
1737905986103 0.0 29
1737906030398 0.0 0
1737906030412 0.0 1
1737906030426 0.0 2
1737906030441 0.0 3
1737906030455 0.0 4
1737906030470 0.0 5
1737906030486 0.0 6
1737906030500 0.0 7
1737906030514 0.0 8
1737906030529 0.0 9
1737906030543 0.0 10
1737906030558 0.0 11
1737906030573 0.0 12
1737906030587 0.0 13
1737906030601 0.0 14
1737906030615 0.0 15
1737906030630 0.0 16
1737906030647 0.0 17
1737906030662 0.0 18
1737906030676 0.0 19
1737906030690 0.0 20
1737906030704 0.0 21
1737906030718 0.0 22
1737906030733 0.0 23
1737906030748 0.0 24
1737906030764 0.0 25
1737906030781 0.0 26
1737906030795 0.0 27
1737906030809 0.0 28
1737906030825 0.0 29
