1744462358189 0.6495211720466614 0
1744462358220 0.629105269908905 1
1744462358251 0.6007634401321411 2
1744462358291 0.6052185893058777 3
1744462358332 0.46533119678497314 4
1744462358380 0.44561630487442017 5
1744462358416 0.5210717916488647 6
1744462358463 0.5048520565032959 7
1744462358508 0.6558128595352173 8
1744462358537 0.5808799266815186 9
1744462381478 0.5539613962173462 0
1744462381511 0.5484699606895447 1
1744462381535 0.48892292380332947 2
1744462381554 0.4384600818157196 3
1744462381573 0.5399585962295532 4
1744462381593 0.7008270621299744 5
1744462381612 0.6471084952354431 6
1744462381633 0.6196046471595764 7
1744462381673 0.6356632709503174 8
1744462381721 0.477691650390625 9
1744462407864 0.5236423015594482 0
1744462407905 0.5482845902442932 1
1744462407941 0.5856562852859497 2
1744462407977 0.6606090068817139 3
1744462408015 0.5473380088806152 4
1744462408055 0.5325168371200562 5
1744462408091 0.39185279607772827 6
1744462408130 0.6320878267288208 7
1744462408169 0.3701620101928711 8
1744462408204 0.7000313401222229 9
