1744462358189 0.0 0
1744462358220 1.0 1
1744462358251 2.0 2
1744462358291 3.0 3
1744462358332 4.0 4
1744462358380 5.0 5
1744462358416 6.0 6
1744462358463 7.0 7
1744462358508 8.0 8
1744462358537 9.0 9
1744462381478 0.0 0
1744462381511 1.0 1
1744462381535 2.0 2
1744462381554 3.0 3
1744462381573 4.0 4
1744462381593 5.0 5
1744462381612 6.0 6
1744462381633 7.0 7
1744462381673 8.0 8
1744462381721 9.0 9
1744462407864 0.0 0
1744462407905 1.0 1
1744462407941 2.0 2
1744462407977 3.0 3
1744462408015 4.0 4
1744462408055 5.0 5
1744462408091 6.0 6
1744462408130 7.0 7
1744462408169 8.0 8
1744462408204 9.0 9
