1744462358189 12.615091323852539 0
1744462358220 8.302370071411133 1
1744462358251 6.454575061798096 2
1744462358291 5.6717634201049805 3
1744462358332 5.927889823913574 4
1744462358380 5.291994094848633 5
1744462358416 4.944936275482178 6
1744462358463 5.156804084777832 7
1744462358508 5.004782199859619 8
1744462358537 4.735895156860352 9
1744462381478 4.778581142425537 0
1744462381511 4.049257278442383 1
1744462381535 3.959524631500244 2
1744462381554 3.489604949951172 3
1744462381573 3.5500564575195312 4
1744462381593 3.848215341567993 5
1744462381612 3.569532632827759 6
1744462381633 3.241405725479126 7
1744462381673 2.9990577697753906 8
1744462381721 2.7263259887695312 9
1744462407864 2.8271594047546387 0
1744462407905 3.2032992839813232 1
1744462407941 2.8675127029418945 2
1744462407977 2.7463767528533936 3
1744462408015 2.544928550720215 4
1744462408055 2.4349751472473145 5
1744462408091 2.047543525695801 6
1744462408130 2.426661491394043 7
1744462408169 1.8431107997894287 8
1744462408204 2.3025474548339844 9
