1744462358189 119.65570068359375 0
1744462358220 76.7326431274414 1
1744462358251 58.538116455078125 2
1744462358291 50.66544723510742 3
1744462358332 54.625587463378906 4
1744462358380 48.463775634765625 5
1744462358416 44.238643646240234 6
1744462358463 46.51952362060547 7
1744462358508 43.48969268798828 8
1744462358537 41.550148010253906 9
1744462381478 42.24619674682617 0
1744462381511 35.00787353515625 1
1744462381535 34.706016540527344 2
1744462381554 30.51144790649414 3
1744462381573 30.10097885131836 4
1744462381593 31.473880767822266 5
1744462381612 29.224241256713867 6
1744462381633 26.21800994873047 7
1744462381673 23.63394546508789 8
1744462381721 22.486343383789062 9
1744462407864 23.03516960144043 0
1744462407905 26.550148010253906 1
1744462407941 22.818561553955078 2
1744462407977 20.857677459716797 3
1744462408015 19.975906372070312 4
1744462408055 19.02458381652832 5
1744462408091 16.556907653808594 6
1744462408130 17.945737838745117 7
1744462408169 14.729487419128418 8
1744462408204 16.025161743164062 9
