1738346359841 0.0 0
1738346359865 1.0 1
1738346359887 2.0 2
1738346359905 3.0 3
1738346359924 4.0 4
1738346359941 5.0 5
1738346359954 6.0 6
1738346359967 7.0 7
1738346359980 8.0 8
1738346359993 9.0 9
1738346414478 0.0 0
1738346414499 1.0 1
1738346414519 2.0 2
1738346414539 3.0 3
1738346414560 4.0 4
1738346414583 5.0 5
1738346414602 6.0 6
1738346414625 7.0 7
1738346414644 8.0 8
1738346414675 9.0 9
1738346464551 0.0 0
1738346464571 1.0 1
1738346464594 2.0 2
1738346464618 3.0 3
1738346464639 4.0 4
1738346464657 5.0 5
1738346464680 6.0 6
1738346464703 7.0 7
1738346464731 8.0 8
1738346464752 9.0 9
1738346512140 0.0 0
1738346512159 1.0 1
1738346512180 2.0 2
1738346512201 3.0 3
1738346512221 4.0 4
1738346512241 5.0 5
1738346512259 6.0 6
1738346512278 7.0 7
1738346512300 8.0 8
1738346512327 9.0 9
1738346563273 0.0 0
1738346563295 1.0 1
1738346563325 2.0 2
1738346563346 3.0 3
1738346563365 4.0 4
1738346563385 5.0 5
1738346563405 6.0 6
1738346563426 7.0 7
1738346563445 8.0 8
1738346563463 9.0 9
1738346616156 0.0 0
1738346616179 1.0 1
1738346616198 2.0 2
1738346616218 3.0 3
1738346616238 4.0 4
1738346616260 5.0 5
1738346616279 6.0 6
1738346616306 7.0 7
1738346616345 8.0 8
1738346616364 9.0 9
1738346670174 0.0 0
1738346670192 1.0 1
1738346670211 2.0 2
1738346670229 3.0 3
1738346670247 4.0 4
1738346670265 5.0 5
1738346670284 6.0 6
1738346670301 7.0 7
1738346670321 8.0 8
1738346670345 9.0 9
1738346726147 0.0 0
1738346726166 1.0 1
1738346726185 2.0 2
1738346726205 3.0 3
1738346726229 4.0 4
1738346726247 5.0 5
1738346726266 6.0 6
1738346726283 7.0 7
1738346726305 8.0 8
1738346726324 9.0 9
1738346782621 0.0 0
1738346782641 1.0 1
1738346782661 2.0 2
1738346782681 3.0 3
1738346782701 4.0 4
1738346782726 5.0 5
1738346782751 6.0 6
1738346782778 7.0 7
1738346782801 8.0 8
1738346782827 9.0 9
1738346837059 0.0 0
1738346837078 1.0 1
1738346837097 2.0 2
1738346837115 3.0 3
1738346837133 4.0 4
1738346837154 5.0 5
1738346837174 6.0 6
1738346837193 7.0 7
1738346837220 8.0 8
1738346837242 9.0 9
