1738346359841 0.6975020170211792 0
1738346359865 0.6100671291351318 1
1738346359887 0.5061084032058716 2
1738346359905 0.44855067133903503 3
1738346359924 0.4316849112510681 4
1738346359941 0.6021220088005066 5
1738346359954 0.41961267590522766 6
1738346359967 0.4049823582172394 7
1738346359980 0.42733415961265564 8
1738346359993 0.4887731969356537 9
1738346414478 0.38858386874198914 0
1738346414499 0.289482980966568 1
1738346414519 0.46294164657592773 2
1738346414539 0.4875706136226654 3
1738346414560 0.24192088842391968 4
1738346414583 0.18955935537815094 5
1738346414602 0.1316290944814682 6
1738346414625 0.1610693633556366 7
1738346414644 0.07980278134346008 8
1738346414675 0.12612023949623108 9
1738346464551 0.07465524226427078 0
1738346464571 0.09627816081047058 1
1738346464594 0.04602901265025139 2
1738346464618 0.03163982555270195 3
1738346464639 0.03766365349292755 4
1738346464657 0.011370692402124405 5
1738346464680 0.017334965988993645 6
1738346464703 0.018665388226509094 7
1738346464731 0.01023984607309103 8
1738346464752 0.004134871996939182 9
1738346512140 0.0019883911591023207 0
1738346512159 0.0010647812159731984 1
1738346512180 0.0005772195872850716 2
1738346512201 0.0003199343045707792 3
1738346512221 0.00017645738262217492 4
1738346512241 0.00010611694597173482 5
1738346512259 7.222765998449177e-05 6
1738346512278 4.114445982850157e-05 7
1738346512300 3.210314389434643e-05 8
1738346512327 1.4515821931126993e-05 9
1738346563273 1.513012102805078e-05 0
1738346563295 6.107155968493316e-06 1
1738346563325 2.2924823497305624e-06 2
1738346563346 1.4488493889075471e-06 3
1738346563365 5.960461635368119e-07 4
1738346563385 4.034774860883772e-07 5
1738346563405 2.4758847416705976e-07 6
1738346563426 3.1177808068605373e-07 7
1738346563445 6.418961362442133e-08 8
1738346563463 1.1920927533992653e-07 9
1738346616156 3.6679779213955044e-08 0
1738346616179 0.0 1
1738346616198 9.169944803488761e-09 2
1738346616218 2.7509834410466283e-08 3
1738346616238 0.0 4
1738346616260 0.0 5
1738346616279 0.0 6
1738346616306 0.0 7
1738346616345 0.0 8
1738346616364 0.0 9
1738346670174 0.0 0
1738346670192 0.0 1
1738346670211 0.0 2
1738346670229 0.0 3
1738346670247 0.0 4
1738346670265 0.0 5
1738346670284 0.0 6
1738346670301 0.0 7
1738346670321 0.0 8
1738346670345 0.0 9
1738346726147 0.0 0
1738346726166 0.0 1
1738346726185 0.0 2
1738346726205 0.0 3
1738346726229 0.0 4
1738346726247 0.0 5
1738346726266 0.0 6
1738346726283 0.0 7
1738346726305 0.0 8
1738346726324 0.0 9
1738346782621 0.0 0
1738346782641 0.0 1
1738346782661 0.0 2
1738346782681 0.0 3
1738346782701 0.0 4
1738346782726 0.0 5
1738346782751 0.0 6
1738346782778 0.0 7
1738346782801 0.0 8
1738346782827 0.0 9
1738346837059 0.0 0
1738346837078 0.0 1
1738346837097 0.0 2
1738346837115 0.0 3
1738346837133 0.0 4
1738346837154 0.0 5
1738346837174 0.0 6
1738346837193 0.0 7
1738346837220 0.0 8
1738346837242 0.0 9
