1743683258519 0.0 0
1743683258559 1.0 1
1743683258591 2.0 2
1743683258623 3.0 3
1743683258654 4.0 4
1743683258682 5.0 5
1743683258717 6.0 6
1743683258752 7.0 7
1743683258779 8.0 8
1743683258809 9.0 9
1743683359955 0.0 0
1743683359984 1.0 1
1743683360021 2.0 2
1743683360053 3.0 3
1743683360083 4.0 4
1743683360109 5.0 5
1743683360138 6.0 6
1743683360171 7.0 7
1743683360198 8.0 8
1743683360228 9.0 9
1743683473912 0.0 0
1743683473942 1.0 1
1743683473975 2.0 2
1743683474010 3.0 3
1743683474042 4.0 4
1743683474075 5.0 5
1743683474107 6.0 6
1743683474135 7.0 7
1743683474164 8.0 8
1743683474192 9.0 9
1743683590942 0.0 0
1743683590975 1.0 1
1743683591007 2.0 2
1743683591034 3.0 3
1743683591062 4.0 4
1743683591091 5.0 5
1743683591122 6.0 6
1743683591149 7.0 7
1743683591177 8.0 8
1743683591207 9.0 9
1743683715982 0.0 0
1743683716010 1.0 1
1743683716037 2.0 2
1743683716064 3.0 3
1743683716092 4.0 4
1743683716120 5.0 5
1743683716148 6.0 6
1743683716176 7.0 7
1743683716206 8.0 8
1743683716236 9.0 9
1743683850298 0.0 0
1743683850326 1.0 1
1743683850354 2.0 2
1743683850383 3.0 3
1743683850413 4.0 4
1743683850444 5.0 5
1743683850472 6.0 6
1743683850502 7.0 7
1743683850530 8.0 8
1743683850557 9.0 9
1743683990118 0.0 0
1743683990150 1.0 1
1743683990185 2.0 2
1743683990214 3.0 3
1743683990242 4.0 4
1743683990270 5.0 5
1743683990296 6.0 6
1743683990331 7.0 7
1743683990363 8.0 8
1743683990399 9.0 9
1743684132748 0.0 0
1743684132776 1.0 1
1743684132803 2.0 2
1743684132839 3.0 3
1743684132876 4.0 4
1743684132906 5.0 5
1743684132935 6.0 6
1743684132965 7.0 7
1743684132996 8.0 8
1743684133024 9.0 9
1743684278730 0.0 0
1743684278758 1.0 1
1743684278786 2.0 2
1743684278816 3.0 3
1743684278846 4.0 4
1743684278874 5.0 5
1743684278904 6.0 6
1743684278932 7.0 7
1743684278959 8.0 8
1743684278987 9.0 9
1743684420638 0.0 0
1743684420667 1.0 1
1743684420696 2.0 2
1743684420723 3.0 3
1743684420751 4.0 4
1743684420779 5.0 5
1743684420806 6.0 6
1743684420833 7.0 7
1743684420868 8.0 8
1743684420900 9.0 9
