1743683258519 11.519065856933594 0
1743683258559 7.227624893188477 1
1743683258591 6.3158111572265625 2
1743683258623 5.924434661865234 3
1743683258654 5.470187187194824 4
1743683258682 5.136530876159668 5
1743683258717 4.9124860763549805 6
1743683258752 4.923771858215332 7
1743683258779 5.05832052230835 8
1743683258809 3.9068970680236816 9
1743683359955 4.445461273193359 0
1743683359984 4.348606586456299 1
1743683360021 3.626009464263916 2
1743683360053 3.556335687637329 3
1743683360083 4.3451714515686035 4
1743683360109 3.365067720413208 5
1743683360138 3.255211591720581 6
1743683360171 3.2198143005371094 7
1743683360198 3.2813265323638916 8
1743683360228 2.928565263748169 9
1743683473912 3.0115933418273926 0
1743683473942 2.8878836631774902 1
1743683473975 2.656841278076172 2
1743683474010 3.3474321365356445 3
1743683474042 2.673478603363037 4
1743683474075 2.3964450359344482 5
1743683474107 2.523139715194702 6
1743683474135 2.2047078609466553 7
1743683474164 2.5018153190612793 8
1743683474192 2.052900552749634 9
1743683590942 2.6535232067108154 0
1743683590975 2.301238775253296 1
1743683591007 2.161365032196045 2
1743683591034 2.253931760787964 3
1743683591062 1.9155877828598022 4
1743683591091 1.8658827543258667 5
1743683591122 1.6468119621276855 6
1743683591149 1.811000943183899 7
1743683591177 1.726998209953308 8
1743683591207 1.770951509475708 9
1743683715982 1.8231852054595947 0
1743683716010 2.285001039505005 1
1743683716037 2.075758457183838 2
1743683716064 1.4585851430892944 3
1743683716092 1.6565076112747192 4
1743683716120 1.9286363124847412 5
1743683716148 2.0078396797180176 6
1743683716176 2.016963005065918 7
1743683716206 1.4570355415344238 8
1743683716236 1.2228986024856567 9
1743683850298 2.0218515396118164 0
1743683850326 1.7974246740341187 1
1743683850354 1.9837517738342285 2
1743683850383 1.6782243251800537 3
1743683850413 1.692609429359436 4
1743683850444 1.4135372638702393 5
1743683850472 1.9838006496429443 6
1743683850502 1.6119418144226074 7
1743683850530 1.1868340969085693 8
1743683850557 1.5649210214614868 9
1743683990118 1.439326524734497 0
1743683990150 3.241748094558716 1
1743683990185 1.485840082168579 2
1743683990214 1.1100311279296875 3
1743683990242 1.6991430521011353 4
1743683990270 2.112337112426758 5
1743683990296 2.1426849365234375 6
1743683990331 1.4845401048660278 7
1743683990363 1.3434176445007324 8
1743683990399 1.88249933719635 9
1743684132748 1.1696665287017822 0
1743684132776 2.2979025840759277 1
1743684132803 1.4075345993041992 2
1743684132839 1.477372646331787 3
1743684132876 2.0018532276153564 4
1743684132906 1.303106427192688 5
1743684132935 1.7739628553390503 6
1743684132965 1.70542311668396 7
1743684132996 1.802140474319458 8
1743684133024 1.051235318183899 9
1743684278730 1.0973474979400635 0
1743684278758 1.6614265441894531 1
1743684278786 1.5358253717422485 2
1743684278816 1.1465692520141602 3
1743684278846 1.6489331722259521 4
1743684278874 1.7125180959701538 5
1743684278904 1.3032913208007812 6
1743684278932 1.157019019126892 7
1743684278959 1.6647571325302124 8
1743684278987 1.5962743759155273 9
1743684420638 2.033635139465332 0
1743684420667 1.4556632041931152 1
1743684420696 1.7866997718811035 2
1743684420723 1.2923052310943604 3
1743684420751 1.2842824459075928 4
1743684420779 1.5768992900848389 5
1743684420806 1.4596226215362549 6
1743684420833 1.5002312660217285 7
1743684420868 1.0381203889846802 8
1743684420900 1.4281885623931885 9
