1738153102966 0.0 0
1738153102980 1.0 1
1738153102998 2.0 2
1738153103026 3.0 3
1738153103041 4.0 4
1738153103056 5.0 5
1738153103071 6.0 6
1738153103087 7.0 7
1738153103104 8.0 8
1738153103118 9.0 9
1738153179089 0.0 0
1738153179108 1.0 1
1738153179130 2.0 2
1738153179144 3.0 3
1738153179157 4.0 4
1738153179176 5.0 5
1738153179189 6.0 6
1738153179209 7.0 7
1738153179233 8.0 8
1738153179249 9.0 9
1738153245721 0.0 0
1738153245735 1.0 1
1738153245757 2.0 2
1738153245771 3.0 3
1738153245785 4.0 4
1738153245800 5.0 5
1738153245814 6.0 6
1738153245829 7.0 7
1738153245844 8.0 8
1738153245858 9.0 9
