1738153102966 0.0 0
1738153102980 0.0 1
1738153102998 0.0 2
1738153103026 0.0 3
1738153103041 0.0 4
1738153103056 0.0 5
1738153103071 0.0 6
1738153103087 0.0 7
1738153103104 0.0 8
1738153103118 0.0 9
1738153179089 0.0 0
1738153179108 0.0 1
1738153179130 0.0 2
1738153179144 0.0 3
1738153179157 0.0 4
1738153179176 0.0 5
1738153179189 0.0 6
1738153179209 0.0 7
1738153179233 0.0 8
1738153179249 0.0 9
1738153245721 0.0 0
1738153245735 0.0 1
1738153245757 0.0 2
1738153245771 0.0 3
1738153245785 0.0 4
1738153245800 0.0 5
1738153245814 0.0 6
1738153245829 0.0 7
1738153245844 0.0 8
1738153245858 0.0 9
