1737754466499 0.0 0
1737754466519 1.0 1
1737754466537 2.0 2
1737754466555 3.0 3
1737754466573 4.0 4
1737754466593 5.0 5
1737754466620 6.0 6
1737754466645 7.0 7
1737754466673 8.0 8
1737754466700 9.0 9
1737754536789 0.0 0
1737754536813 1.0 1
1737754536838 2.0 2
1737754536860 3.0 3
1737754536881 4.0 4
1737754536903 5.0 5
1737754536927 6.0 6
1737754536949 7.0 7
1737754536972 8.0 8
1737754536998 9.0 9
1737754606490 0.0 0
1737754606527 1.0 1
1737754606563 2.0 2
1737754606586 3.0 3
1737754606609 4.0 4
1737754606633 5.0 5
1737754606660 6.0 6
1737754606688 7.0 7
1737754606712 8.0 8
1737754606738 9.0 9
1737754677306 0.0 0
1737754677333 1.0 1
1737754677358 2.0 2
1737754677387 3.0 3
1737754677416 4.0 4
1737754677440 5.0 5
1737754677467 6.0 6
1737754677497 7.0 7
1737754677520 8.0 8
1737754677548 9.0 9
1737754747806 0.0 0
1737754747822 1.0 1
1737754747840 2.0 2
1737754747856 3.0 3
1737754747872 4.0 4
1737754747889 5.0 5
1737754747906 6.0 6
1737754747922 7.0 7
1737754747938 8.0 8
1737754747956 9.0 9
1737754797480 0.0 0
1737754797496 1.0 1
1737754797513 2.0 2
1737754797530 3.0 3
1737754797547 4.0 4
1737754797562 5.0 5
1737754797579 6.0 6
1737754797595 7.0 7
1737754797613 8.0 8
1737754797635 9.0 9
1737754857190 0.0 0
1737754857213 1.0 1
1737754857235 2.0 2
1737754857257 3.0 3
1737754857287 4.0 4
1737754857309 5.0 5
1737754857333 6.0 6
1737754857358 7.0 7
1737754857386 8.0 8
1737754857411 9.0 9
1737754912216 0.0 0
1737754912233 1.0 1
1737754912248 2.0 2
1737754912265 3.0 3
1737754912284 4.0 4
1737754912300 5.0 5
1737754912317 6.0 6
1737754912333 7.0 7
1737754912349 8.0 8
1737754912366 9.0 9
1737754967688 0.0 0
1737754967705 1.0 1
1737754967720 2.0 2
1737754967736 3.0 3
1737754967751 4.0 4
1737754967768 5.0 5
1737754967784 6.0 6
1737754967801 7.0 7
1737754967819 8.0 8
1737754967834 9.0 9
1737755019317 0.0 0
1737755019350 1.0 1
1737755019374 2.0 2
1737755019398 3.0 3
1737755019421 4.0 4
1737755019446 5.0 5
1737755019473 6.0 6
1737755019498 7.0 7
1737755019526 8.0 8
1737755019555 9.0 9
