1737754466499 0.0 0
1737754466519 0.0 1
1737754466537 0.0 2
1737754466555 0.0 3
1737754466573 0.0 4
1737754466593 0.0 5
1737754466620 0.0 6
1737754466645 0.0 7
1737754466673 0.0 8
1737754466700 0.0 9
1737754536789 0.0 0
1737754536813 0.0 1
1737754536838 0.0 2
1737754536860 0.0 3
1737754536881 0.0 4
1737754536903 0.0 5
1737754536927 0.0 6
1737754536949 0.0 7
1737754536972 0.0 8
1737754536998 0.0 9
1737754606490 0.0 0
1737754606527 0.0 1
1737754606563 0.0 2
1737754606586 0.0 3
1737754606609 0.0 4
1737754606633 0.0 5
1737754606660 0.0 6
1737754606688 0.0 7
1737754606712 0.0 8
1737754606738 0.0 9
1737754677306 0.0 0
1737754677333 0.0 1
1737754677358 0.0 2
1737754677387 0.0 3
1737754677416 0.0 4
1737754677440 0.0 5
1737754677467 0.0 6
1737754677497 0.0 7
1737754677520 0.0 8
1737754677548 0.0 9
1737754747806 0.0 0
1737754747822 0.0 1
1737754747840 0.0 2
1737754747856 0.0 3
1737754747872 0.0 4
1737754747889 0.0 5
1737754747906 0.0 6
1737754747922 0.0 7
1737754747938 0.0 8
1737754747956 0.0 9
1737754797480 0.0 0
1737754797496 0.0 1
1737754797513 0.0 2
1737754797530 0.0 3
1737754797547 0.0 4
1737754797562 0.0 5
1737754797579 0.0 6
1737754797595 0.0 7
1737754797613 0.0 8
1737754797635 0.0 9
1737754857190 0.0 0
1737754857213 0.0 1
1737754857235 0.0 2
1737754857257 0.0 3
1737754857287 0.0 4
1737754857309 0.0 5
1737754857333 0.0 6
1737754857358 0.0 7
1737754857386 0.0 8
1737754857411 0.0 9
1737754912216 0.0 0
1737754912233 0.0 1
1737754912248 0.0 2
1737754912265 0.0 3
1737754912284 0.0 4
1737754912300 0.0 5
1737754912317 0.0 6
1737754912333 0.0 7
1737754912349 0.0 8
1737754912366 0.0 9
1737754967688 0.0 0
1737754967705 0.0 1
1737754967720 0.0 2
1737754967736 0.0 3
1737754967751 0.0 4
1737754967768 0.0 5
1737754967784 0.0 6
1737754967801 0.0 7
1737754967819 0.0 8
1737754967834 0.0 9
1737755019317 0.0 0
1737755019350 0.0 1
1737755019374 0.0 2
1737755019398 0.0 3
1737755019421 0.0 4
1737755019446 0.0 5
1737755019473 0.0 6
1737755019498 0.0 7
1737755019526 0.0 8
1737755019555 0.0 9
