1737749168047 0.0 0
1737749168069 1.0 1
1737749168092 2.0 2
1737749168116 3.0 3
1737749168138 4.0 4
1737749168162 5.0 5
1737749168186 6.0 6
1737749168215 7.0 7
1737749168243 8.0 8
1737749168276 9.0 9
1737749230160 0.0 0
1737749230196 1.0 1
1737749230225 2.0 2
1737749230251 3.0 3
1737749230282 4.0 4
1737749230310 5.0 5
1737749230335 6.0 6
1737749230363 7.0 7
1737749230393 8.0 8
1737749230420 9.0 9
1737749294879 0.0 0
1737749294904 1.0 1
1737749294926 2.0 2
1737749294950 3.0 3
1737749294974 4.0 4
1737749294998 5.0 5
1737749295037 6.0 6
1737749295065 7.0 7
1737749295089 8.0 8
1737749295112 9.0 9
1737749360026 0.0 0
1737749360056 1.0 1
1737749360081 2.0 2
1737749360104 3.0 3
1737749360126 4.0 4
1737749360152 5.0 5
1737749360174 6.0 6
1737749360196 7.0 7
1737749360219 8.0 8
1737749360243 9.0 9
1737749419103 0.0 0
1737749419125 1.0 1
1737749419150 2.0 2
1737749419180 3.0 3
1737749419203 4.0 4
1737749419226 5.0 5
1737749419253 6.0 6
1737749419276 7.0 7
1737749419298 8.0 8
1737749419321 9.0 9
1737749461564 0.0 0
1737749461580 1.0 1
1737749461596 2.0 2
1737749461612 3.0 3
1737749461628 4.0 4
1737749461645 5.0 5
1737749461660 6.0 6
1737749461676 7.0 7
1737749461695 8.0 8
1737749461712 9.0 9
1737749510512 0.0 0
1737749510528 1.0 1
1737749510544 2.0 2
1737749510560 3.0 3
1737749510577 4.0 4
1737749510594 5.0 5
1737749510611 6.0 6
1737749510626 7.0 7
1737749510642 8.0 8
1737749510657 9.0 9
1737749555972 0.0 0
1737749555988 1.0 1
1737749556004 2.0 2
1737749556019 3.0 3
1737749556034 4.0 4
1737749556049 5.0 5
1737749556064 6.0 6
1737749556079 7.0 7
1737749556095 8.0 8
1737749556120 9.0 9
1737749601355 0.0 0
1737749601370 1.0 1
1737749601386 2.0 2
1737749601401 3.0 3
1737749601418 4.0 4
1737749601434 5.0 5
1737749601451 6.0 6
1737749601466 7.0 7
1737749601482 8.0 8
1737749601497 9.0 9
1737749646965 0.0 0
1737749646979 1.0 1
1737749646995 2.0 2
1737749647012 3.0 3
1737749647028 4.0 4
1737749647042 5.0 5
1737749647059 6.0 6
1737749647073 7.0 7
1737749647089 8.0 8
1737749647104 9.0 9
