1737749168047 0.0 0
1737749168069 0.0 1
1737749168092 0.0 2
1737749168116 0.0 3
1737749168138 0.0 4
1737749168162 0.0 5
1737749168186 0.0 6
1737749168215 0.0 7
1737749168243 0.0 8
1737749168276 0.0 9
1737749230160 0.0 0
1737749230196 0.0 1
1737749230225 0.0 2
1737749230251 0.0 3
1737749230282 0.0 4
1737749230310 0.0 5
1737749230335 0.0 6
1737749230363 0.0 7
1737749230393 0.0 8
1737749230420 0.0 9
1737749294879 0.0 0
1737749294904 0.0 1
1737749294926 0.0 2
1737749294950 0.0 3
1737749294974 0.0 4
1737749294998 0.0 5
1737749295037 0.0 6
1737749295065 0.0 7
1737749295089 0.0 8
1737749295112 0.0 9
1737749360026 0.0 0
1737749360056 0.0 1
1737749360081 0.0 2
1737749360104 0.0 3
1737749360126 0.0 4
1737749360152 0.0 5
1737749360174 0.0 6
1737749360196 0.0 7
1737749360219 0.0 8
1737749360243 0.0 9
1737749419103 0.0 0
1737749419125 0.0 1
1737749419150 0.0 2
1737749419180 0.0 3
1737749419203 0.0 4
1737749419226 0.0 5
1737749419253 0.0 6
1737749419276 0.0 7
1737749419298 0.0 8
1737749419321 0.0 9
1737749461564 0.0 0
1737749461580 0.0 1
1737749461596 0.0 2
1737749461612 0.0 3
1737749461628 0.0 4
1737749461645 0.0 5
1737749461660 0.0 6
1737749461676 0.0 7
1737749461695 0.0 8
1737749461712 0.0 9
1737749510512 0.0 0
1737749510528 0.0 1
1737749510544 0.0 2
1737749510560 0.0 3
1737749510577 0.0 4
1737749510594 0.0 5
1737749510611 0.0 6
1737749510626 0.0 7
1737749510642 0.0 8
1737749510657 0.0 9
1737749555972 0.0 0
1737749555988 0.0 1
1737749556004 0.0 2
1737749556019 0.0 3
1737749556034 0.0 4
1737749556049 0.0 5
1737749556064 0.0 6
1737749556079 0.0 7
1737749556095 0.0 8
1737749556120 0.0 9
1737749601355 0.0 0
1737749601370 0.0 1
1737749601386 0.0 2
1737749601401 0.0 3
1737749601418 0.0 4
1737749601434 0.0 5
1737749601451 0.0 6
1737749601466 0.0 7
1737749601482 0.0 8
1737749601497 0.0 9
1737749646965 0.0 0
1737749646979 0.0 1
1737749646995 0.0 2
1737749647012 0.0 3
1737749647028 0.0 4
1737749647042 0.0 5
1737749647059 0.0 6
1737749647073 0.0 7
1737749647089 0.0 8
1737749647104 0.0 9
