1745324369503 0.7166649103164673 0
1745324369525 0.7033703327178955 1
1745324369546 0.6789074540138245 2
1745324369568 0.6695371866226196 3
1745324369589 0.6408914923667908 4
1745324369609 0.6241874694824219 5
1745324369630 0.6133933067321777 6
1745324369657 0.6254798173904419 7
1745324369693 0.5940561294555664 8
1745324369723 0.6177756786346436 9
1745324369757 0.6025150418281555 10
1745324369783 0.5899971127510071 11
1745324369806 0.5759886503219604 12
1745324369828 0.5745651125907898 13
1745324369849 0.617648720741272 14
1745325264441 0.6214828491210938 0
1745325264476 0.6081237196922302 1
1745325264498 0.6191626787185669 2
1745325264519 0.6427338719367981 3
1745325264540 0.620293378829956 4
1745325264561 0.6223048567771912 5
1745325264603 0.5987507104873657 6
1745325264642 0.6922734975814819 7
1745325264675 0.6427749395370483 8
1745325264707 0.665219247341156 9
1745325264737 0.7377142310142517 10
1745325264770 0.7725414633750916 11
1745325264805 0.6633188724517822 12
1745325264842 0.7295233607292175 13
1745325264894 0.6964913010597229 14
1745326159310 0.6909589767456055 0
1745326159343 0.6727871298789978 1
1745326159376 0.6817880868911743 2
1745326159408 0.6979780197143555 3
1745326159439 0.8243815898895264 4
1745326159473 0.7348311543464661 5
1745326159503 0.6720297336578369 6
1745326159545 0.7014923691749573 7
1745326159581 0.7212456464767456 8
1745326159615 0.7071585059165955 9
1745326159655 0.8099480867385864 10
1745326159686 0.7643359303474426 11
1745326159716 0.8189700841903687 12
1745326159752 0.7817665934562683 13
1745326159786 0.9185664653778076 14
1745327063753 0.8766445517539978 0
1745327063794 0.833378255367279 1
1745327063833 0.8272241950035095 2
1745327063877 0.9781365990638733 3
1745327063938 0.8280192017555237 4
1745327063979 0.7617127895355225 5
1745327064016 0.7064176797866821 6
1745327064047 0.8726252317428589 7
1745327064080 0.9726480841636658 8
1745327064110 0.9322189092636108 9
1745327064140 1.1540995836257935 10
1745327064175 1.1761295795440674 11
1745327064204 0.9380694031715393 12
1745327064234 1.093806266784668 13
1745327064265 1.0809903144836426 14
1745327960939 0.8922864198684692 0
1745327960973 0.7585774064064026 1
1745327961006 1.0208144187927246 2
1745327961043 1.215796947479248 3
1745327961076 0.9206101894378662 4
1745327961107 0.9971410036087036 5
1745327961143 1.0963351726531982 6
1745327961174 1.1444872617721558 7
1745327961205 1.20503830909729 8
1745327961238 1.0282114744186401 9
1745327961277 1.344611644744873 10
1745327961318 1.2534687519073486 11
1745327961360 1.4159362316131592 12
1745327961403 1.3279145956039429 13
1745327961441 1.5101866722106934 14
1745328876742 1.201805591583252 0
1745328876772 1.4649615287780762 1
1745328876803 1.5511621236801147 2
1745328876833 1.419804334640503 3
1745328876866 1.31790292263031 4
1745328876896 1.2757015228271484 5
1745328876927 1.5056862831115723 6
1745328876961 1.4217866659164429 7
1745328877003 1.7661513090133667 8
1745328877040 1.5023611783981323 9
1745328877075 1.330377459526062 10
1745328877108 1.3702524900436401 11
1745328877141 1.4529011249542236 12
1745328877176 1.4498074054718018 13
1745328877207 1.6923986673355103 14
1745329780047 1.8100886344909668 0
1745329780088 1.8191858530044556 1
1745329780140 1.5203324556350708 2
1745329780181 1.5843162536621094 3
1745329780216 1.4673092365264893 4
1745329780249 1.6795194149017334 5
1745329780282 1.7329260110855103 6
1745329780313 1.5622544288635254 7
1745329780344 1.4903507232666016 8
1745329780376 1.2974458932876587 9
1745329780409 1.5763356685638428 10
1745329780439 1.5738537311553955 11
1745329780487 1.4091898202896118 12
1745329780521 1.387497067451477 13
1745329780553 1.9915614128112793 14
1745330696445 1.8102245330810547 0
1745330696476 1.6765638589859009 1
1745330696508 2.0969998836517334 2
1745330696539 2.2890539169311523 3
1745330696578 2.170349359512329 4
1745330696608 2.0920801162719727 5
1745330696640 2.1331052780151367 6
1745330696672 1.7759627103805542 7
1745330696702 1.9843522310256958 8
1745330696745 1.799492359161377 9
1745330696785 1.7865588665008545 10
1745330696819 1.5592925548553467 11
1745330696855 1.956956386566162 12
1745330696892 2.0854105949401855 13
1745330696926 1.984592318534851 14
1745331614299 2.107757806777954 0
1745331614346 2.1320242881774902 1
1745331614405 2.1695196628570557 2
1745331614440 2.552762031555176 3
1745331614481 2.64259672164917 4
1745331614512 2.459076404571533 5
1745331614546 2.4215354919433594 6
1745331614577 2.530999183654785 7
1745331614607 2.66575288772583 8
1745331614639 2.6894989013671875 9
1745331614673 2.0539004802703857 10
1745331614713 2.519423484802246 11
1745331614748 2.7310028076171875 12
1745331614783 2.6141538619995117 13
1745331614817 2.219001054763794 14
1745332488575 2.625638246536255 0
1745332488616 2.706934690475464 1
1745332488657 2.716979503631592 2
1745332488701 2.1729936599731445 3
1745332488733 2.1410105228424072 4
1745332488763 2.477339506149292 5
1745332488796 2.7358319759368896 6
1745332488832 2.502344846725464 7
1745332488864 1.9782488346099854 8
1745332488904 3.1699321269989014 9
1745332488949 2.7577974796295166 10
1745332489002 3.0728344917297363 11
1745332489048 2.520914316177368 12
1745332489086 2.87017822265625 13
1745332489133 2.747758626937866 14
