1745324369503 0.3175673186779022 0
1745324369525 0.2828160226345062 1
1745324369546 0.5872731804847717 2
1745324369568 1.2171052694320679 3
1745324369589 0.9713844656944275 4
1745324369609 0.6780707836151123 5
1745324369630 0.5782744288444519 6
1745324369657 0.969609797000885 7
1745324369693 1.163289189338684 8
1745324369723 0.454406201839447 9
1745324369757 0.815650224685669 10
1745324369783 0.5642201900482178 11
1745324369806 0.6586183309555054 12
1745324369828 1.2105097770690918 13
1745324369849 0.5135630965232849 14
1745325264441 0.4850503206253052 0
1745325264476 0.8490437865257263 1
1745325264498 0.5403823256492615 2
1745325264519 1.6600632667541504 3
1745325264540 1.6054613590240479 4
1745325264561 1.3130689859390259 5
1745325264603 0.30148810148239136 6
1745325264642 0.7446929216384888 7
1745325264675 1.7583142518997192 8
1745325264707 1.6156195402145386 9
1745325264737 1.2385590076446533 10
1745325264770 0.8424938917160034 11
1745325264805 1.552908182144165 12
1745325264842 0.34228938817977905 13
1745325264894 1.3387013673782349 14
1745326159310 0.4810408055782318 0
1745326159343 1.7385237216949463 1
1745326159376 0.7909215688705444 2
1745326159408 1.136090636253357 3
1745326159439 1.5195858478546143 4
1745326159473 2.5202512741088867 5
1745326159503 1.8918633460998535 6
1745326159545 1.219836950302124 7
1745326159581 1.2375749349594116 8
1745326159615 1.482367992401123 9
1745326159655 1.6089344024658203 10
1745326159686 0.19068564474582672 11
1745326159716 0.318148136138916 12
1745326159752 1.4046069383621216 13
1745326159786 0.2554280161857605 14
1745327063753 0.3708517849445343 0
1745327063794 1.6100462675094604 1
1745327063833 2.2208707332611084 2
1745327063877 1.710710048675537 3
1745327063938 0.4076820909976959 4
1745327063979 0.2512006461620331 5
1745327064016 1.844738483428955 6
1745327064047 0.39688804745674133 7
1745327064080 1.8618139028549194 8
1745327064110 1.3731300830841064 9
1745327064140 0.4931039810180664 10
1745327064175 1.6213948726654053 11
1745327064204 1.6850054264068604 12
1745327064234 2.1735241413116455 13
1745327064265 0.873940110206604 14
1745327960939 1.5651627779006958 0
1745327960973 0.15351541340351105 1
1745327961006 0.1035352498292923 2
1745327961043 1.3480923175811768 3
1745327961076 2.4516711235046387 4
1745327961107 0.5101417899131775 5
1745327961143 2.590701103210449 6
1745327961174 1.8484374284744263 7
1745327961205 0.798233151435852 8
1745327961238 1.5039880275726318 9
1745327961277 0.6947988271713257 10
1745327961318 0.44728219509124756 11
1745327961360 1.464853286743164 12
1745327961403 0.8954166769981384 13
1745327961441 1.9548803567886353 14
1745328876742 2.2979576587677 0
1745328876772 1.707000732421875 1
1745328876803 0.8009892702102661 2
1745328876833 2.825629949569702 3
1745328876866 2.325420618057251 4
1745328876896 0.053252775222063065 5
1745328876927 2.2117252349853516 6
1745328876961 0.8737971782684326 7
1745328877003 1.5314656496047974 8
1745328877040 0.24342817068099976 9
1745328877075 1.9750806093215942 10
1745328877108 0.13929200172424316 11
1745328877141 1.672025442123413 12
1745328877176 2.232178211212158 13
1745328877207 0.5434321761131287 14
1745329780047 0.27995508909225464 0
1745329780088 1.1927220821380615 1
1745329780140 0.17312182486057281 2
1745329780181 0.1835096925497055 3
1745329780216 2.248157024383545 4
1745329780249 1.1930397748947144 5
1745329780282 1.767107605934143 6
1745329780313 1.0478112697601318 7
1745329780344 0.9161186814308167 8
1745329780376 1.9158800840377808 9
1745329780409 2.6739423274993896 10
1745329780439 1.8726089000701904 11
1745329780487 0.12554872035980225 12
1745329780521 1.336129903793335 13
1745329780553 1.1601893901824951 14
1745330696445 0.8218164443969727 0
1745330696476 2.6498196125030518 1
1745330696508 1.6336382627487183 2
1745330696539 0.28551799058914185 3
1745330696578 0.1271781027317047 4
1745330696608 0.1679030805826187 5
1745330696640 2.2824721336364746 6
1745330696672 0.9287071824073792 7
1745330696702 1.660813808441162 8
1745330696745 0.5091370344161987 9
1745330696785 0.27091801166534424 10
1745330696819 2.693485736846924 11
1745330696855 0.603026807308197 12
1745330696892 3.561366081237793 13
1745330696926 0.9630492925643921 14
1745331614299 0.15916386246681213 0
1745331614346 1.7447395324707031 1
1745331614405 2.6461241245269775 2
1745331614440 2.3574306964874268 3
1745331614481 2.6750504970550537 4
1745331614512 0.11441715061664581 5
1745331614546 2.302412986755371 6
1745331614577 1.2413692474365234 7
1745331614607 1.2871531248092651 8
1745331614639 1.8795133829116821 9
1745331614673 0.27696987986564636 10
1745331614713 1.4975247383117676 11
1745331614748 1.641753911972046 12
1745331614783 2.391824245452881 13
1745331614817 0.6673933267593384 14
1745332488575 2.630582571029663 0
1745332488616 0.43913349509239197 1
1745332488657 2.22930908203125 2
1745332488701 1.091949462890625 3
1745332488733 0.2757965922355652 4
1745332488763 0.0737403929233551 5
1745332488796 2.6240274906158447 6
1745332488832 2.266667604446411 7
1745332488864 0.20038263499736786 8
1745332488904 1.1696223020553589 9
1745332488949 2.475442409515381 10
1745332489002 0.33976614475250244 11
1745332489048 0.3074958622455597 12
1745332489086 1.4347054958343506 13
1745332489133 2.1060614585876465 14
