1745324369503 0.0 0
1745324369525 1.0 1
1745324369546 2.0 2
1745324369568 3.0 3
1745324369589 4.0 4
1745324369609 5.0 5
1745324369630 6.0 6
1745324369657 7.0 7
1745324369693 8.0 8
1745324369723 9.0 9
1745324369757 10.0 10
1745324369783 11.0 11
1745324369806 12.0 12
1745324369828 13.0 13
1745324369849 14.0 14
1745325264441 0.0 0
1745325264476 1.0 1
1745325264498 2.0 2
1745325264519 3.0 3
1745325264540 4.0 4
1745325264561 5.0 5
1745325264603 6.0 6
1745325264642 7.0 7
1745325264675 8.0 8
1745325264707 9.0 9
1745325264737 10.0 10
1745325264770 11.0 11
1745325264805 12.0 12
1745325264842 13.0 13
1745325264894 14.0 14
1745326159310 0.0 0
1745326159343 1.0 1
1745326159376 2.0 2
1745326159408 3.0 3
1745326159439 4.0 4
1745326159473 5.0 5
1745326159503 6.0 6
1745326159545 7.0 7
1745326159581 8.0 8
1745326159615 9.0 9
1745326159655 10.0 10
1745326159686 11.0 11
1745326159716 12.0 12
1745326159752 13.0 13
1745326159786 14.0 14
1745327063753 0.0 0
1745327063794 1.0 1
1745327063833 2.0 2
1745327063877 3.0 3
1745327063938 4.0 4
1745327063979 5.0 5
1745327064016 6.0 6
1745327064047 7.0 7
1745327064080 8.0 8
1745327064110 9.0 9
1745327064140 10.0 10
1745327064175 11.0 11
1745327064204 12.0 12
1745327064234 13.0 13
1745327064265 14.0 14
1745327960939 0.0 0
1745327960973 1.0 1
1745327961006 2.0 2
1745327961043 3.0 3
1745327961076 4.0 4
1745327961107 5.0 5
1745327961143 6.0 6
1745327961174 7.0 7
1745327961205 8.0 8
1745327961238 9.0 9
1745327961277 10.0 10
1745327961318 11.0 11
1745327961360 12.0 12
1745327961403 13.0 13
1745327961441 14.0 14
1745328876742 0.0 0
1745328876772 1.0 1
1745328876803 2.0 2
1745328876833 3.0 3
1745328876866 4.0 4
1745328876896 5.0 5
1745328876927 6.0 6
1745328876961 7.0 7
1745328877003 8.0 8
1745328877040 9.0 9
1745328877075 10.0 10
1745328877108 11.0 11
1745328877141 12.0 12
1745328877176 13.0 13
1745328877207 14.0 14
1745329780047 0.0 0
1745329780088 1.0 1
1745329780140 2.0 2
1745329780181 3.0 3
1745329780216 4.0 4
1745329780249 5.0 5
1745329780282 6.0 6
1745329780313 7.0 7
1745329780344 8.0 8
1745329780376 9.0 9
1745329780409 10.0 10
1745329780439 11.0 11
1745329780487 12.0 12
1745329780521 13.0 13
1745329780553 14.0 14
1745330696445 0.0 0
1745330696476 1.0 1
1745330696508 2.0 2
1745330696539 3.0 3
1745330696578 4.0 4
1745330696608 5.0 5
1745330696640 6.0 6
1745330696672 7.0 7
1745330696702 8.0 8
1745330696745 9.0 9
1745330696785 10.0 10
1745330696819 11.0 11
1745330696855 12.0 12
1745330696892 13.0 13
1745330696926 14.0 14
1745331614299 0.0 0
1745331614346 1.0 1
1745331614405 2.0 2
1745331614440 3.0 3
1745331614481 4.0 4
1745331614512 5.0 5
1745331614546 6.0 6
1745331614577 7.0 7
1745331614607 8.0 8
1745331614639 9.0 9
1745331614673 10.0 10
1745331614713 11.0 11
1745331614748 12.0 12
1745331614783 13.0 13
1745331614817 14.0 14
1745332488575 0.0 0
1745332488616 1.0 1
1745332488657 2.0 2
1745332488701 3.0 3
1745332488733 4.0 4
1745332488763 5.0 5
1745332488796 6.0 6
1745332488832 7.0 7
1745332488864 8.0 8
1745332488904 9.0 9
1745332488949 10.0 10
1745332489002 11.0 11
1745332489048 12.0 12
1745332489086 13.0 13
1745332489133 14.0 14
