1745324369503 30.66636085510254 0
1745324369525 19.508312225341797 1
1745324369546 17.340648651123047 2
1745324369568 23.775081634521484 3
1745324369589 19.723100662231445 4
1745324369609 18.192564010620117 5
1745324369630 18.86063003540039 6
1745324369657 15.757194519042969 7
1745324369693 13.295778274536133 8
1745324369723 16.844501495361328 9
1745324369757 12.745198249816895 10
1745324369783 11.862068176269531 11
1745324369806 12.28743839263916 12
1745324369828 12.290919303894043 13
1745324369849 9.863821983337402 14
1745325264441 8.792872428894043 0
1745325264476 10.645167350769043 1
1745325264498 9.465121269226074 2
1745325264519 9.464324951171875 3
1745325264540 8.690766334533691 4
1745325264561 9.3309326171875 5
1745325264603 8.003036499023438 6
1745325264642 7.55330228805542 7
1745325264675 8.467594146728516 8
1745325264707 8.219703674316406 9
1745325264737 7.187652587890625 10
1745325264770 7.050992012023926 11
1745325264805 6.345109462738037 12
1745325264842 6.215590000152588 13
1745325264894 6.551250457763672 14
1745326159310 5.366666793823242 0
1745326159343 7.900027275085449 1
1745326159376 6.309649467468262 2
1745326159408 6.347886562347412 3
1745326159439 6.663794040679932 4
1745326159473 7.326625347137451 5
1745326159503 6.326282978057861 6
1745326159545 5.286653518676758 7
1745326159581 5.562216758728027 8
1745326159615 5.487121105194092 9
1745326159655 5.742336273193359 10
1745326159686 3.526275157928467 11
1745326159716 3.8486223220825195 12
1745326159752 5.1253132820129395 13
1745326159786 3.6304938793182373 14
1745327063753 3.5986392498016357 0
1745327063794 6.189736366271973 1
1745327063833 5.649667739868164 2
1745327063877 5.330827713012695 3
1745327063938 5.468260765075684 4
1745327063979 3.900546073913574 5
1745327064016 7.496399879455566 6
1745327064047 4.442911148071289 7
1745327064080 6.770306587219238 8
1745327064110 5.254398345947266 9
1745327064140 4.616815567016602 10
1745327064175 4.863299369812012 11
1745327064204 4.900324821472168 12
1745327064234 5.684878826141357 13
1745327064265 4.125396728515625 14
1745327960939 4.834220886230469 0
1745327960973 3.961854934692383 1
1745327961006 3.0224928855895996 2
1745327961043 5.0561299324035645 3
1745327961076 5.960951328277588 4
1745327961107 5.0765838623046875 5
1745327961143 5.845305919647217 6
1745327961174 5.217046737670898 7
1745327961205 4.319338798522949 8
1745327961238 4.900639533996582 9
1745327961277 3.505401849746704 10
1745327961318 3.076601028442383 11
1745327961360 4.631827354431152 12
1745327961403 3.7451424598693848 13
1745327961441 4.932738304138184 14
1745328876742 5.062755584716797 0
1745328876772 6.990375518798828 1
1745328876803 4.56644344329834 2
1745328876833 5.938645839691162 3
1745328876866 5.5680036544799805 4
1745328876896 3.220160961151123 5
1745328876927 5.606881618499756 6
1745328876961 3.4912195205688477 7
1745328877003 5.02913236618042 8
1745328877040 3.032867908477783 9
1745328877075 4.663754463195801 10
1745328877108 2.9898557662963867 11
1745328877141 4.319084167480469 12
1745328877176 4.925269603729248 13
1745328877207 3.0847935676574707 14
1745329780047 3.0766196250915527 0
1745329780088 5.583003520965576 1
1745329780140 3.5029640197753906 2
1745329780181 2.7626640796661377 3
1745329780216 6.362696647644043 4
1745329780249 4.723052024841309 5
1745329780282 4.624902248382568 6
1745329780313 3.82737135887146 7
1745329780344 3.996567726135254 8
1745329780376 4.601163387298584 9
1745329780409 6.050827980041504 10
1745329780439 5.332281589508057 11
1745329780487 2.670254707336426 12
1745329780521 3.9103400707244873 13
1745329780553 4.133632659912109 14
1745330696445 3.2447545528411865 0
1745330696476 7.081007480621338 1
1745330696508 5.167479991912842 2
1745330696539 3.055400848388672 3
1745330696578 3.14723539352417 4
1745330696608 3.262899398803711 5
1745330696640 8.86882209777832 6
1745330696672 4.063535690307617 7
1745330696702 4.952942848205566 8
1745330696745 4.5747833251953125 9
1745330696785 4.8350090980529785 10
1745330696819 5.617477893829346 11
1745330696855 3.196280002593994 12
1745330696892 6.413775444030762 13
1745330696926 3.6631922721862793 14
1745331614299 3.0468897819519043 0
1745331614346 5.7007598876953125 1
1745331614405 5.781243324279785 2
1745331614440 5.71492862701416 3
1745331614481 5.947782039642334 4
1745331614512 2.927644729614258 5
1745331614546 6.302740097045898 6
1745331614577 5.403576374053955 7
1745331614607 4.235062599182129 8
1745331614639 5.048519611358643 9
1745331614673 2.8957972526550293 10
1745331614713 4.315444469451904 11
1745331614748 4.4266157150268555 12
1745331614783 5.259847640991211 13
1745331614817 3.4656262397766113 14
1745332488575 5.294309616088867 0
1745332488616 4.200446128845215 1
1745332488657 8.217124938964844 2
1745332488701 4.777898788452148 3
1745332488733 5.925361633300781 4
1745332488763 4.4395880699157715 5
1745332488796 5.638956069946289 6
1745332488832 5.346353054046631 7
1745332488864 2.968325614929199 8
1745332488904 4.894981384277344 9
1745332488949 5.5108866691589355 10
1745332489002 3.759270191192627 11
1745332489048 3.4580917358398438 12
1745332489086 4.261015892028809 13
1745332489133 5.977541446685791 14
