1745324369503 100.4937515258789 0
1745324369525 63.428504943847656 1
1745324369546 55.2109375 2
1745324369568 74.56835174560547 3
1745324369589 61.907554626464844 4
1745324369609 57.799068450927734 5
1745324369630 60.368682861328125 6
1745324369657 48.70816421508789 7
1745324369693 39.887176513671875 8
1745324369723 54.05705261230469 9
1745324369757 39.20281219482422 10
1745324369783 37.10882568359375 11
1745324369806 38.22514343261719 12
1745324369828 36.398433685302734 13
1745324369849 30.59105682373047 14
1745325264441 27.112689971923828 0
1745325264476 32.08616256713867 1
1745325264498 29.171241760253906 2
1745325264519 25.414321899414062 3
1745325264540 23.038742065429688 4
1745325264561 26.145395278930664 5
1745325264603 25.112995147705078 6
1745325264642 22.04924201965332 7
1745325264675 21.764341354370117 8
1745325264707 21.392742156982422 9
1745325264737 19.14177703857422 10
1745325264770 19.973955154418945 11
1745325264805 15.354905128479004 12
1745325264842 18.896780014038086 13
1745325264894 16.72510528564453 14
1745326159310 15.640523910522461 0
1745326159343 19.910411834716797 1
1745326159376 17.759422302246094 2
1745326159408 16.721206665039062 3
1745326159439 16.37793731689453 4
1745326159473 15.335403442382812 5
1745326159503 14.154170036315918 6
1745326159545 12.901328086853027 7
1745326159581 13.7423095703125 8
1745326159615 12.689162254333496 9
1745326159655 13.022052764892578 10
1745326159686 10.405250549316406 11
1745326159716 11.003874778747559 12
1745326159752 11.67270565032959 13
1745326159786 10.392889976501465 14
1745327063753 9.941089630126953 0
1745327063794 14.487812042236328 1
1745327063833 10.657246589660645 2
1745327063877 11.154130935668945 3
1745327063938 16.09577751159668 4
1745327063979 11.45355224609375 5
1745327064016 18.179548263549805 6
1745327064047 12.67229175567627 7
1745327064080 15.453836441040039 8
1745327064110 12.067489624023438 9
1745327064140 12.668545722961426 10
1745327064175 9.70862865447998 11
1745327064204 9.842199325561523 12
1745327064234 10.683629035949707 13
1745327064265 9.829264640808105 14
1745327960939 10.064058303833008 0
1745327960973 11.986459732055664 1
1745327961006 8.777098655700684 2
1745327961043 11.225380897521973 3
1745327961076 10.838362693786621 4
1745327961107 14.290807723999023 5
1745327961143 9.825435638427734 6
1745327961174 10.16050910949707 7
1745327961205 10.61231517791748 8
1745327961238 10.362507820129395 9
1745327961277 8.1137056350708 10
1745327961318 7.594492435455322 11
1745327961360 9.235039710998535 12
1745327961403 8.259697914123535 13
1745327961441 8.516685485839844 14
1745328876742 8.094307899475098 0
1745328876772 16.24395179748535 1
1745328876803 11.10376262664795 2
1745328876833 9.051568984985352 3
1745328876866 9.578567504882812 4
1745328876896 9.365706443786621 5
1745328876927 9.911880493164062 6
1745328876961 7.397739887237549 7
1745328877003 10.010479927062988 8
1745328877040 7.895927906036377 9
1745328877075 7.720559597015381 10
1745328877108 8.222976684570312 11
1745328877141 7.467487335205078 12
1745328877176 7.623816967010498 13
1745328877207 6.891631603240967 14
1745329780047 7.63279914855957 0
1745329780088 12.93636417388916 1
1745329780140 9.680496215820312 2
1745329780181 7.118486404418945 3
1745329780216 12.345643043518066 4
1745329780249 10.199155807495117 5
1745329780282 7.908584117889404 6
1745329780313 7.807095527648926 7
1745329780344 8.877169609069824 8
1745329780376 7.739994049072266 9
1745329780409 9.785038948059082 10
1745329780439 10.063312530517578 11
1745329780487 7.167109489440918 12
1745329780521 7.285702705383301 13
1745329780553 8.05268669128418 14
1745330696445 6.386916637420654 0
1745330696476 13.205831527709961 1
1745330696508 9.822271347045898 2
1745330696539 7.096491813659668 3
1745330696578 8.041196823120117 4
1745330696608 8.364046096801758 5
1745330696640 19.963603973388672 6
1745330696672 8.791862487792969 7
1745330696702 9.121700286865234 8
1745330696745 11.872627258300781 9
1745330696785 13.546181678771973 10
1745330696819 8.291299819946289 11
1745330696855 6.817684173583984 12
1745330696892 7.561648845672607 13
1745330696926 7.148189544677734 14
1745331614299 7.658511638641357 0
1745331614346 11.196845054626465 1
1745331614405 8.42551040649414 2
1745331614440 8.80908203125 3
1745331614481 8.442680358886719 4
1745331614512 7.082287311553955 5
1745331614546 11.074323654174805 6
1745331614577 11.511758804321289 7
1745331614607 7.3383283615112305 8
1745331614639 8.053153991699219 9
1745331614673 6.812450408935547 10
1745331614713 7.0416035652160645 11
1745331614748 6.733936309814453 12
1745331614783 7.120200157165527 13
1745331614817 7.256375312805176 14
1745332488575 6.428495407104492 0
1745332488616 10.011237144470215 1
1745332488657 17.42353630065918 2
1745332488701 10.258369445800781 3
1745332488733 16.833606719970703 4
1745332488763 12.240640640258789 5
1745332488796 7.4963178634643555 6
1745332488832 7.930096626281738 7
1745332488864 7.380111217498779 8
1745332488904 9.459260940551758 9
1745332488949 7.54420280456543 10
1745332489002 8.530367851257324 11
1745332489048 8.14913272857666 12
1745332489086 6.742201805114746 13
1745332489133 10.34035873413086 14
