1743679250646 14.269800186157227 0
1743679250683 9.729630470275879 1
1743679250720 6.738716125488281 2
1743679250752 7.067076206207275 3
1743679250781 6.378945350646973 4
1743679250812 6.793156623840332 5
1743679250841 6.210917949676514 6
1743679250871 5.693325519561768 7
1743679250901 6.12523889541626 8
1743679250943 5.713693618774414 9
1743679270829 5.084428310394287 0
1743679270859 4.6693596839904785 1
1743679270889 4.3801703453063965 2
1743679270923 4.52365779876709 3
1743679270955 4.100834846496582 4
1743679270989 3.6147713661193848 5
1743679271020 3.7661030292510986 6
1743679271051 3.758502244949341 7
1743679271080 3.6734964847564697 8
1743679271109 3.2257680892944336 9
