1744556476368 0.6754398941993713 0
1744556476395 0.6562648415565491 1
1744556476422 0.6308390498161316 2
1744556476445 0.6173007488250732 3
1744556476470 0.5889468789100647 4
1744556476492 0.5954332947731018 5
1744556476516 0.6017916202545166 6
1744556476561 0.5644901990890503 7
1744556476595 0.5908452272415161 8
1744556476628 0.5806400775909424 9
1744556476652 0.5936488509178162 10
1744556476675 0.5781456232070923 11
1744556476697 0.5564731359481812 12
1744556476722 0.5906999707221985 13
1744556476757 0.5766845941543579 14
