1744556476368 0.7261455059051514 0
1744556476395 0.5191603899002075 1
1744556476422 0.5901603102684021 2
1744556476445 0.5456840395927429 3
1744556476470 0.4997490346431732 4
1744556476492 0.5120569467544556 5
1744556476516 0.6106436252593994 6
1744556476561 0.5626853108406067 7
1744556476595 0.7529274225234985 8
1744556476628 0.595919668674469 9
1744556476652 0.5331885814666748 10
1744556476675 0.596872866153717 11
1744556476697 0.6999959349632263 12
1744556476722 0.5466075539588928 13
1744556476757 0.6205682158470154 14
