1744556476368 33.911094665527344 0
1744556476395 20.744043350219727 1
1744556476422 16.208993911743164 2
1744556476445 14.88282585144043 3
1744556476470 14.991883277893066 4
1744556476492 15.982620239257812 5
1744556476516 14.158516883850098 6
1744556476561 13.610945701599121 7
1744556476595 13.686184883117676 8
1744556476628 13.21845817565918 9
1744556476652 12.112395286560059 10
1744556476675 11.60543441772461 11
1744556476697 10.4791841506958 12
1744556476722 10.217965126037598 13
1744556476757 9.811771392822266 14
