1744556476368 109.98606872558594 0
1744556476395 66.80375671386719 1
1744556476422 51.473995208740234 2
1744556476445 47.214324951171875 3
1744556476470 47.75742721557617 4
1744556476492 51.01280212402344 5
1744556476516 44.597904205322266 6
1744556476561 42.967342376708984 7
1744556476595 42.55939865112305 8
1744556476628 41.53319549560547 9
1744556476652 38.04328155517578 10
1744556476675 36.155601501464844 11
1744556476697 32.077919006347656 12
1744556476722 31.68653678894043 13
1744556476757 30.099103927612305 14
