1738180494266 0.5212910771369934 0
1738180494295 0.5629058480262756 1
1738180494321 0.4794805347919464 2
1738180494348 0.5386766791343689 3
1738180494372 0.6129280924797058 4
1738180494398 0.5943492650985718 5
1738180494444 0.4328087270259857 6
1738180494490 0.43075019121170044 7
1738180494559 0.3326250910758972 8
1738180494640 0.2521559000015259 9
1738180512578 0.38640686869621277 0
1738180512602 0.3399277329444885 1
1738180512625 0.3822881579399109 2
1738180512658 0.41493895649909973 3
1738180512693 0.3487238585948944 4
1738180512734 0.2641462981700897 5
1738180512766 0.5310617089271545 6
1738180512801 0.3007485270500183 7
1738180512831 0.20277318358421326 8
1738180512856 0.4130668044090271 9
