1744714719770 0.7191047072410583 0
1744714719813 0.7084589600563049 1
1744714719840 0.6931470036506653 2
1744714719863 0.6407483220100403 3
1744714719888 0.6392515897750854 4
1744714719909 0.6210307478904724 5
1744714719932 0.6331154108047485 6
1744714719957 0.6096367239952087 7
1744714719983 0.5918057560920715 8
1744714720020 0.5866079330444336 9
1744714720051 0.6044521331787109 10
1744714720084 0.5792897343635559 11
1744714720117 0.5940245389938354 12
1744714720140 0.6189641356468201 13
1744714720163 0.5700103640556335 14
1744715879832 0.555905818939209 0
1744715879856 0.5874659419059753 1
1744715879879 0.5774716138839722 2
1744715879900 0.5849257111549377 3
1744715879922 0.5966334939002991 4
1744715879961 0.5845205783843994 5
1744715879996 0.6117174029350281 6
1744715880032 0.6221235990524292 7
1744715880068 0.6514936089515686 8
1744715880107 0.6136249899864197 9
1744715880144 0.6624066829681396 10
1744715880176 0.6843337416648865 11
1744715880202 0.6997643709182739 12
1744715880226 0.7224608659744263 13
1744715880271 0.7472038865089417 14
1744717075382 0.6997498869895935 0
1744717075405 0.723761260509491 1
1744717075428 0.6774641871452332 2
1744717075452 0.7700147032737732 3
1744717075476 0.7417284846305847 4
1744717075498 0.7030409574508667 5
1744717075522 0.7619453072547913 6
1744717075546 0.7768930792808533 7
1744717075591 0.8233081102371216 8
1744717075637 0.855825662612915 9
1744717075691 0.796336829662323 10
1744717075735 0.7867704033851624 11
1744717075775 0.8399203419685364 12
1744717075811 0.858855128288269 13
1744717075849 0.8395079374313354 14
1744718262205 0.7417181730270386 0
1744718262245 0.6966561079025269 1
1744718262315 0.7048962116241455 2
1744718262363 0.7782652974128723 3
1744718262401 0.836427628993988 4
1744718262442 0.8712121248245239 5
1744718262487 0.7973743081092834 6
1744718262523 0.8764393329620361 7
1744718262560 1.0456544160842896 8
1744718262595 0.8391336798667908 9
1744718262638 0.8213002681732178 10
1744718262690 1.0190608501434326 11
1744718262750 0.8542038798332214 12
1744718262797 0.8305190801620483 13
1744718262837 1.0028454065322876 14
1744719441188 1.0691642761230469 0
1744719441224 0.9912222623825073 1
1744719441255 0.9057844877243042 2
1744719441299 1.1009501218795776 3
1744719441335 1.0362074375152588 4
1744719441374 1.0819385051727295 5
1744719441411 1.1295872926712036 6
1744719441451 1.1394031047821045 7
1744719441496 1.2076666355133057 8
1744719441536 1.1501597166061401 9
1744719441574 1.221831202507019 10
1744719441616 1.0356687307357788 11
1744719441658 1.0815544128417969 12
1744719441709 1.0607227087020874 13
1744719441752 1.1335022449493408 14
1744720697605 1.1039468050003052 0
1744720697644 1.05167818069458 1
1744720697680 1.1415616273880005 2
1744720697734 1.0539695024490356 3
1744720697777 0.8756033182144165 4
1744720697814 0.8336928486824036 5
1744720697854 1.0493133068084717 6
1744720697893 1.1639317274093628 7
1744720697931 1.3777657747268677 8
1744720697968 1.0968029499053955 9
1744720698000 1.3479124307632446 10
1744720698045 1.3286800384521484 11
1744720698095 1.2136015892028809 12
1744720698135 1.4408435821533203 13
1744720698173 1.1424075365066528 14
1744721876065 1.380376935005188 0
1744721876100 1.635277271270752 1
1744721876141 1.143620252609253 2
1744721876174 1.3203816413879395 3
1744721876209 1.3118642568588257 4
1744721876234 1.6513639688491821 5
1744721876273 1.2028206586837769 6
1744721876308 1.4464741945266724 7
1744721876339 1.4185484647750854 8
1744721876371 1.289511799812317 9
1744721876403 1.350696325302124 10
1744721876440 1.3019559383392334 11
1744721876487 1.2569612264633179 12
1744721876520 1.3201467990875244 13
1744721876554 1.4647859334945679 14
1744723045725 1.5333952903747559 0
1744723045759 1.5659788846969604 1
1744723045793 1.5764302015304565 2
1744723045841 1.6399949789047241 3
1744723045903 1.5011413097381592 4
1744723045958 1.6526329517364502 5
1744723045997 1.7462202310562134 6
1744723046042 1.8689703941345215 7
1744723046092 1.3942286968231201 8
1744723046135 1.770259141921997 9
1744723046188 1.8253556489944458 10
1744723046244 1.660015344619751 11
1744723046284 1.8032575845718384 12
1744723046322 1.3780014514923096 13
1744723046365 1.639026403427124 14
1744724252466 1.692604899406433 0
1744724252507 2.0259761810302734 1
1744724252544 1.7284038066864014 2
1744724252583 1.7633813619613647 3
1744724252631 1.825753927230835 4
1744724252669 1.8991703987121582 5
1744724252704 1.8328425884246826 6
1744724252741 2.0052664279937744 7
1744724252780 1.6749210357666016 8
1744724252814 2.033820629119873 9
1744724252848 1.815124273300171 10
1744724252884 1.7648686170578003 11
1744724252921 2.2179503440856934 12
1744724252954 1.4733206033706665 13
1744724252988 1.7889221906661987 14
1744725443261 1.9423134326934814 0
1744725443300 1.8335450887680054 1
1744725443344 1.9408010244369507 2
1744725443368 1.8360474109649658 3
1744725443392 2.1893579959869385 4
1744725443433 2.1029350757598877 5
1744725443468 2.026683807373047 6
1744725443505 2.320751190185547 7
1744725443540 2.3429391384124756 8
1744725443573 1.8967190980911255 9
1744725443606 1.8533579111099243 10
1744725443644 2.4861273765563965 11
1744725443684 2.4645206928253174 12
1744725443727 2.149900436401367 13
1744725443766 3.0283780097961426 14
