1744714719770 0.6278892755508423 0
1744714719813 0.6622289419174194 1
1744714719840 0.7113684415817261 2
1744714719863 0.5348384380340576 3
1744714719888 0.5613798499107361 4
1744714719909 0.6272435784339905 5
1744714719932 0.6464781165122986 6
1744714719957 0.6942698955535889 7
1744714719983 0.654718279838562 8
1744714720020 0.6899705529212952 9
1744714720051 0.5848313570022583 10
1744714720084 0.591377317905426 11
1744714720117 0.6399109363555908 12
1744714720140 0.6127811670303345 13
1744714720163 0.6047443747520447 14
1744715879832 0.4850555956363678 0
1744715879856 0.691152811050415 1
1744715879879 0.48020437359809875 2
1744715879900 0.2700890302658081 3
1744715879922 0.5386114120483398 4
1744715879961 0.6117807626724243 5
1744715879996 0.3316980004310608 6
1744715880032 0.8342577219009399 7
1744715880068 0.5884882211685181 8
1744715880107 0.8178838491439819 9
1744715880144 0.6073585152626038 10
1744715880176 0.4747767746448517 11
1744715880202 0.47574207186698914 12
1744715880226 0.4586978256702423 13
1744715880271 0.45902082324028015 14
1744717075382 0.3342236280441284 0
1744717075405 0.8254172205924988 1
1744717075428 0.695041298866272 2
1744717075452 0.2917138934135437 3
1744717075476 0.6483023166656494 4
1744717075498 0.4792315661907196 5
1744717075522 0.6245800852775574 6
1744717075546 0.995019793510437 7
1744717075591 0.7091923952102661 8
1744717075637 0.5154356360435486 9
1744717075691 0.6321141123771667 10
1744717075735 0.2884365916252136 11
1744717075775 0.2665647268295288 12
1744717075811 0.9214363098144531 13
1744717075849 0.6696465015411377 14
1744718262205 0.8896862864494324 0
1744718262245 1.1393505334854126 1
1744718262315 0.9036606550216675 2
1744718262363 0.7701253294944763 3
1744718262401 0.225113183259964 4
1744718262442 0.2936280369758606 5
1744718262487 0.2647899389266968 6
1744718262523 0.6280125379562378 7
1744718262560 0.9217777252197266 8
1744718262595 0.8030415177345276 9
1744718262638 0.4293285012245178 10
1744718262690 0.6213853359222412 11
1744718262750 0.6834774613380432 12
1744718262797 0.4149169921875 13
1744718262837 0.44168493151664734 14
1744719441188 0.8852347731590271 0
1744719441224 0.4643356502056122 1
1744719441255 0.24276098608970642 2
1744719441299 0.19832688570022583 3
1744719441335 0.4478468596935272 4
1744719441374 0.10560895502567291 5
1744719441411 0.7807696461677551 6
1744719441451 0.5716308355331421 7
1744719441496 0.4476087987422943 8
1744719441536 0.14285311102867126 9
1744719441574 0.9012379050254822 10
1744719441616 0.8881546258926392 11
1744719441658 0.7965053915977478 12
1744719441709 0.5575201511383057 13
1744719441752 0.5302175283432007 14
1744720697605 0.28330370783805847 0
1744720697644 0.36358246207237244 1
1744720697680 0.5399678945541382 2
1744720697734 0.6360574960708618 3
1744720697777 1.1315432786941528 4
1744720697814 1.4785212278366089 5
1744720697854 0.30657607316970825 6
1744720697893 1.35518479347229 7
1744720697931 0.772933304309845 8
1744720697968 0.5689389705657959 9
1744720698000 0.5127102732658386 10
1744720698045 0.8272387981414795 11
1744720698095 0.46465355157852173 12
1744720698135 0.9347801208496094 13
1744720698173 0.7873455882072449 14
1744721876065 1.1607578992843628 0
1744721876100 0.41869115829467773 1
1744721876141 0.31062987446784973 2
1744721876174 0.8389301896095276 3
1744721876209 0.4369280934333801 4
1744721876234 0.899629533290863 5
1744721876273 0.6402243375778198 6
1744721876308 0.6002687215805054 7
1744721876339 0.8423899412155151 8
1744721876371 0.3086986541748047 9
1744721876403 0.5150776505470276 10
1744721876440 0.6844151020050049 11
1744721876487 0.4462679326534271 12
1744721876520 0.5031186938285828 13
1744721876554 0.5451217889785767 14
1744723045725 0.3900729715824127 0
1744723045759 0.8285573720932007 1
1744723045793 0.7552143335342407 2
1744723045841 1.386525273323059 3
1744723045903 1.0296202898025513 4
1744723045958 0.894952654838562 5
1744723045997 0.299742728471756 6
1744723046042 0.7930879592895508 7
1744723046092 0.5885438919067383 8
1744723046135 0.3754681944847107 9
1744723046188 0.3578021228313446 10
1744723046244 0.4475650191307068 11
1744723046284 0.590099573135376 12
1744723046322 0.531825065612793 13
1744723046365 1.456960678100586 14
1744724252466 2.2848479747772217 0
1744724252507 0.363664448261261 1
1744724252544 1.0375990867614746 2
1744724252583 1.4314147233963013 3
1744724252631 0.5949708223342896 4
1744724252669 0.4988496005535126 5
1744724252704 0.06537991017103195 6
1744724252741 0.8163179159164429 7
1744724252780 1.015376329421997 8
1744724252814 1.0847424268722534 9
1744724252848 1.1438038349151611 10
1744724252884 0.3134426474571228 11
1744724252921 1.1214736700057983 12
1744724252954 0.8140348792076111 13
1744724252988 0.8061866164207458 14
1744725443261 0.5489229559898376 0
1744725443300 1.5478932857513428 1
1744725443344 0.8444512486457825 2
1744725443368 0.9039801359176636 3
1744725443392 0.5845626592636108 4
1744725443433 0.21567384898662567 5
1744725443468 0.7960927486419678 6
1744725443505 0.26132094860076904 7
1744725443540 0.5797542929649353 8
1744725443573 0.5232039093971252 9
1744725443606 0.5679976940155029 10
1744725443644 1.0183618068695068 11
1744725443684 1.0443172454833984 12
1744725443727 1.3015761375427246 13
1744725443766 0.7253360748291016 14
