1744714719770 0.0 0
1744714719813 1.0 1
1744714719840 2.0 2
1744714719863 3.0 3
1744714719888 4.0 4
1744714719909 5.0 5
1744714719932 6.0 6
1744714719957 7.0 7
1744714719983 8.0 8
1744714720020 9.0 9
1744714720051 10.0 10
1744714720084 11.0 11
1744714720117 12.0 12
1744714720140 13.0 13
1744714720163 14.0 14
1744715879832 0.0 0
1744715879856 1.0 1
1744715879879 2.0 2
1744715879900 3.0 3
1744715879922 4.0 4
1744715879961 5.0 5
1744715879996 6.0 6
1744715880032 7.0 7
1744715880068 8.0 8
1744715880107 9.0 9
1744715880144 10.0 10
1744715880176 11.0 11
1744715880202 12.0 12
1744715880226 13.0 13
1744715880271 14.0 14
1744717075382 0.0 0
1744717075405 1.0 1
1744717075428 2.0 2
1744717075452 3.0 3
1744717075476 4.0 4
1744717075498 5.0 5
1744717075522 6.0 6
1744717075546 7.0 7
1744717075591 8.0 8
1744717075637 9.0 9
1744717075691 10.0 10
1744717075735 11.0 11
1744717075775 12.0 12
1744717075811 13.0 13
1744717075849 14.0 14
1744718262205 0.0 0
1744718262245 1.0 1
1744718262315 2.0 2
1744718262363 3.0 3
1744718262401 4.0 4
1744718262442 5.0 5
1744718262487 6.0 6
1744718262523 7.0 7
1744718262560 8.0 8
1744718262595 9.0 9
1744718262638 10.0 10
1744718262690 11.0 11
1744718262750 12.0 12
1744718262797 13.0 13
1744718262837 14.0 14
1744719441188 0.0 0
1744719441224 1.0 1
1744719441255 2.0 2
1744719441299 3.0 3
1744719441335 4.0 4
1744719441374 5.0 5
1744719441411 6.0 6
1744719441451 7.0 7
1744719441496 8.0 8
1744719441536 9.0 9
1744719441574 10.0 10
1744719441616 11.0 11
1744719441658 12.0 12
1744719441709 13.0 13
1744719441752 14.0 14
1744720697605 0.0 0
1744720697644 1.0 1
1744720697680 2.0 2
1744720697734 3.0 3
1744720697777 4.0 4
1744720697814 5.0 5
1744720697854 6.0 6
1744720697893 7.0 7
1744720697931 8.0 8
1744720697968 9.0 9
1744720698000 10.0 10
1744720698045 11.0 11
1744720698095 12.0 12
1744720698135 13.0 13
1744720698173 14.0 14
1744721876065 0.0 0
1744721876100 1.0 1
1744721876141 2.0 2
1744721876174 3.0 3
1744721876209 4.0 4
1744721876234 5.0 5
1744721876273 6.0 6
1744721876308 7.0 7
1744721876339 8.0 8
1744721876371 9.0 9
1744721876403 10.0 10
1744721876440 11.0 11
1744721876487 12.0 12
1744721876520 13.0 13
1744721876554 14.0 14
1744723045725 0.0 0
1744723045759 1.0 1
1744723045793 2.0 2
1744723045841 3.0 3
1744723045903 4.0 4
1744723045958 5.0 5
1744723045997 6.0 6
1744723046042 7.0 7
1744723046092 8.0 8
1744723046135 9.0 9
1744723046188 10.0 10
1744723046244 11.0 11
1744723046284 12.0 12
1744723046322 13.0 13
1744723046365 14.0 14
1744724252466 0.0 0
1744724252507 1.0 1
1744724252544 2.0 2
1744724252583 3.0 3
1744724252631 4.0 4
1744724252669 5.0 5
1744724252704 6.0 6
1744724252741 7.0 7
1744724252780 8.0 8
1744724252814 9.0 9
1744724252848 10.0 10
1744724252884 11.0 11
1744724252921 12.0 12
1744724252954 13.0 13
1744724252988 14.0 14
1744725443261 0.0 0
1744725443300 1.0 1
1744725443344 2.0 2
1744725443368 3.0 3
1744725443392 4.0 4
1744725443433 5.0 5
1744725443468 6.0 6
1744725443505 7.0 7
1744725443540 8.0 8
1744725443573 9.0 9
1744725443606 10.0 10
1744725443644 11.0 11
1744725443684 12.0 12
1744725443727 13.0 13
1744725443766 14.0 14
