1744714719770 40.539031982421875 0
1744714719813 23.06183433532715 1
1744714719840 17.855905532836914 2
1744714719863 17.04404067993164 3
1744714719888 16.62611198425293 4
1744714719909 16.303754806518555 5
1744714719932 17.812501907348633 6
1744714719957 16.097332000732422 7
1744714719983 14.132850646972656 8
1744714720020 14.098832130432129 9
1744714720051 12.986076354980469 10
1744714720084 12.072927474975586 11
1744714720117 11.018197059631348 12
1744714720140 10.917871475219727 13
1744714720163 10.414737701416016 14
1744715879832 10.606823921203613 0
1744715879856 9.12726879119873 1
1744715879879 9.701919555664062 2
1744715879900 9.386869430541992 3
1744715879922 8.337082862854004 4
1744715879961 8.024147033691406 5
1744715879996 7.192855358123779 6
1744715880032 7.31642484664917 7
1744715880068 6.766653537750244 8
1744715880107 6.54171085357666 9
1744715880144 6.49927282333374 10
1744715880176 6.479649543762207 11
1744715880202 6.010750770568848 12
1744715880226 5.167455196380615 13
1744715880271 5.528276443481445 14
1744717075382 4.930148601531982 0
1744717075405 6.45609712600708 1
1744717075428 5.3950605392456055 2
1744717075452 4.415983200073242 3
1744717075476 5.630298137664795 4
1744717075498 5.6395392417907715 5
1744717075522 4.717668533325195 6
1744717075546 4.843930721282959 7
1744717075591 4.611547946929932 8
1744717075637 4.449842929840088 9
1744717075691 4.633018493652344 10
1744717075735 3.737264394760132 11
1744717075775 3.7758543491363525 12
1744717075811 4.408340930938721 13
1744717075849 4.041925430297852 14
1744718262205 3.958904981613159 0
1744718262245 5.861100196838379 1
1744718262315 4.292707920074463 2
1744718262363 4.27276611328125 3
1744718262401 3.8376171588897705 4
1744718262442 3.371473550796509 5
1744718262487 3.2303929328918457 6
1744718262523 3.738051176071167 7
1744718262560 4.450859546661377 8
1744718262595 3.930842638015747 9
1744718262638 3.4234089851379395 10
1744718262690 3.539273977279663 11
1744718262750 3.4608218669891357 12
1744718262797 2.9718477725982666 13
1744718262837 2.9558608531951904 14
1744719441188 3.9077906608581543 0
1744719441224 4.4220075607299805 1
1744719441255 3.273343086242676 2
1744719441299 3.001741886138916 3
1744719441335 3.481093406677246 4
1744719441374 3.04388427734375 5
1744719441411 3.4802281856536865 6
1744719441451 3.5380871295928955 7
1744719441496 3.1122853755950928 8
1744719441536 2.793356418609619 9
1744719441574 3.55269455909729 10
1744719441616 3.3081767559051514 11
1744719441658 3.145352602005005 12
1744719441709 2.911271810531616 13
1744719441752 2.7759008407592773 14
1744720697605 2.558225154876709 0
1744720697644 4.893618106842041 1
1744720697680 3.439711570739746 2
1744720697734 3.321690797805786 3
1744720697777 4.280509948730469 4
1744720697814 4.346397399902344 5
1744720697854 2.882272243499756 6
1744720697893 3.717670440673828 7
1744720697931 3.4120376110076904 8
1744720697968 3.1434357166290283 9
1744720698000 3.165048599243164 10
1744720698045 2.9868695735931396 11
1744720698095 2.545921802520752 12
1744720698135 3.278350830078125 13
1744720698173 3.0624091625213623 14
1744721876065 3.5438082218170166 0
1744721876100 4.243950843811035 1
1744721876141 2.731405258178711 2
1744721876174 3.6622323989868164 3
1744721876209 3.4415736198425293 4
1744721876234 3.941734790802002 5
1744721876273 2.992055654525757 6
1744721876308 3.0284950733184814 7
1744721876339 3.3751347064971924 8
1744721876371 2.6045756340026855 9
1744721876403 3.220660924911499 10
1744721876440 3.092155694961548 11
1744721876487 2.7389752864837646 12
1744721876520 3.2597477436065674 13
1744721876554 3.0969748497009277 14
1744723045725 2.535670280456543 0
1744723045759 5.055591583251953 1
1744723045793 3.345210552215576 2
1744723045841 4.033219337463379 3
1744723045903 3.8981070518493652 4
1744723045958 4.041106700897217 5
1744723045997 2.690582752227783 6
1744723046042 3.208932876586914 7
1744723046092 2.878716230392456 8
1744723046135 3.325331211090088 9
1744723046188 2.7710139751434326 10
1744723046244 2.870664596557617 11
1744723046284 2.8665778636932373 12
1744723046322 2.3958263397216797 13
1744723046365 3.7668607234954834 14
1744724252466 4.772276878356934 0
1744724252507 3.8868720531463623 1
1744724252544 4.2226715087890625 2
1744724252583 4.13466215133667 3
1744724252631 3.6648542881011963 4
1744724252669 3.3438777923583984 5
1744724252704 2.556321382522583 6
1744724252741 3.330270528793335 7
1744724252780 3.4572949409484863 8
1744724252814 3.863793134689331 9
1744724252848 3.7540385723114014 10
1744724252884 2.4112770557403564 11
1744724252921 3.4573915004730225 12
1744724252954 3.0157222747802734 13
1744724252988 3.1001973152160645 14
1744725443261 2.7529077529907227 0
1744725443300 5.634494304656982 1
1744725443344 3.2410786151885986 2
1744725443368 3.416231155395508 3
1744725443392 3.5289623737335205 4
1744725443433 2.8831002712249756 5
1744725443468 3.289185047149658 6
1744725443505 2.7642970085144043 7
1744725443540 3.544945240020752 8
1744725443573 3.367539405822754 9
1744725443606 3.0239007472991943 10
1744725443644 3.4345576763153076 11
1744725443684 3.402571201324463 12
1744725443727 3.6106581687927246 13
1744725443766 3.528937578201294 14
