1744714719770 132.365966796875 0
1744714719813 74.00411987304688 1
1744714719840 56.50151824951172 2
1744714719863 54.43264389038086 3
1744714719888 52.95246505737305 4
1744714719909 51.67540740966797 5
1744714719932 56.62916564941406 6
1744714719957 50.77454376220703 7
1744714719983 44.374752044677734 8
1744714720020 44.14870071411133 9
1744714720051 40.7733268737793 10
1744714720084 37.731163024902344 11
1744714720117 34.03986358642578 12
1744714720140 33.77259826660156 13
1744714720163 32.16796875 14
1744715879832 33.22037887573242 0
1744715879856 27.57208251953125 1
1744715879879 30.200077056884766 2
1744715879900 29.843334197998047 3
1744715879922 25.438047409057617 4
1744715879961 24.162334442138672 5
1744715879996 22.29958724975586 6
1744715880032 21.026573181152344 7
1744715880068 19.985822677612305 8
1744715880107 18.50670623779297 9
1744715880144 19.021467208862305 10
1744715880176 19.37752914428711 11
1744715880202 17.796916961669922 12
1744715880226 15.021560668945312 13
1744715880271 16.20012855529785 14
1744717075382 14.666648864746094 0
1744717075405 18.09342384338379 1
1744717075428 15.034430503845215 2
1744717075452 13.02888298034668 3
1744717075476 15.9143705368042 4
1744717075498 16.54485511779785 5
1744717075522 12.932479858398438 6
1744717075546 12.104601860046387 7
1744717075591 12.23943042755127 8
1744717075637 12.315919876098633 9
1744717075691 12.593099594116211 10
1744717075735 10.761773109436035 11
1744717075775 10.913705825805664 12
1744717075811 10.821416854858398 13
1744717075849 10.457387924194336 14
1744718262205 9.538457870483398 0
1744718262245 15.088953018188477 1
1744718262315 10.638919830322266 2
1744718262363 10.949089050292969 3
1744718262401 11.261013984680176 4
1744718262442 9.446353912353516 5
1744718262487 9.141127586364746 6
1744718262523 9.548785209655762 7
1744718262560 10.787662506103516 8
1744718262595 9.64281177520752 9
1744718262638 9.21372127532959 10
1744718262690 8.775172233581543 11
1744718262750 8.46055793762207 12
1744718262797 7.747951030731201 13
1744718262837 7.444596767425537 14
1744719441188 9.077299118041992 0
1744719441224 12.267099380493164 1
1744719441255 9.25654125213623 2
1744719441299 8.317163467407227 3
1744719441335 9.143694877624512 4
1744719441374 8.784441947937012 5
1744719441411 7.943913459777832 6
1744719441451 8.82474422454834 7
1744719441496 7.755099773406982 8
1744719441536 7.761528015136719 9
1744719441574 7.697812557220459 10
1744719441616 7.10011625289917 11
1744719441658 6.82003927230835 12
1744719441709 6.855830669403076 13
1744719441752 6.427675247192383 14
1744720697605 6.55272102355957 0
1744720697644 14.118551254272461 1
1744720697680 8.600354194641113 2
1744720697734 7.968405723571777 3
1744720697777 9.67932415008545 4
1744720697814 8.781472206115723 5
1744720697854 7.606294631958008 6
1744720697893 6.788616180419922 7
1744720697931 7.511099815368652 8
1744720697968 7.5579729080200195 9
1744720698000 7.583075523376465 10
1744720698045 5.958666801452637 11
1744720698095 5.804865837097168 12
1744720698135 6.4671149253845215 13
1744720698173 6.517298221588135 14
1744721876065 6.655148983001709 0
1744721876100 11.22460651397705 1
1744721876141 7.001871585845947 2
1744721876174 8.178650856018066 3
1744721876209 8.791078567504883 4
1744721876234 8.599077224731445 5
1744721876273 6.716804027557373 6
1744721876308 6.744045257568359 7
1744721876339 7.118504047393799 8
1744721876371 6.449378967285156 9
1744721876403 7.757960319519043 10
1744721876440 6.810642719268799 11
1744721876487 6.469193458557129 12
1744721876520 7.9566264152526855 13
1744721876554 7.139043807983398 14
1744723045725 5.720822334289551 0
1744723045759 12.628532409667969 1
1744723045793 7.161985397338867 2
1744723045841 7.291651248931885 3
1744723045903 8.160557746887207 4
1744723045958 8.944722175598145 5
1744723045997 6.33966064453125 6
1744723046042 6.308443546295166 7
1744723046092 6.332627773284912 8
1744723046135 8.180634498596191 9
1744723046188 6.340373992919922 10
1744723046244 6.527651309967041 11
1744723046284 5.9052205085754395 12
1744723046322 4.927202224731445 13
1744723046365 6.169908046722412 14
1744724252466 6.711664199829102 0
1744724252507 9.853114128112793 1
1744724252544 9.003730773925781 2
1744724252583 7.365002632141113 3
1744724252631 8.52890682220459 4
1744724252669 7.710867881774902 5
1744724252704 6.592484474182129 6
1744724252741 6.5082597732543945 7
1744724252780 6.576468467712402 8
1744724252814 7.365269660949707 9
1744724252848 7.006666660308838 10
1744724252884 5.3455705642700195 11
1744724252921 5.716305732727051 12
1744724252954 5.9638590812683105 13
1744724252988 5.977041244506836 14
1744725443261 5.53378963470459 0
1744725443300 11.91069507598877 1
1744725443344 6.177342891693115 2
1744725443368 6.660525321960449 3
1744725443392 7.771265029907227 4
1744725443433 6.928680896759033 5
1744725443468 6.418735980987549 6
1744725443505 6.177218437194824 7
1744725443540 7.697226047515869 8
1744725443573 7.710846900939941 9
1744725443606 6.456542015075684 10
1744725443644 5.733599662780762 11
1744725443684 5.56062650680542 12
1744725443727 5.690366744995117 13
1744725443766 6.518851280212402 14
