1738280459486 0.0 0
1738280459510 1.0 1
1738280459534 2.0 2
1738280459560 3.0 3
1738280459583 4.0 4
1738280459607 5.0 5
1738280459632 6.0 6
1738280459662 7.0 7
1738280459702 8.0 8
1738280459733 9.0 9
1738280509154 0.0 0
1738280509175 1.0 1
1738280509198 2.0 2
1738280509220 3.0 3
1738280509243 4.0 4
1738280509263 5.0 5
1738280509286 6.0 6
1738280509311 7.0 7
1738280509336 8.0 8
1738280509377 9.0 9
1738280556421 0.0 0
1738280556435 1.0 1
1738280556458 2.0 2
1738280556486 3.0 3
1738280556510 4.0 4
1738280556534 5.0 5
1738280556558 6.0 6
1738280556581 7.0 7
1738280556603 8.0 8
1738280556624 9.0 9
1738280607563 0.0 0
1738280607577 1.0 1
1738280607591 2.0 2
1738280607605 3.0 3
1738280607619 4.0 4
1738280607641 5.0 5
1738280607665 6.0 6
1738280607688 7.0 7
1738280607719 8.0 8
1738280607759 9.0 9
1738280661084 0.0 0
1738280661109 1.0 1
1738280661133 2.0 2
1738280661155 3.0 3
1738280661180 4.0 4
1738280661204 5.0 5
1738280661231 6.0 6
1738280661257 7.0 7
1738280661287 8.0 8
1738280661313 9.0 9
1738280716719 0.0 0
1738280716744 1.0 1
1738280716770 2.0 2
1738280716792 3.0 3
1738280716820 4.0 4
1738280716844 5.0 5
1738280716867 6.0 6
1738280716890 7.0 7
1738280716912 8.0 8
1738280716940 9.0 9
1738280773751 0.0 0
1738280773774 1.0 1
1738280773797 2.0 2
1738280773819 3.0 3
1738280773843 4.0 4
1738280773866 5.0 5
1738280773894 6.0 6
1738280773915 7.0 7
1738280773936 8.0 8
1738280773965 9.0 9
1738280830966 0.0 0
1738280830992 1.0 1
1738280831019 2.0 2
1738280831042 3.0 3
1738280831065 4.0 4
1738280831094 5.0 5
1738280831119 6.0 6
1738280831141 7.0 7
1738280831164 8.0 8
1738280831187 9.0 9
1738280889104 0.0 0
1738280889130 1.0 1
1738280889157 2.0 2
1738280889181 3.0 3
1738280889205 4.0 4
1738280889231 5.0 5
1738280889254 6.0 6
1738280889279 7.0 7
1738280889300 8.0 8
1738280889325 9.0 9
1738280946681 0.0 0
1738280946704 1.0 1
1738280946726 2.0 2
1738280946756 3.0 3
1738280946782 4.0 4
1738280946806 5.0 5
1738280946829 6.0 6
1738280946856 7.0 7
1738280946882 8.0 8
1738280946908 9.0 9
