1738280459486 1.1269065141677856 0
1738280459510 0.4647509753704071 1
1738280459534 0.360889732837677 2
1738280459560 0.41921475529670715 3
1738280459583 0.2744426429271698 4
1738280459607 0.3411504626274109 5
1738280459632 0.2712242305278778 6
1738280459662 0.14609088003635406 7
1738280459702 0.12914934754371643 8
1738280459733 0.26006171107292175 9
1738280509154 0.42728689312934875 0
1738280509175 0.5118577480316162 1
1738280509198 0.6274089813232422 2
1738280509220 0.32547304034233093 3
1738280509243 0.30625084042549133 4
1738280509263 0.3549503684043884 5
1738280509286 0.3177509009838104 6
1738280509311 0.1616176813840866 7
1738280509336 0.1407744586467743 8
1738280509377 0.11146264523267746 9
1738280556421 0.7802079916000366 0
1738280556435 0.6570919752120972 1
1738280556458 0.41743209958076477 2
1738280556486 0.33884382247924805 3
1738280556510 0.4026372730731964 4
1738280556534 0.1973964422941208 5
1738280556558 0.18764503300189972 6
1738280556581 0.16587167978286743 7
1738280556603 0.11929734796285629 8
1738280556624 0.11089086532592773 9
1738280607563 0.4544045031070709 0
1738280607577 0.6460801362991333 1
1738280607591 0.37950560450553894 2
1738280607605 0.43272385001182556 3
1738280607619 0.2648942768573761 4
1738280607641 0.43727079033851624 5
1738280607665 0.15139156579971313 6
1738280607688 0.1982370913028717 7
1738280607719 0.15311214327812195 8
1738280607759 0.09728407859802246 9
1738280661084 0.5980961322784424 0
1738280661109 0.5238214731216431 1
1738280661133 0.443785160779953 2
1738280661155 0.37055474519729614 3
1738280661180 0.2963370680809021 4
1738280661204 0.23356100916862488 5
1738280661231 0.13024620711803436 6
1738280661257 0.1346021592617035 7
1738280661287 0.11166365444660187 8
1738280661313 0.1252223700284958 9
1738280716719 0.4982614517211914 0
1738280716744 0.3434361219406128 1
1738280716770 0.2953862249851227 2
1738280716792 0.3834283649921417 3
1738280716820 0.1825585663318634 4
1738280716844 0.13864287734031677 5
1738280716867 0.214804545044899 6
1738280716890 0.2750823497772217 7
1738280716912 0.27474337816238403 8
1738280716940 0.25817444920539856 9
1738280773751 0.40343159437179565 0
1738280773774 0.43501123785972595 1
1738280773797 0.28644728660583496 2
1738280773819 0.3121992349624634 3
1738280773843 0.21496710181236267 4
1738280773866 0.20248031616210938 5
1738280773894 0.12523023784160614 6
1738280773915 0.21809107065200806 7
1738280773936 0.1777551770210266 8
1738280773965 0.09492427855730057 9
1738280830966 0.5446462035179138 0
1738280830992 0.4031361937522888 1
1738280831019 0.3750143349170685 2
1738280831042 0.23803670704364777 3
1738280831065 0.2255086749792099 4
1738280831094 0.34193482995033264 5
1738280831119 0.16177454590797424 6
1738280831141 0.20462939143180847 7
1738280831164 0.0966833084821701 8
1738280831187 0.1194821298122406 9
1738280889104 0.667855978012085 0
1738280889130 0.4568886458873749 1
1738280889157 0.6012250781059265 2
1738280889181 0.29547521471977234 3
1738280889205 0.28902876377105713 4
1738280889231 0.2552696168422699 5
1738280889254 0.21123351156711578 6
1738280889279 0.11982620507478714 7
1738280889300 0.12086644768714905 8
1738280889325 0.13712532818317413 9
1738280946681 0.6246998906135559 0
1738280946704 0.41329944133758545 1
1738280946726 0.37223222851753235 2
1738280946756 0.3232841193675995 3
1738280946782 0.3122052848339081 4
1738280946806 0.24262864887714386 5
1738280946829 0.29092124104499817 6
1738280946856 0.2604200541973114 7
1738280946882 0.22900114953517914 8
1738280946908 0.24301061034202576 9
