1744497165148 0.6625732183456421 0
1744497165163 0.6594078540802002 1
1744497165177 0.6358655095100403 2
1744497165191 0.6191766262054443 3
1744497165204 0.6226567029953003 4
1744497165220 0.6124681234359741 5
1744497165236 0.605230987071991 6
1744497165249 0.5898573994636536 7
1744497165263 0.5906445384025574 8
1744497165277 0.5774362087249756 9
1744497165292 0.5829487442970276 10
1744497165306 0.5809314250946045 11
1744497165319 0.5172315835952759 12
1744497165333 0.5553115606307983 13
1744497165347 0.5797563195228577 14
