1744497165148 0.4904237389564514 0
1744497165163 0.6351584792137146 1
1744497165177 0.7078291177749634 2
1744497165191 0.7293726801872253 3
1744497165204 0.5802602171897888 4
1744497165220 0.6667019724845886 5
1744497165236 0.47556620836257935 6
1744497165249 0.5576417446136475 7
1744497165263 0.572114109992981 8
1744497165277 0.5134966373443604 9
1744497165292 0.4658234417438507 10
1744497165306 0.6953809261322021 11
1744497165319 0.5871461033821106 12
1744497165333 0.6501606702804565 13
1744497165347 0.6091205477714539 14
