1744497165148 34.86911392211914 0
1744497165163 22.771625518798828 1
1744497165177 17.92487144470215 2
1744497165191 15.777791976928711 3
1744497165204 16.236190795898438 4
1744497165220 15.712894439697266 5
1744497165236 14.298384666442871 6
1744497165249 13.797201156616211 7
1744497165263 12.692728042602539 8
1744497165277 11.460176467895508 9
1744497165292 11.359970092773438 10
1744497165306 12.180427551269531 11
1744497165319 10.94697093963623 12
1744497165333 10.73647403717041 13
1744497165347 11.131667137145996 14
