1744497165148 113.97721862792969 0
1744497165163 73.17277526855469 1
1744497165177 56.796669006347656 2
1744497165191 49.58349609375 3
1744497165204 51.60529327392578 4
1744497165220 49.58233642578125 5
1744497165236 45.51117706298828 6
1744497165249 43.581329345703125 7
1744497165263 39.85077667236328 8
1744497165277 35.94999313354492 9
1744497165292 35.76973342895508 10
1744497165306 37.74128341674805 11
1744497165319 34.04999923706055 12
1744497165333 33.102752685546875 13
1744497165347 34.53404998779297 14
