1737756424287 0.0 0
1737756424322 1.0 1
1737756424362 2.0 2
1737756424393 3.0 3
1737756424422 4.0 4
1737756424451 5.0 5
1737756424479 6.0 6
1737756424513 7.0 7
1737756424541 8.0 8
1737756424577 9.0 9
1737756494953 0.0 0
1737756494983 1.0 1
1737756495009 2.0 2
1737756495035 3.0 3
1737756495063 4.0 4
1737756495092 5.0 5
1737756495119 6.0 6
1737756495144 7.0 7
1737756495170 8.0 8
1737756495195 9.0 9
1737756573011 0.0 0
1737756573047 1.0 1
1737756573090 2.0 2
1737756573119 3.0 3
1737756573160 4.0 4
1737756573194 5.0 5
1737756573243 6.0 6
1737756573285 7.0 7
1737756573323 8.0 8
1737756573356 9.0 9
1737756645799 0.0 0
1737756645824 1.0 1
1737756645852 2.0 2
1737756645877 3.0 3
1737756645902 4.0 4
1737756645927 5.0 5
1737756645955 6.0 6
1737756645983 7.0 7
1737756646010 8.0 8
1737756646035 9.0 9
1737756713682 0.0 0
1737756713711 1.0 1
1737756713739 2.0 2
1737756713769 3.0 3
1737756713798 4.0 4
1737756713827 5.0 5
1737756713858 6.0 6
1737756713889 7.0 7
1737756713918 8.0 8
1737756713945 9.0 9
1737756770004 0.0 0
1737756770023 1.0 1
1737756770041 2.0 2
1737756770058 3.0 3
1737756770077 4.0 4
1737756770096 5.0 5
1737756770114 6.0 6
1737756770131 7.0 7
1737756770149 8.0 8
1737756770166 9.0 9
1737756825874 0.0 0
1737756825897 1.0 1
1737756825922 2.0 2
1737756825940 3.0 3
1737756825959 4.0 4
1737756825978 5.0 5
1737756825997 6.0 6
1737756826017 7.0 7
1737756826039 8.0 8
1737756826059 9.0 9
1737756878157 0.0 0
1737756878183 1.0 1
1737756878208 2.0 2
1737756878233 3.0 3
1737756878257 4.0 4
1737756878302 5.0 5
1737756878335 6.0 6
1737756878368 7.0 7
1737756878399 8.0 8
1737756878426 9.0 9
1737756932030 0.0 0
1737756932058 1.0 1
1737756932089 2.0 2
1737756932117 3.0 3
1737756932141 4.0 4
1737756932160 5.0 5
1737756932180 6.0 6
1737756932199 7.0 7
1737756932218 8.0 8
1737756932237 9.0 9
1737756985415 0.0 0
1737756985433 1.0 1
1737756985455 2.0 2
1737756985480 3.0 3
1737756985499 4.0 4
1737756985518 5.0 5
1737756985536 6.0 6
1737756985563 7.0 7
1737756985581 8.0 8
1737756985600 9.0 9
