1737756424287 0.0 0
1737756424322 0.0 1
1737756424362 0.0 2
1737756424393 0.0 3
1737756424422 0.0 4
1737756424451 0.0 5
1737756424479 0.0 6
1737756424513 0.0 7
1737756424541 0.0 8
1737756424577 0.0 9
1737756494953 0.0 0
1737756494983 0.0 1
1737756495009 0.0 2
1737756495035 0.0 3
1737756495063 0.0 4
1737756495092 0.0 5
1737756495119 0.0 6
1737756495144 0.0 7
1737756495170 0.0 8
1737756495195 0.0 9
1737756573011 0.0 0
1737756573047 0.0 1
1737756573090 0.0 2
1737756573119 0.0 3
1737756573160 0.0 4
1737756573194 0.0 5
1737756573243 0.0 6
1737756573285 0.0 7
1737756573323 0.0 8
1737756573356 0.0 9
1737756645799 0.0 0
1737756645824 0.0 1
1737756645852 0.0 2
1737756645877 0.0 3
1737756645902 0.0 4
1737756645927 0.0 5
1737756645955 0.0 6
1737756645983 0.0 7
1737756646010 0.0 8
1737756646035 0.0 9
1737756713682 0.0 0
1737756713711 0.0 1
1737756713739 0.0 2
1737756713769 0.0 3
1737756713798 0.0 4
1737756713827 0.0 5
1737756713858 0.0 6
1737756713889 0.0 7
1737756713918 0.0 8
1737756713945 0.0 9
1737756770004 0.0 0
1737756770023 0.0 1
1737756770041 0.0 2
1737756770058 0.0 3
1737756770077 0.0 4
1737756770096 0.0 5
1737756770114 0.0 6
1737756770131 0.0 7
1737756770149 0.0 8
1737756770166 0.0 9
1737756825874 0.0 0
1737756825897 0.0 1
1737756825922 0.0 2
1737756825940 0.0 3
1737756825959 0.0 4
1737756825978 0.0 5
1737756825997 0.0 6
1737756826017 0.0 7
1737756826039 0.0 8
1737756826059 0.0 9
1737756878157 0.0 0
1737756878183 0.0 1
1737756878208 0.0 2
1737756878233 0.0 3
1737756878257 0.0 4
1737756878302 0.0 5
1737756878335 0.0 6
1737756878368 0.0 7
1737756878399 0.0 8
1737756878426 0.0 9
1737756932030 0.0 0
1737756932058 0.0 1
1737756932089 0.0 2
1737756932117 0.0 3
1737756932141 0.0 4
1737756932160 0.0 5
1737756932180 0.0 6
1737756932199 0.0 7
1737756932218 0.0 8
1737756932237 0.0 9
1737756985415 0.0 0
1737756985433 0.0 1
1737756985455 0.0 2
1737756985480 0.0 3
1737756985499 0.0 4
1737756985518 0.0 5
1737756985536 0.0 6
1737756985563 0.0 7
1737756985581 0.0 8
1737756985600 0.0 9
