1744474598053 0.704203724861145 0
1744474598090 0.7002100348472595 1
1744474598133 0.6647356748580933 2
1744474598173 0.6310087442398071 3
1744474598213 0.617289662361145 4
1744474598255 0.6316705346107483 5
1744474598309 0.6057419776916504 6
1744474598351 0.6101335883140564 7
1744474598392 0.593058705329895 8
1744474598429 0.5968884825706482 9
1744474639315 0.596565842628479 0
1744474639351 0.5939900875091553 1
1744474639391 0.6257912516593933 2
1744474639429 0.633125901222229 3
1744474639461 0.6247501969337463 4
1744474639498 0.6131106615066528 5
1744474639547 0.6356130242347717 6
1744474639605 0.661113440990448 7
1744474639647 0.6092151999473572 8
1744474639689 0.6044565439224243 9
1744474686461 0.6288678646087646 0
1744474686517 0.6284037828445435 1
1744474686558 0.6475604772567749 2
1744474686593 0.6740289330482483 3
1744474686629 0.7576197385787964 4
1744474686669 0.6875730752944946 5
1744474686706 0.699368417263031 6
1744474686752 0.7124139070510864 7
1744474686804 0.6319901347160339 8
1744474686847 0.7657248973846436 9
1744474735178 0.7640228867530823 0
1744474735222 0.7425159811973572 1
1744474735285 0.75919508934021 2
1744474735331 0.7105520963668823 3
1744474735372 0.7631356716156006 4
1744474735410 0.8392850160598755 5
1744474735472 0.8090396523475647 6
1744474735506 0.7516958713531494 7
1744474735549 0.7997985482215881 8
1744474735586 0.6983090043067932 9
1744474789975 0.840438723564148 0
1744474790023 0.8051973581314087 1
1744474790057 0.8563826084136963 2
1744474790091 0.8024939298629761 3
1744474790126 0.8684731125831604 4
1744474790160 0.8746441602706909 5
1744474790209 1.0079834461212158 6
1744474790257 0.9037636518478394 7
1744474790299 0.8813225626945496 8
1744474790337 1.0971139669418335 9
