1744474598053 0.8420802354812622 0
1744474598090 0.5316657423973083 1
1744474598133 0.3964751362800598 2
1744474598173 0.6539651155471802 3
1744474598213 0.4996928870677948 4
1744474598255 0.5099533796310425 5
1744474598309 0.5734098553657532 6
1744474598351 0.42979365587234497 7
1744474598392 0.5295206308364868 8
1744474598429 0.7775726318359375 9
1744474639315 0.8275483846664429 0
1744474639351 0.6672831177711487 1
1744474639391 0.5025614500045776 2
1744474639429 0.7150447368621826 3
1744474639461 0.6970580220222473 4
1744474639498 0.29534685611724854 5
1744474639547 0.7235500812530518 6
1744474639605 0.6859191060066223 7
1744474639647 0.4387070834636688 8
1744474639689 0.27857571840286255 9
1744474686461 0.6193277835845947 0
1744474686517 0.7055212259292603 1
1744474686558 0.6203241348266602 2
1744474686593 0.33949893712997437 3
1744474686629 0.5945770740509033 4
1744474686669 0.49017807841300964 5
1744474686706 0.5963342785835266 6
1744474686752 0.5586391091346741 7
1744474686804 0.7039265036582947 8
1744474686847 0.42667892575263977 9
1744474735178 0.6238378286361694 0
1744474735222 1.1469388008117676 1
1744474735285 0.7753744721412659 2
1744474735331 0.4321870803833008 3
1744474735372 0.7194044589996338 4
1744474735410 0.8426305055618286 5
1744474735472 0.2755891680717468 6
1744474735506 0.512023389339447 7
1744474735549 0.9279477000236511 8
1744474735586 0.8952184319496155 9
1744474789975 0.2589552700519562 0
1744474790023 0.4200640320777893 1
1744474790057 0.8983582258224487 2
1744474790091 0.500458300113678 3
1744474790126 0.3650798797607422 4
1744474790160 0.5570162534713745 5
1744474790209 1.0880879163742065 6
1744474790257 0.7062431573867798 7
1744474790299 0.9394697546958923 8
1744474790337 0.4996758997440338 9
