1744474598053 0.0 0
1744474598090 1.0 1
1744474598133 2.0 2
1744474598173 3.0 3
1744474598213 4.0 4
1744474598255 5.0 5
1744474598309 6.0 6
1744474598351 7.0 7
1744474598392 8.0 8
1744474598429 9.0 9
1744474639315 0.0 0
1744474639351 1.0 1
1744474639391 2.0 2
1744474639429 3.0 3
1744474639461 4.0 4
1744474639498 5.0 5
1744474639547 6.0 6
1744474639605 7.0 7
1744474639647 8.0 8
1744474639689 9.0 9
1744474686461 0.0 0
1744474686517 1.0 1
1744474686558 2.0 2
1744474686593 3.0 3
1744474686629 4.0 4
1744474686669 5.0 5
1744474686706 6.0 6
1744474686752 7.0 7
1744474686804 8.0 8
1744474686847 9.0 9
1744474735178 0.0 0
1744474735222 1.0 1
1744474735285 2.0 2
1744474735331 3.0 3
1744474735372 4.0 4
1744474735410 5.0 5
1744474735472 6.0 6
1744474735506 7.0 7
1744474735549 8.0 8
1744474735586 9.0 9
1744474789975 0.0 0
1744474790023 1.0 1
1744474790057 2.0 2
1744474790091 3.0 3
1744474790126 4.0 4
1744474790160 5.0 5
1744474790209 6.0 6
1744474790257 7.0 7
1744474790299 8.0 8
1744474790337 9.0 9
