1744474598053 34.35813522338867 0
1744474598090 22.054521560668945 1
1744474598133 16.246498107910156 2
1744474598173 16.770097732543945 3
1744474598213 15.690916061401367 4
1744474598255 15.504830360412598 5
1744474598309 15.104866027832031 6
1744474598351 14.28209114074707 7
1744474598392 13.307154655456543 8
1744474598429 11.819794654846191 9
1744474639315 11.664838790893555 0
1744474639351 11.051392555236816 1
1744474639391 10.740205764770508 2
1744474639429 10.237382888793945 3
1744474639461 9.096234321594238 4
1744474639498 9.210637092590332 5
1744474639547 8.627718925476074 6
1744474639605 9.309989929199219 7
1744474639647 7.95322322845459 8
1744474639689 6.880669116973877 9
1744474686461 7.060222148895264 0
1744474686517 8.771800994873047 1
1744474686558 7.121030807495117 2
1744474686593 6.401296615600586 3
1744474686629 6.637422561645508 4
1744474686669 6.3117499351501465 5
1744474686706 6.367019176483154 6
1744474686752 5.952025413513184 7
1744474686804 5.653132438659668 8
1744474686847 5.0224995613098145 9
1744474735178 4.918743133544922 0
1744474735222 6.949105739593506 1
1744474735285 5.249825954437256 2
1744474735331 4.976217746734619 3
1744474735372 5.489189624786377 4
1744474735410 5.364311218261719 5
1744474735472 4.34782075881958 6
1744474735506 3.985255718231201 7
1744474735549 4.444386005401611 8
1744474735586 4.607354164123535 9
1744474789975 4.052962779998779 0
1744474790023 5.279519081115723 1
1744474790057 4.957398891448975 2
1744474790091 4.2111406326293945 3
1744474790126 4.224523067474365 4
1744474790160 4.296766757965088 5
1744474790209 4.707117080688477 6
1744474790257 3.9640729427337646 7
1744474790299 3.8897457122802734 8
1744474790337 3.958178997039795 9
