1744474598053 111.06292724609375 0
1744474598090 71.08932495117188 1
1744474598133 52.212982177734375 2
1744474598173 53.131500244140625 3
1744474598213 50.06127166748047 4
1744474598255 49.39336395263672 5
1744474598309 47.872825622558594 6
1744474598351 45.60486602783203 7
1744474598392 42.03858947753906 8
1744474598429 36.250308990478516 9
1744474639315 35.5675048828125 0
1744474639351 34.05930709838867 1
1744474639391 33.54140853881836 2
1744474639429 31.150205612182617 3
1744474639461 27.414155960083008 4
1744474639498 29.145395278930664 5
1744474639547 25.753990173339844 6
1744474639605 28.12986183166504 7
1744474639647 24.479785919189453 8
1744474639689 21.44281768798828 9
1744474686461 20.882701873779297 0
1744474686517 26.301088333129883 1
1744474686558 21.064632415771484 2
1744474686593 19.57689666748047 3
1744474686629 19.435707092285156 4
1744474686669 18.763504028320312 5
1744474686706 18.582870483398438 6
1744474686752 17.313034057617188 7
1744474686804 15.90749454498291 8
1744474686847 14.604723930358887 9
1744474735178 13.603262901306152 0
1744474735222 18.647541046142578 1
1744474735285 14.206255912780762 2
1744474735331 14.483586311340332 3
1744474735372 15.187023162841797 4
1744474735410 14.288936614990234 5
1744474735472 12.819002151489258 6
1744474735506 10.875858306884766 7
1744474735549 10.974981307983398 8
1744474735586 11.722029685974121 9
1744474789975 11.862281799316406 0
1744474790023 15.446664810180664 1
1744474790057 12.730844497680664 2
1744474790091 11.619945526123047 3
1744474790126 12.054235458374023 4
1744474790160 11.649499893188477 5
1744474790209 11.12264633178711 6
1744474790257 10.015918731689453 7
1744474790299 9.01168441772461 8
1744474790337 10.504369735717773 9
