1737670847704 0.0 0
1737670847723 1.0 1
1737670847757 2.0 2
1737670847800 3.0 3
1737670847838 4.0 4
1737670847861 5.0 5
1737670847885 6.0 6
1737670847908 7.0 7
1737670847934 8.0 8
1737670847958 9.0 9
1737670866222 0.0 0
1737670866246 1.0 1
1737670866271 2.0 2
1737670866296 3.0 3
1737670866322 4.0 4
1737670866348 5.0 5
1737670866373 6.0 6
1737670866394 7.0 7
1737670866415 8.0 8
1737670866436 9.0 9
1737670886208 0.0 0
1737670886232 1.0 1
1737670886256 2.0 2
1737670886279 3.0 3
1737670886304 4.0 4
1737670886327 5.0 5
1737670886350 6.0 6
1737670886369 7.0 7
1737670886389 8.0 8
1737670886410 9.0 9
1737670901365 0.0 0
1737670901392 1.0 1
1737670901420 2.0 2
1737670901444 3.0 3
1737670901472 4.0 4
1737670901498 5.0 5
1737670901523 6.0 6
1737670901548 7.0 7
1737670901573 8.0 8
1737670901595 9.0 9
