1737670847704 0.0 0
1737670847723 0.0 1
1737670847757 0.0 2
1737670847800 0.0 3
1737670847838 0.0 4
1737670847861 0.0 5
1737670847885 0.0 6
1737670847908 0.0 7
1737670847934 0.0 8
1737670847958 0.0 9
1737670866222 0.0 0
1737670866246 0.0 1
1737670866271 0.0 2
1737670866296 0.0 3
1737670866322 0.0 4
1737670866348 0.0 5
1737670866373 0.0 6
1737670866394 0.0 7
1737670866415 0.0 8
1737670866436 0.0 9
1737670886208 0.0 0
1737670886232 0.0 1
1737670886256 0.0 2
1737670886279 0.0 3
1737670886304 0.0 4
1737670886327 0.0 5
1737670886350 0.0 6
1737670886369 0.0 7
1737670886389 0.0 8
1737670886410 0.0 9
1737670901365 0.0 0
1737670901392 0.0 1
1737670901420 0.0 2
1737670901444 0.0 3
1737670901472 0.0 4
1737670901498 0.0 5
1737670901523 0.0 6
1737670901548 0.0 7
1737670901573 0.0 8
1737670901595 0.0 9
