1737844045943 0.7307692307692307 1
1737844095784 0.7692307692307693 2
1737844143467 0.6153846153846154 3
1737844190820 0.6153846153846154 4
1737844236180 0.6153846153846154 5
1737844276628 0.6153846153846154 6
1737844312206 0.6538461538461539 7
1737844346870 0.6153846153846154 8
1737844384915 0.6538461538461539 9
1737844423893 0.5769230769230769 10
1737844460415 0.6153846153846154 11
1737844496096 0.6153846153846154 12
1737844533755 0.5769230769230769 13
1737844572950 0.6153846153846154 14
1737844609748 0.5384615384615384 15
