1737844045954 0.8461538461538461 1
1737844095775 0.8461538461538461 2
1737844143475 0.8076923076923077 3
1737844190814 0.8461538461538461 4
1737844236192 0.8461538461538461 5
1737844276623 0.8076923076923077 6
1737844312203 0.8461538461538461 7
1737844346873 0.8461538461538461 8
1737844384919 0.8076923076923077 9
1737844423896 0.8076923076923077 10
1737844460410 0.8076923076923077 11
1737844496110 0.8076923076923077 12
1737844533762 0.8461538461538461 13
1737844572956 0.8461538461538461 14
1737844609751 0.4230769230769231 15
