1737844045948 0.7692307692307693 1
1737844095788 0.8461538461538461 2
1737844143481 0.7692307692307693 3
1737844190806 0.8461538461538461 4
1737844236187 0.7692307692307693 5
1737844276625 0.7307692307692307 6
1737844312200 0.7692307692307693 7
1737844346877 0.8076923076923077 8
1737844384923 0.8076923076923077 9
1737844423898 0.8076923076923077 10
1737844460412 0.7692307692307693 11
1737844496100 0.7692307692307693 12
1737844533750 0.7692307692307693 13
1737844572953 0.7692307692307693 14
1737844609753 0.5 15
