1737844044034 0.0 0
1737844044064 1.0 1
1737844044087 2.0 2
1737844044108 3.0 3
1737844044129 4.0 4
1737844044161 5.0 5
1737844044182 6.0 6
1737844044202 7.0 7
1737844044223 8.0 8
1737844044251 9.0 9
1737844044277 10.0 10
1737844044302 11.0 11
1737844044324 12.0 12
1737844044346 13.0 13
1737844044367 14.0 14
1737844044391 15.0 15
1737844044419 16.0 16
1737844044447 17.0 17
1737844044472 18.0 18
1737844044494 19.0 19
1737844044515 20.0 20
1737844044540 21.0 21
1737844044568 22.0 22
1737844044593 23.0 23
1737844044625 24.0 24
1737844044648 25.0 25
1737844044682 26.0 26
1737844044711 27.0 27
1737844044742 28.0 28
1737844044773 29.0 29
1737844094051 0.0 0
1737844094079 1.0 1
1737844094101 2.0 2
1737844094125 3.0 3
1737844094152 4.0 4
1737844094177 5.0 5
1737844094200 6.0 6
1737844094228 7.0 7
1737844094249 8.0 8
1737844094270 9.0 9
1737844094292 10.0 10
1737844094319 11.0 11
1737844094343 12.0 12
1737844094365 13.0 13
1737844094388 14.0 14
1737844094412 15.0 15
1737844094438 16.0 16
1737844094470 17.0 17
1737844094503 18.0 18
1737844094536 19.0 19
1737844094566 20.0 20
1737844094594 21.0 21
1737844094623 22.0 22
1737844094650 23.0 23
1737844094680 24.0 24
1737844094708 25.0 25
1737844094736 26.0 26
1737844094768 27.0 27
1737844094803 28.0 28
1737844094832 29.0 29
1737844141613 0.0 0
1737844141646 1.0 1
1737844141678 2.0 2
1737844141702 3.0 3
1737844141725 4.0 4
1737844141756 5.0 5
1737844141777 6.0 6
1737844141797 7.0 7
1737844141816 8.0 8
1737844141837 9.0 9
1737844141857 10.0 10
1737844141888 11.0 11
1737844141911 12.0 12
1737844141934 13.0 13
1737844141954 14.0 14
1737844141976 15.0 15
1737844141996 16.0 16
1737844142016 17.0 17
1737844142040 18.0 18
1737844142066 19.0 19
1737844142090 20.0 20
1737844142113 21.0 21
1737844142133 22.0 22
1737844142153 23.0 23
1737844142176 24.0 24
1737844142196 25.0 25
1737844142217 26.0 26
1737844142241 27.0 27
1737844142267 28.0 28
1737844142293 29.0 29
1737844188731 0.0 0
1737844188756 1.0 1
1737844188784 2.0 2
1737844188821 3.0 3
1737844188856 4.0 4
1737844188891 5.0 5
1737844188923 6.0 6
1737844188956 7.0 7
1737844188984 8.0 8
1737844189013 9.0 9
1737844189044 10.0 10
1737844189073 11.0 11
1737844189104 12.0 12
1737844189132 13.0 13
1737844189158 14.0 14
1737844189192 15.0 15
1737844189230 16.0 16
1737844189258 17.0 17
1737844189285 18.0 18
1737844189321 19.0 19
1737844189353 20.0 20
1737844189381 21.0 21
1737844189409 22.0 22
1737844189437 23.0 23
1737844189463 24.0 24
1737844189483 25.0 25
1737844189503 26.0 26
1737844189523 27.0 27
1737844189542 28.0 28
1737844189562 29.0 29
1737844234447 0.0 0
1737844234470 1.0 1
1737844234494 2.0 2
1737844234518 3.0 3
1737844234544 4.0 4
1737844234569 5.0 5
1737844234594 6.0 6
1737844234620 7.0 7
1737844234644 8.0 8
1737844234668 9.0 9
1737844234691 10.0 10
1737844234716 11.0 11
1737844234760 12.0 12
1737844234786 13.0 13
1737844234813 14.0 14
1737844234843 15.0 15
1737844234868 16.0 16
1737844234894 17.0 17
1737844234922 18.0 18
1737844234947 19.0 19
1737844234968 20.0 20
1737844234995 21.0 21
1737844235020 22.0 22
1737844235044 23.0 23
1737844235066 24.0 24
1737844235088 25.0 25
1737844235112 26.0 26
1737844235133 27.0 27
1737844235156 28.0 28
1737844235176 29.0 29
1737844275568 0.0 0
1737844275582 1.0 1
1737844275596 2.0 2
1737844275611 3.0 3
1737844275625 4.0 4
1737844275638 5.0 5
1737844275652 6.0 6
1737844275666 7.0 7
1737844275683 8.0 8
1737844275697 9.0 9
1737844275711 10.0 10
1737844275726 11.0 11
1737844275740 12.0 12
1737844275754 13.0 13
1737844275767 14.0 14
1737844275781 15.0 15
1737844275795 16.0 16
1737844275809 17.0 17
1737844275824 18.0 18
1737844275844 19.0 19
1737844275875 20.0 20
1737844275904 21.0 21
1737844275922 22.0 22
1737844275937 23.0 23
1737844275957 24.0 24
1737844275974 25.0 25
1737844275993 26.0 26
1737844276008 27.0 27
1737844276029 28.0 28
1737844276047 29.0 29
1737844311234 0.0 0
1737844311248 1.0 1
1737844311263 2.0 2
1737844311277 3.0 3
1737844311291 4.0 4
1737844311305 5.0 5
1737844311320 6.0 6
1737844311334 7.0 7
1737844311349 8.0 8
1737844311366 9.0 9
1737844311380 10.0 10
1737844311394 11.0 11
1737844311408 12.0 12
1737844311422 13.0 13
1737844311436 14.0 14
1737844311450 15.0 15
1737844311467 16.0 16
1737844311480 17.0 17
1737844311494 18.0 18
1737844311508 19.0 19
1737844311522 20.0 20
1737844311535 21.0 21
1737844311549 22.0 22
1737844311563 23.0 23
1737844311577 24.0 24
1737844311591 25.0 25
1737844311605 26.0 26
1737844311618 27.0 27
1737844311632 28.0 28
1737844311649 29.0 29
1737844345774 0.0 0
1737844345791 1.0 1
1737844345804 2.0 2
1737844345818 3.0 3
1737844345832 4.0 4
1737844345846 5.0 5
1737844345860 6.0 6
1737844345874 7.0 7
1737844345888 8.0 8
1737844345904 9.0 9
1737844345938 10.0 10
1737844345956 11.0 11
1737844345970 12.0 12
1737844345986 13.0 13
1737844346001 14.0 14
1737844346015 15.0 15
1737844346029 16.0 16
1737844346042 17.0 17
1737844346056 18.0 18
1737844346071 19.0 19
1737844346084 20.0 20
1737844346098 21.0 21
1737844346116 22.0 22
1737844346130 23.0 23
1737844346143 24.0 24
1737844346156 25.0 25
1737844346170 26.0 26
1737844346183 27.0 27
1737844346197 28.0 28
1737844346211 29.0 29
1737844383478 0.0 0
1737844383494 1.0 1
1737844383511 2.0 2
1737844383528 3.0 3
1737844383545 4.0 4
1737844383561 5.0 5
1737844383577 6.0 6
1737844383593 7.0 7
1737844383612 8.0 8
1737844383628 9.0 9
1737844383645 10.0 10
1737844383660 11.0 11
1737844383676 12.0 12
1737844383693 13.0 13
1737844383709 14.0 14
1737844383725 15.0 15
1737844383746 16.0 16
1737844383762 17.0 17
1737844383778 18.0 18
1737844383793 19.0 19
1737844383806 20.0 20
1737844383826 21.0 21
1737844383851 22.0 22
1737844383871 23.0 23
1737844383892 24.0 24
1737844383913 25.0 25
1737844383938 26.0 26
1737844383960 27.0 27
1737844383982 28.0 28
1737844384003 29.0 29
1737844422679 0.0 0
1737844422701 1.0 1
1737844422722 2.0 2
1737844422744 3.0 3
1737844422766 4.0 4
1737844422791 5.0 5
1737844422813 6.0 6
1737844422834 7.0 7
1737844422855 8.0 8
1737844422875 9.0 9
1737844422897 10.0 10
1737844422919 11.0 11
1737844422944 12.0 12
1737844422968 13.0 13
1737844422991 14.0 14
1737844423013 15.0 15
1737844423034 16.0 16
1737844423056 17.0 17
1737844423078 18.0 18
1737844423106 19.0 19
1737844423122 20.0 20
1737844423136 21.0 21
1737844423150 22.0 22
1737844423163 23.0 23
1737844423176 24.0 24
1737844423189 25.0 25
1737844423202 26.0 26
1737844423215 27.0 27
1737844423228 28.0 28
1737844423242 29.0 29
1737844459321 0.0 0
1737844459335 1.0 1
1737844459351 2.0 2
1737844459365 3.0 3
1737844459380 4.0 4
1737844459394 5.0 5
1737844459407 6.0 6
1737844459423 7.0 7
1737844459438 8.0 8
1737844459455 9.0 9
1737844459471 10.0 10
1737844459486 11.0 11
1737844459500 12.0 12
1737844459514 13.0 13
1737844459529 14.0 14
1737844459543 15.0 15
1737844459557 16.0 16
1737844459571 17.0 17
1737844459586 18.0 18
1737844459601 19.0 19
1737844459615 20.0 20
1737844459632 21.0 21
1737844459653 22.0 22
1737844459669 23.0 23
1737844459683 24.0 24
1737844459697 25.0 25
1737844459711 26.0 26
1737844459725 27.0 27
1737844459739 28.0 28
1737844459756 29.0 29
1737844495040 0.0 0
1737844495053 1.0 1
1737844495067 2.0 2
1737844495080 3.0 3
1737844495094 4.0 4
1737844495109 5.0 5
1737844495123 6.0 6
1737844495136 7.0 7
1737844495149 8.0 8
1737844495163 9.0 9
1737844495176 10.0 10
1737844495188 11.0 11
1737844495201 12.0 12
1737844495215 13.0 13
1737844495228 14.0 14
1737844495241 15.0 15
1737844495254 16.0 16
1737844495267 17.0 17
1737844495280 18.0 18
1737844495293 19.0 19
1737844495309 20.0 20
1737844495323 21.0 21
1737844495336 22.0 22
1737844495350 23.0 23
1737844495364 24.0 24
1737844495377 25.0 25
1737844495390 26.0 26
1737844495403 27.0 27
1737844495416 28.0 28
1737844495429 29.0 29
1737844532232 0.0 0
1737844532253 1.0 1
1737844532275 2.0 2
1737844532299 3.0 3
1737844532319 4.0 4
1737844532339 5.0 5
1737844532360 6.0 6
1737844532381 7.0 7
1737844532402 8.0 8
1737844532427 9.0 9
1737844532447 10.0 10
1737844532470 11.0 11
1737844532495 12.0 12
1737844532515 13.0 13
1737844532536 14.0 14
1737844532558 15.0 15
1737844532579 16.0 16
1737844532601 17.0 17
1737844532623 18.0 18
1737844532643 19.0 19
1737844532665 20.0 20
1737844532685 21.0 21
1737844532704 22.0 22
1737844532727 23.0 23
1737844532753 24.0 24
1737844532775 25.0 25
1737844532797 26.0 26
1737844532817 27.0 27
1737844532837 28.0 28
1737844532858 29.0 29
1737844571829 0.0 0
1737844571843 1.0 1
1737844571857 2.0 2
1737844571870 3.0 3
1737844571890 4.0 4
1737844571906 5.0 5
1737844571922 6.0 6
1737844571940 7.0 7
1737844571958 8.0 8
1737844571971 9.0 9
1737844571985 10.0 10
1737844572006 11.0 11
1737844572028 12.0 12
1737844572043 13.0 13
1737844572057 14.0 14
1737844572072 15.0 15
1737844572086 16.0 16
1737844572099 17.0 17
1737844572113 18.0 18
1737844572126 19.0 19
1737844572140 20.0 20
1737844572154 21.0 21
1737844572169 22.0 22
1737844572183 23.0 23
1737844572197 24.0 24
1737844572210 25.0 25
1737844572224 26.0 26
1737844572237 27.0 27
1737844572253 28.0 28
1737844572268 29.0 29
1737844608728 0.0 0
1737844608747 1.0 1
1737844608766 2.0 2
1737844608779 3.0 3
1737844608793 4.0 4
1737844608806 5.0 5
1737844608820 6.0 6
1737844608834 7.0 7
1737844608847 8.0 8
1737844608860 9.0 9
1737844608873 10.0 10
1737844608888 11.0 11
1737844608905 12.0 12
1737844608919 13.0 13
1737844608933 14.0 14
1737844608951 15.0 15
1737844608968 16.0 16
1737844608983 17.0 17
1737844609000 18.0 18
1737844609016 19.0 19
1737844609033 20.0 20
1737844609050 21.0 21
1737844609067 22.0 22
1737844609083 23.0 23
1737844609102 24.0 24
1737844609120 25.0 25
1737844609135 26.0 26
1737844609148 27.0 27
1737844609161 28.0 28
1737844609175 29.0 29
