1737844044034 0.0 0
1737844044064 0.0 1
1737844044087 0.0 2
1737844044108 0.0 3
1737844044129 0.0 4
1737844044161 0.0 5
1737844044182 0.0 6
1737844044202 0.0 7
1737844044223 0.0 8
1737844044251 0.0 9
1737844044277 0.0 10
1737844044302 0.0 11
1737844044324 0.0 12
1737844044346 0.0 13
1737844044367 0.0 14
1737844044391 0.0 15
1737844044419 0.0 16
1737844044447 0.0 17
1737844044472 0.0 18
1737844044494 0.0 19
1737844044515 0.0 20
1737844044540 0.0 21
1737844044568 0.0 22
1737844044593 0.0 23
1737844044625 0.0 24
1737844044648 0.0 25
1737844044682 0.0 26
1737844044711 0.0 27
1737844044742 0.0 28
1737844044773 0.0 29
1737844094051 0.0 0
1737844094079 0.0 1
1737844094101 0.0 2
1737844094125 0.0 3
1737844094152 0.0 4
1737844094177 0.0 5
1737844094200 0.0 6
1737844094228 0.0 7
1737844094249 0.0 8
1737844094270 0.0 9
1737844094292 0.0 10
1737844094319 0.0 11
1737844094343 0.0 12
1737844094365 0.0 13
1737844094388 0.0 14
1737844094412 0.0 15
1737844094438 0.0 16
1737844094470 0.0 17
1737844094503 0.0 18
1737844094536 0.0 19
1737844094566 0.0 20
1737844094594 0.0 21
1737844094623 0.0 22
1737844094650 0.0 23
1737844094680 0.0 24
1737844094708 0.0 25
1737844094736 0.0 26
1737844094768 0.0 27
1737844094803 0.0 28
1737844094832 0.0 29
1737844141613 0.0 0
1737844141646 0.0 1
1737844141678 0.0 2
1737844141702 0.0 3
1737844141725 0.0 4
1737844141756 0.0 5
1737844141777 0.0 6
1737844141797 0.0 7
1737844141816 0.0 8
1737844141837 0.0 9
1737844141857 0.0 10
1737844141888 0.0 11
1737844141911 0.0 12
1737844141934 0.0 13
1737844141954 0.0 14
1737844141976 0.0 15
1737844141996 0.0 16
1737844142016 0.0 17
1737844142040 0.0 18
1737844142066 0.0 19
1737844142090 0.0 20
1737844142113 0.0 21
1737844142133 0.0 22
1737844142153 0.0 23
1737844142176 0.0 24
1737844142196 0.0 25
1737844142217 0.0 26
1737844142241 0.0 27
1737844142267 0.0 28
1737844142293 0.0 29
1737844188731 0.0 0
1737844188756 0.0 1
1737844188784 0.0 2
1737844188821 0.0 3
1737844188856 0.0 4
1737844188891 0.0 5
1737844188923 0.0 6
1737844188956 0.0 7
1737844188984 0.0 8
1737844189013 0.0 9
1737844189044 0.0 10
1737844189073 0.0 11
1737844189104 0.0 12
1737844189132 0.0 13
1737844189158 0.0 14
1737844189192 0.0 15
1737844189230 0.0 16
1737844189258 0.0 17
1737844189285 0.0 18
1737844189321 0.0 19
1737844189353 0.0 20
1737844189381 0.0 21
1737844189409 0.0 22
1737844189437 0.0 23
1737844189463 0.0 24
1737844189483 0.0 25
1737844189503 0.0 26
1737844189523 0.0 27
1737844189542 0.0 28
1737844189562 0.0 29
1737844234447 0.0 0
1737844234470 0.0 1
1737844234494 0.0 2
1737844234518 0.0 3
1737844234544 0.0 4
1737844234569 0.0 5
1737844234594 0.0 6
1737844234620 0.0 7
1737844234644 0.0 8
1737844234668 0.0 9
1737844234691 0.0 10
1737844234716 0.0 11
1737844234760 0.0 12
1737844234786 0.0 13
1737844234813 0.0 14
1737844234843 0.0 15
1737844234868 0.0 16
1737844234894 0.0 17
1737844234922 0.0 18
1737844234947 0.0 19
1737844234968 0.0 20
1737844234995 0.0 21
1737844235020 0.0 22
1737844235044 0.0 23
1737844235066 0.0 24
1737844235088 0.0 25
1737844235112 0.0 26
1737844235133 0.0 27
1737844235156 0.0 28
1737844235176 0.0 29
1737844275568 0.0 0
1737844275582 0.0 1
1737844275596 0.0 2
1737844275611 0.0 3
1737844275625 0.0 4
1737844275638 0.0 5
1737844275652 0.0 6
1737844275666 0.0 7
1737844275683 0.0 8
1737844275697 0.0 9
1737844275711 0.0 10
1737844275726 0.0 11
1737844275740 0.0 12
1737844275754 0.0 13
1737844275767 0.0 14
1737844275781 0.0 15
1737844275795 0.0 16
1737844275809 0.0 17
1737844275824 0.0 18
1737844275844 0.0 19
1737844275875 0.0 20
1737844275904 0.0 21
1737844275922 0.0 22
1737844275937 0.0 23
1737844275957 0.0 24
1737844275974 0.0 25
1737844275993 0.0 26
1737844276008 0.0 27
1737844276029 0.0 28
1737844276047 0.0 29
1737844311234 0.0 0
1737844311248 0.0 1
1737844311263 0.0 2
1737844311277 0.0 3
1737844311291 0.0 4
1737844311305 0.0 5
1737844311320 0.0 6
1737844311334 0.0 7
1737844311349 0.0 8
1737844311366 0.0 9
1737844311380 0.0 10
1737844311394 0.0 11
1737844311408 0.0 12
1737844311422 0.0 13
1737844311436 0.0 14
1737844311450 0.0 15
1737844311467 0.0 16
1737844311480 0.0 17
1737844311494 0.0 18
1737844311508 0.0 19
1737844311522 0.0 20
1737844311535 0.0 21
1737844311549 0.0 22
1737844311563 0.0 23
1737844311577 0.0 24
1737844311591 0.0 25
1737844311605 0.0 26
1737844311618 0.0 27
1737844311632 0.0 28
1737844311649 0.0 29
1737844345774 0.0 0
1737844345791 0.0 1
1737844345804 0.0 2
1737844345818 0.0 3
1737844345832 0.0 4
1737844345846 0.0 5
1737844345860 0.0 6
1737844345874 0.0 7
1737844345888 0.0 8
1737844345904 0.0 9
1737844345938 0.0 10
1737844345956 0.0 11
1737844345970 0.0 12
1737844345986 0.0 13
1737844346001 0.0 14
1737844346015 0.0 15
1737844346029 0.0 16
1737844346042 0.0 17
1737844346056 0.0 18
1737844346071 0.0 19
1737844346084 0.0 20
1737844346098 0.0 21
1737844346116 0.0 22
1737844346130 0.0 23
1737844346143 0.0 24
1737844346156 0.0 25
1737844346170 0.0 26
1737844346183 0.0 27
1737844346197 0.0 28
1737844346211 0.0 29
1737844383478 0.0 0
1737844383494 0.0 1
1737844383511 0.0 2
1737844383528 0.0 3
1737844383545 0.0 4
1737844383561 0.0 5
1737844383577 0.0 6
1737844383593 0.0 7
1737844383612 0.0 8
1737844383628 0.0 9
1737844383645 0.0 10
1737844383660 0.0 11
1737844383676 0.0 12
1737844383693 0.0 13
1737844383709 0.0 14
1737844383725 0.0 15
1737844383746 0.0 16
1737844383762 0.0 17
1737844383778 0.0 18
1737844383793 0.0 19
1737844383806 0.0 20
1737844383826 0.0 21
1737844383851 0.0 22
1737844383871 0.0 23
1737844383892 0.0 24
1737844383913 0.0 25
1737844383938 0.0 26
1737844383960 0.0 27
1737844383982 0.0 28
1737844384003 0.0 29
1737844422679 0.0 0
1737844422701 0.0 1
1737844422722 0.0 2
1737844422744 0.0 3
1737844422766 0.0 4
1737844422791 0.0 5
1737844422813 0.0 6
1737844422834 0.0 7
1737844422855 0.0 8
1737844422875 0.0 9
1737844422897 0.0 10
1737844422919 0.0 11
1737844422944 0.0 12
1737844422968 0.0 13
1737844422991 0.0 14
1737844423013 0.0 15
1737844423034 0.0 16
1737844423056 0.0 17
1737844423078 0.0 18
1737844423106 0.0 19
1737844423122 0.0 20
1737844423136 0.0 21
1737844423150 0.0 22
1737844423163 0.0 23
1737844423176 0.0 24
1737844423189 0.0 25
1737844423202 0.0 26
1737844423215 0.0 27
1737844423228 0.0 28
1737844423242 0.0 29
1737844459321 0.0 0
1737844459335 0.0 1
1737844459351 0.0 2
1737844459365 0.0 3
1737844459380 0.0 4
1737844459394 0.0 5
1737844459407 0.0 6
1737844459423 0.0 7
1737844459438 0.0 8
1737844459455 0.0 9
1737844459471 0.0 10
1737844459486 0.0 11
1737844459500 0.0 12
1737844459514 0.0 13
1737844459529 0.0 14
1737844459543 0.0 15
1737844459557 0.0 16
1737844459571 0.0 17
1737844459586 0.0 18
1737844459601 0.0 19
1737844459615 0.0 20
1737844459632 0.0 21
1737844459653 0.0 22
1737844459669 0.0 23
1737844459683 0.0 24
1737844459697 0.0 25
1737844459711 0.0 26
1737844459725 0.0 27
1737844459739 0.0 28
1737844459756 0.0 29
1737844495040 0.0 0
1737844495053 0.0 1
1737844495067 0.0 2
1737844495080 0.0 3
1737844495094 0.0 4
1737844495109 0.0 5
1737844495123 0.0 6
1737844495136 0.0 7
1737844495149 0.0 8
1737844495163 0.0 9
1737844495176 0.0 10
1737844495188 0.0 11
1737844495201 0.0 12
1737844495215 0.0 13
1737844495228 0.0 14
1737844495241 0.0 15
1737844495254 0.0 16
1737844495267 0.0 17
1737844495280 0.0 18
1737844495293 0.0 19
1737844495309 0.0 20
1737844495323 0.0 21
1737844495336 0.0 22
1737844495350 0.0 23
1737844495364 0.0 24
1737844495377 0.0 25
1737844495390 0.0 26
1737844495403 0.0 27
1737844495416 0.0 28
1737844495429 0.0 29
1737844532232 0.0 0
1737844532253 0.0 1
1737844532275 0.0 2
1737844532299 0.0 3
1737844532319 0.0 4
1737844532339 0.0 5
1737844532360 0.0 6
1737844532381 0.0 7
1737844532402 0.0 8
1737844532427 0.0 9
1737844532447 0.0 10
1737844532470 0.0 11
1737844532495 0.0 12
1737844532515 0.0 13
1737844532536 0.0 14
1737844532558 0.0 15
1737844532579 0.0 16
1737844532601 0.0 17
1737844532623 0.0 18
1737844532643 0.0 19
1737844532665 0.0 20
1737844532685 0.0 21
1737844532704 0.0 22
1737844532727 0.0 23
1737844532753 0.0 24
1737844532775 0.0 25
1737844532797 0.0 26
1737844532817 0.0 27
1737844532837 0.0 28
1737844532858 0.0 29
1737844571829 0.0 0
1737844571843 0.0 1
1737844571857 0.0 2
1737844571870 0.0 3
1737844571890 0.0 4
1737844571906 0.0 5
1737844571922 0.0 6
1737844571940 0.0 7
1737844571958 0.0 8
1737844571971 0.0 9
1737844571985 0.0 10
1737844572006 0.0 11
1737844572028 0.0 12
1737844572043 0.0 13
1737844572057 0.0 14
1737844572072 0.0 15
1737844572086 0.0 16
1737844572099 0.0 17
1737844572113 0.0 18
1737844572126 0.0 19
1737844572140 0.0 20
1737844572154 0.0 21
1737844572169 0.0 22
1737844572183 0.0 23
1737844572197 0.0 24
1737844572210 0.0 25
1737844572224 0.0 26
1737844572237 0.0 27
1737844572253 0.0 28
1737844572268 0.0 29
1737844608728 0.0 0
1737844608747 0.0 1
1737844608766 0.0 2
1737844608779 0.0 3
1737844608793 0.0 4
1737844608806 0.0 5
1737844608820 0.0 6
1737844608834 0.0 7
1737844608847 0.0 8
1737844608860 0.0 9
1737844608873 0.0 10
1737844608888 0.0 11
1737844608905 0.0 12
1737844608919 0.0 13
1737844608933 0.0 14
1737844608951 0.0 15
1737844608968 0.0 16
1737844608983 0.0 17
1737844609000 0.0 18
1737844609016 0.0 19
1737844609033 0.0 20
1737844609050 0.0 21
1737844609067 0.0 22
1737844609083 0.0 23
1737844609102 0.0 24
1737844609120 0.0 25
1737844609135 0.0 26
1737844609148 0.0 27
1737844609161 0.0 28
1737844609175 0.0 29
