1737736762497 0.0 0
1737736762538 1.0 1
1737736762571 2.0 2
1737736762594 3.0 3
1737736762615 4.0 4
1737736762642 5.0 5
1737736762686 6.0 6
1737736762721 7.0 7
1737736762763 8.0 8
1737736762792 9.0 9
1737736811576 0.0 0
1737736811599 1.0 1
1737736811621 2.0 2
1737736811644 3.0 3
1737736811665 4.0 4
1737736811687 5.0 5
1737736811712 6.0 6
1737736811735 7.0 7
1737736811757 8.0 8
1737736811780 9.0 9
1737736864718 0.0 0
1737736864739 1.0 1
1737736864766 2.0 2
1737736864798 3.0 3
1737736864823 4.0 4
1737736864850 5.0 5
1737736864870 6.0 6
1737736864891 7.0 7
1737736864910 8.0 8
1737736864931 9.0 9
1737736919035 0.0 0
1737736919062 1.0 1
1737736919098 2.0 2
1737736919135 3.0 3
1737736919162 4.0 4
1737736919191 5.0 5
1737736919220 6.0 6
1737736919243 7.0 7
1737736919268 8.0 8
1737736919296 9.0 9
1737736967376 0.0 0
1737736967395 1.0 1
1737736967417 2.0 2
1737736967437 3.0 3
1737736967456 4.0 4
1737736967477 5.0 5
1737736967496 6.0 6
1737736967521 7.0 7
1737736967540 8.0 8
1737736967560 9.0 9
1737737006653 0.0 0
1737737006675 1.0 1
1737737006698 2.0 2
1737737006720 3.0 3
1737737006742 4.0 4
1737737006771 5.0 5
1737737006793 6.0 6
1737737006814 7.0 7
1737737006837 8.0 8
1737737006859 9.0 9
1737737043166 0.0 0
1737737043191 1.0 1
1737737043214 2.0 2
1737737043239 3.0 3
1737737043262 4.0 4
1737737043285 5.0 5
1737737043311 6.0 6
1737737043334 7.0 7
1737737043364 8.0 8
1737737043387 9.0 9
1737737077512 0.0 0
1737737077527 1.0 1
1737737077541 2.0 2
1737737077555 3.0 3
1737737077570 4.0 4
1737737077584 5.0 5
1737737077598 6.0 6
1737737077612 7.0 7
1737737077627 8.0 8
1737737077640 9.0 9
1737737113795 0.0 0
1737737113811 1.0 1
1737737113827 2.0 2
1737737113842 3.0 3
1737737113857 4.0 4
1737737113872 5.0 5
1737737113887 6.0 6
1737737113902 7.0 7
1737737113917 8.0 8
1737737113934 9.0 9
1737737146968 0.0 0
1737737146981 1.0 1
1737737146995 2.0 2
1737737147010 3.0 3
1737737147025 4.0 4
1737737147040 5.0 5
1737737147057 6.0 6
1737737147072 7.0 7
1737737147087 8.0 8
1737737147103 9.0 9
