1737736762497 0.0 0
1737736762538 0.0 1
1737736762571 0.0 2
1737736762594 0.0 3
1737736762615 0.0 4
1737736762642 0.0 5
1737736762686 0.0 6
1737736762721 0.0 7
1737736762763 0.0 8
1737736762792 0.0 9
1737736811576 0.0 0
1737736811599 0.0 1
1737736811621 0.0 2
1737736811644 0.0 3
1737736811665 0.0 4
1737736811687 0.0 5
1737736811712 0.0 6
1737736811735 0.0 7
1737736811757 0.0 8
1737736811780 0.0 9
1737736864718 0.0 0
1737736864739 0.0 1
1737736864766 0.0 2
1737736864798 0.0 3
1737736864823 0.0 4
1737736864850 0.0 5
1737736864870 0.0 6
1737736864891 0.0 7
1737736864910 0.0 8
1737736864931 0.0 9
1737736919035 0.0 0
1737736919062 0.0 1
1737736919098 0.0 2
1737736919135 0.0 3
1737736919162 0.0 4
1737736919191 0.0 5
1737736919220 0.0 6
1737736919243 0.0 7
1737736919268 0.0 8
1737736919296 0.0 9
1737736967376 0.0 0
1737736967395 0.0 1
1737736967417 0.0 2
1737736967437 0.0 3
1737736967456 0.0 4
1737736967477 0.0 5
1737736967496 0.0 6
1737736967521 0.0 7
1737736967540 0.0 8
1737736967560 0.0 9
1737737006653 0.0 0
1737737006675 0.0 1
1737737006698 0.0 2
1737737006720 0.0 3
1737737006742 0.0 4
1737737006771 0.0 5
1737737006793 0.0 6
1737737006814 0.0 7
1737737006837 0.0 8
1737737006859 0.0 9
1737737043166 0.0 0
1737737043191 0.0 1
1737737043214 0.0 2
1737737043239 0.0 3
1737737043262 0.0 4
1737737043285 0.0 5
1737737043311 0.0 6
1737737043334 0.0 7
1737737043364 0.0 8
1737737043387 0.0 9
1737737077512 0.0 0
1737737077527 0.0 1
1737737077541 0.0 2
1737737077555 0.0 3
1737737077570 0.0 4
1737737077584 0.0 5
1737737077598 0.0 6
1737737077612 0.0 7
1737737077627 0.0 8
1737737077640 0.0 9
1737737113795 0.0 0
1737737113811 0.0 1
1737737113827 0.0 2
1737737113842 0.0 3
1737737113857 0.0 4
1737737113872 0.0 5
1737737113887 0.0 6
1737737113902 0.0 7
1737737113917 0.0 8
1737737113934 0.0 9
1737737146968 0.0 0
1737737146981 0.0 1
1737737146995 0.0 2
1737737147010 0.0 3
1737737147025 0.0 4
1737737147040 0.0 5
1737737147057 0.0 6
1737737147072 0.0 7
1737737147087 0.0 8
1737737147103 0.0 9
