1737640884924 0.6397812962532043 0
1737640884942 0.6028859615325928 1
1737640884962 0.6349939107894897 2
1737640884985 0.7194677591323853 3
1737640885008 0.5326920747756958 4
1737640885032 0.6637741327285767 5
1737640885057 0.5975914001464844 6
1737640885083 0.4592539072036743 7
1737640885101 0.7178478240966797 8
1737640885119 0.598006010055542 9
1737640901279 0.4599689245223999 0
1737640901302 0.5336692929267883 1
1737640901321 0.681391716003418 2
1737640901341 0.5384498834609985 3
1737640901365 0.5271496772766113 4
1737640901383 0.6759980320930481 5
1737640901400 0.4534544348716736 6
1737640901417 0.28144559264183044 7
1737640901435 0.6089975237846375 8
1737640901452 0.5216825008392334 9
