1737912082883 0.0 0
1737912082911 1.0 1
1737912082932 2.0 2
1737912082952 3.0 3
1737912082980 4.0 4
1737912083005 5.0 5
1737912083031 6.0 6
1737912083055 7.0 7
1737912083077 8.0 8
1737912083098 9.0 9
1737913433690 0.0 0
1737913433716 1.0 1
1737913433743 2.0 2
1737913433771 3.0 3
1737913433798 4.0 4
1737913433822 5.0 5
1737913433849 6.0 6
1737913433871 7.0 7
1737913433893 8.0 8
1737913433920 9.0 9
1737915135027 0.0 0
1737915135062 1.0 1
1737915135090 2.0 2
1737915135121 3.0 3
1737915135147 4.0 4
1737915135171 5.0 5
1737915135195 6.0 6
1737915135220 7.0 7
1737915135242 8.0 8
1737915135262 9.0 9
