1737912082883 0.0 0
1737912082911 0.0 1
1737912082932 0.0 2
1737912082952 0.0 3
1737912082980 0.0 4
1737912083005 0.0 5
1737912083031 0.0 6
1737912083055 0.0 7
1737912083077 0.0 8
1737912083098 0.0 9
1737913433690 0.0 0
1737913433716 0.0 1
1737913433743 0.0 2
1737913433771 0.0 3
1737913433798 0.0 4
1737913433822 0.0 5
1737913433849 0.0 6
1737913433871 0.0 7
1737913433893 0.0 8
1737913433920 0.0 9
1737915135027 0.0 0
1737915135062 0.0 1
1737915135090 0.0 2
1737915135121 0.0 3
1737915135147 0.0 4
1737915135171 0.0 5
1737915135195 0.0 6
1737915135220 0.0 7
1737915135242 0.0 8
1737915135262 0.0 9
