1744477558565 0.6501674652099609 0
1744477558593 0.6505452394485474 1
1744477558616 0.6283788084983826 2
1744477558642 0.6401389837265015 3
1744477558674 0.5939103960990906 4
1744477558698 0.606646716594696 5
1744477558722 0.5844008326530457 6
1744477558744 0.5841587781906128 7
1744477558791 0.6166868209838867 8
1744477558825 0.5765699744224548 9
1744477558863 0.5992024540901184 10
1744477558895 0.6062578558921814 11
1744477558918 0.6206856966018677 12
1744477558942 0.6057379245758057 13
1744477558976 0.6478443741798401 14
1744477673231 0.631951093673706 0
1744477673281 0.6173721551895142 1
1744477673317 0.6329176425933838 2
1744477673364 0.5843195915222168 3
1744477673414 0.6175124645233154 4
1744477673452 0.6301632523536682 5
1744477673496 0.6736489534378052 6
1744477673531 0.609793484210968 7
1744477673579 0.6485410928726196 8
1744477673620 0.6537319421768188 9
1744477673656 0.7121562957763672 10
1744477673698 0.6504809856414795 11
1744477673750 0.7063796520233154 12
1744477673798 0.7345145344734192 13
1744477673853 0.6623973846435547 14
1744477790247 0.680143415927887 0
1744477790284 0.6751253604888916 1
1744477790331 0.7311888933181763 2
1744477790378 0.7062295079231262 3
1744477790422 0.626069962978363 4
1744477790462 0.6733665466308594 5
1744477790500 0.6908385157585144 6
1744477790533 0.6669219732284546 7
1744477790573 0.7624817490577698 8
1744477790611 0.8053478598594666 9
1744477790645 0.9124904274940491 10
1744477790679 0.8439887762069702 11
1744477790717 0.6712005138397217 12
1744477790751 0.8204339742660522 13
1744477790785 0.8502839207649231 14
1744477914967 0.7610737681388855 0
1744477915004 0.8398459553718567 1
1744477915041 0.9612792134284973 2
1744477915075 0.9381449222564697 3
1744477915110 1.0937597751617432 4
1744477915148 0.9100377559661865 5
1744477915183 0.8991257548332214 6
1744477915227 0.776826024055481 7
1744477915280 0.7740328311920166 8
1744477915324 0.922005295753479 9
1744477915358 0.7963342070579529 10
1744477915391 0.8096275329589844 11
1744477915425 0.9742750525474548 12
1744477915464 0.826218843460083 13
1744477915505 1.1317753791809082 14
1744478055916 0.9488561153411865 0
1744478055966 0.9775339365005493 1
1744478056014 0.9260005354881287 2
1744478056065 1.0524874925613403 3
1744478056119 1.1800833940505981 4
1744478056162 1.0654913187026978 5
1744478056198 1.49783194065094 6
1744478056234 1.2042222023010254 7
1744478056274 1.2221896648406982 8
1744478056318 1.2965831756591797 9
1744478056357 1.1712416410446167 10
1744478056407 1.3333958387374878 11
1744478056456 1.0650980472564697 12
1744478056496 1.2362232208251953 13
1744478056536 1.0462521314620972 14
1744478215004 1.1323492527008057 0
1744478215049 0.9237807393074036 1
1744478215086 1.0116585493087769 2
1744478215120 1.231514811515808 3
1744478215155 0.9373782277107239 4
1744478215188 1.1219719648361206 5
1744478215232 1.089107632637024 6
1744478215278 1.0267906188964844 7
1744478215317 1.3013873100280762 8
1744478215353 1.1189169883728027 9
1744478215398 1.344352126121521 10
1744478215438 1.4953364133834839 11
1744478215474 1.6312260627746582 12
1744478215507 1.2676175832748413 13
1744478215543 1.504361629486084 14
1744478363609 1.3444759845733643 0
1744478363648 1.4857338666915894 1
1744478363687 1.2941454648971558 2
1744478363728 1.4912359714508057 3
1744478363771 1.4762475490570068 4
1744478363817 1.4455147981643677 5
1744478363852 1.4571397304534912 6
1744478363886 1.4428349733352661 7
1744478363922 1.529225468635559 8
1744478363956 1.3750468492507935 9
1744478363992 1.57021164894104 10
1744478364028 1.465714693069458 11
1744478364062 1.7098448276519775 12
1744478364096 1.5365536212921143 13
1744478364139 1.4537180662155151 14
1744478512751 1.3563207387924194 0
1744478512807 1.623176097869873 1
1744478512859 1.5607140064239502 2
1744478512895 1.3990446329116821 3
1744478512939 1.7836394309997559 4
1744478512978 1.567750096321106 5
1744478513013 1.97889244556427 6
1744478513054 1.850509762763977 7
1744478513096 2.036756753921509 8
1744478513132 2.2395968437194824 9
1744478513167 2.0746796131134033 10
1744478513210 1.977699875831604 11
1744478513252 1.877858281135559 12
1744478513298 1.856170654296875 13
1744478513351 1.7313145399093628 14
1744478663492 2.3627431392669678 0
1744478663532 2.170006036758423 1
1744478663573 2.409935712814331 2
1744478663613 2.4732096195220947 3
1744478663650 2.1815943717956543 4
1744478663686 2.374183177947998 5
1744478663724 1.9142520427703857 6
1744478663764 1.5339603424072266 7
1744478663805 1.778328776359558 8
1744478663845 2.1023077964782715 9
1744478663882 1.9606329202651978 10
1744478663932 2.597578763961792 11
1744478663974 2.290789842605591 12
1744478664012 2.5787770748138428 13
1744478664051 2.59065580368042 14
1744478807159 2.426189661026001 0
1744478807210 2.203839063644409 1
1744478807262 2.660780906677246 2
1744478807311 2.3116683959960938 3
1744478807366 2.8275506496429443 4
1744478807401 2.587855100631714 5
1744478807439 2.204742670059204 6
1744478807480 2.555448293685913 7
1744478807524 2.0539157390594482 8
1744478807568 2.3495683670043945 9
1744478807609 2.1872620582580566 10
1744478807654 2.1451659202575684 11
1744478807703 2.6333720684051514 12
1744478807745 2.8194580078125 13
1744478807796 2.6671576499938965 14
