1744477558565 0.6265805959701538 0
1744477558593 0.15931187570095062 1
1744477558616 0.4982619285583496 2
1744477558642 0.3032822906970978 3
1744477558674 0.27024906873703003 4
1744477558698 0.4488908648490906 5
1744477558722 0.4787698984146118 6
1744477558744 0.46538475155830383 7
1744477558791 0.6568469405174255 8
1744477558825 0.8198495507240295 9
1744477558863 0.48697954416275024 10
1744477558895 0.833581268787384 11
1744477558918 0.6033953428268433 12
1744477558942 0.23333805799484253 13
1744477558976 0.28474390506744385 14
1744477673231 1.1695393323898315 0
1744477673281 1.0623257160186768 1
1744477673317 0.7813031673431396 2
1744477673364 0.7891474366188049 3
1744477673414 0.21788732707500458 4
1744477673452 1.1677542924880981 5
1744477673496 0.5048419833183289 6
1744477673531 0.42898067831993103 7
1744477673579 0.6763349175453186 8
1744477673620 1.3478245735168457 9
1744477673656 0.8380353450775146 10
1744477673698 0.48529481887817383 11
1744477673750 1.041197419166565 12
1744477673798 0.1297892928123474 13
1744477673853 1.0151000022888184 14
1744477790247 0.8689946532249451 0
1744477790284 1.2053850889205933 1
1744477790331 0.539347231388092 2
1744477790378 0.21933816373348236 3
1744477790422 0.30985525250434875 4
1744477790462 0.2912183105945587 5
1744477790500 0.935222327709198 6
1744477790533 0.8129335641860962 7
1744477790573 0.8424464464187622 8
1744477790611 0.5031172037124634 9
1744477790645 0.5065357685089111 10
1744477790679 0.7952632308006287 11
1744477790717 0.5256171822547913 12
1744477790751 0.4743216931819916 13
1744477790785 0.7647333741188049 14
1744477914967 1.1119027137756348 0
1744477915004 0.5829886794090271 1
1744477915041 1.1694875955581665 2
1744477915075 1.0774668455123901 3
1744477915110 0.5066781640052795 4
1744477915148 0.46032941341400146 5
1744477915183 0.7812401056289673 6
1744477915227 0.770148515701294 7
1744477915280 0.6909409761428833 8
1744477915324 1.2672804594039917 9
1744477915358 0.6901074647903442 10
1744477915391 0.7433592677116394 11
1744477915425 0.8169705271720886 12
1744477915464 1.0529640913009644 13
1744477915505 0.4090442955493927 14
1744478055916 0.4799605906009674 0
1744478055966 0.4578225314617157 1
1744478056014 0.7987222671508789 2
1744478056065 0.6827198266983032 3
1744478056119 0.7399150133132935 4
1744478056162 0.5807250738143921 5
1744478056198 0.7111146450042725 6
1744478056234 0.7363066077232361 7
1744478056274 0.5781196355819702 8
1744478056318 0.9467518925666809 9
1744478056357 0.8117721080780029 10
1744478056407 0.6666690111160278 11
1744478056456 0.9320153594017029 12
1744478056496 0.4642374813556671 13
1744478056536 0.9561623930931091 14
1744478215004 0.3055574595928192 0
1744478215049 0.5974511504173279 1
1744478215086 0.9649617075920105 2
1744478215120 1.0008701086044312 3
1744478215155 0.5529809594154358 4
1744478215188 0.4677330255508423 5
1744478215232 0.6328169107437134 6
1744478215278 0.8705965876579285 7
1744478215317 0.6867034435272217 8
1744478215353 0.7872238755226135 9
1744478215398 0.3372405469417572 10
1744478215438 1.0491840839385986 11
1744478215474 1.3952991962432861 12
1744478215507 0.31011632084846497 13
1744478215543 1.5428410768508911 14
1744478363609 0.5829049348831177 0
1744478363648 0.8839309215545654 1
1744478363687 0.5607291460037231 2
1744478363728 0.6197287440299988 3
1744478363771 0.2276875376701355 4
1744478363817 0.3722669780254364 5
1744478363852 1.215341567993164 6
1744478363886 1.1017918586730957 7
1744478363922 0.2207309454679489 8
1744478363956 0.5480843782424927 9
1744478363992 0.519314706325531 10
1744478364028 1.1471034288406372 11
1744478364062 0.29871100187301636 12
1744478364096 0.4375979006290436 13
1744478364139 0.4729587733745575 14
1744478512751 0.5172349810600281 0
1744478512807 0.776029646396637 1
1744478512859 1.0030865669250488 2
1744478512895 0.6743561625480652 3
1744478512939 0.7668857574462891 4
1744478512978 0.2868701219558716 5
1744478513013 0.6113758683204651 6
1744478513054 0.8623377680778503 7
1744478513096 0.45902109146118164 8
1744478513132 1.2651711702346802 9
1744478513167 1.505273699760437 10
1744478513210 0.6215115785598755 11
1744478513252 0.44219446182250977 12
1744478513298 0.8402205109596252 13
1744478513351 0.04122580960392952 14
1744478663492 0.37976452708244324 0
1744478663532 0.9086450934410095 1
1744478663573 0.43127551674842834 2
1744478663613 0.09213022142648697 3
1744478663650 0.453571617603302 4
1744478663686 0.4274507761001587 5
1744478663724 0.449341744184494 6
1744478663764 0.7598000168800354 7
1744478663805 0.8433821201324463 8
1744478663845 0.886595606803894 9
1744478663882 0.31614673137664795 10
1744478663932 1.184322476387024 11
1744478663974 0.8484970331192017 12
1744478664012 1.0634247064590454 13
1744478664051 0.6714352369308472 14
1744478807159 0.9546449184417725 0
1744478807210 0.783232569694519 1
1744478807262 0.47652891278266907 2
1744478807311 0.412841796875 3
1744478807366 0.9754098653793335 4
1744478807401 0.7394492626190186 5
1744478807439 0.9481471180915833 6
1744478807480 0.9436720609664917 7
1744478807524 0.6623972654342651 8
1744478807568 0.5558912754058838 9
1744478807609 1.096645712852478 10
1744478807654 0.4229243993759155 11
1744478807703 0.40823400020599365 12
1744478807745 1.1819195747375488 13
1744478807796 0.9315036535263062 14
