1744477558565 0.0 0
1744477558593 1.0 1
1744477558616 2.0 2
1744477558642 3.0 3
1744477558674 4.0 4
1744477558698 5.0 5
1744477558722 6.0 6
1744477558744 7.0 7
1744477558791 8.0 8
1744477558825 9.0 9
1744477558863 10.0 10
1744477558895 11.0 11
1744477558918 12.0 12
1744477558942 13.0 13
1744477558976 14.0 14
1744477673231 0.0 0
1744477673281 1.0 1
1744477673317 2.0 2
1744477673364 3.0 3
1744477673414 4.0 4
1744477673452 5.0 5
1744477673496 6.0 6
1744477673531 7.0 7
1744477673579 8.0 8
1744477673620 9.0 9
1744477673656 10.0 10
1744477673698 11.0 11
1744477673750 12.0 12
1744477673798 13.0 13
1744477673853 14.0 14
1744477790247 0.0 0
1744477790284 1.0 1
1744477790331 2.0 2
1744477790378 3.0 3
1744477790422 4.0 4
1744477790462 5.0 5
1744477790500 6.0 6
1744477790533 7.0 7
1744477790573 8.0 8
1744477790611 9.0 9
1744477790645 10.0 10
1744477790679 11.0 11
1744477790717 12.0 12
1744477790751 13.0 13
1744477790785 14.0 14
1744477914967 0.0 0
1744477915004 1.0 1
1744477915041 2.0 2
1744477915075 3.0 3
1744477915110 4.0 4
1744477915148 5.0 5
1744477915183 6.0 6
1744477915227 7.0 7
1744477915280 8.0 8
1744477915324 9.0 9
1744477915358 10.0 10
1744477915391 11.0 11
1744477915425 12.0 12
1744477915464 13.0 13
1744477915505 14.0 14
1744478055916 0.0 0
1744478055966 1.0 1
1744478056014 2.0 2
1744478056065 3.0 3
1744478056119 4.0 4
1744478056162 5.0 5
1744478056198 6.0 6
1744478056234 7.0 7
1744478056274 8.0 8
1744478056318 9.0 9
1744478056357 10.0 10
1744478056407 11.0 11
1744478056456 12.0 12
1744478056496 13.0 13
1744478056536 14.0 14
1744478215004 0.0 0
1744478215049 1.0 1
1744478215086 2.0 2
1744478215120 3.0 3
1744478215155 4.0 4
1744478215188 5.0 5
1744478215232 6.0 6
1744478215278 7.0 7
1744478215317 8.0 8
1744478215353 9.0 9
1744478215398 10.0 10
1744478215438 11.0 11
1744478215474 12.0 12
1744478215507 13.0 13
1744478215543 14.0 14
1744478363609 0.0 0
1744478363648 1.0 1
1744478363687 2.0 2
1744478363728 3.0 3
1744478363771 4.0 4
1744478363817 5.0 5
1744478363852 6.0 6
1744478363886 7.0 7
1744478363922 8.0 8
1744478363956 9.0 9
1744478363992 10.0 10
1744478364028 11.0 11
1744478364062 12.0 12
1744478364096 13.0 13
1744478364139 14.0 14
1744478512751 0.0 0
1744478512807 1.0 1
1744478512859 2.0 2
1744478512895 3.0 3
1744478512939 4.0 4
1744478512978 5.0 5
1744478513013 6.0 6
1744478513054 7.0 7
1744478513096 8.0 8
1744478513132 9.0 9
1744478513167 10.0 10
1744478513210 11.0 11
1744478513252 12.0 12
1744478513298 13.0 13
1744478513351 14.0 14
1744478663492 0.0 0
1744478663532 1.0 1
1744478663573 2.0 2
1744478663613 3.0 3
1744478663650 4.0 4
1744478663686 5.0 5
1744478663724 6.0 6
1744478663764 7.0 7
1744478663805 8.0 8
1744478663845 9.0 9
1744478663882 10.0 10
1744478663932 11.0 11
1744478663974 12.0 12
1744478664012 13.0 13
1744478664051 14.0 14
1744478807159 0.0 0
1744478807210 1.0 1
1744478807262 2.0 2
1744478807311 3.0 3
1744478807366 4.0 4
1744478807401 5.0 5
1744478807439 6.0 6
1744478807480 7.0 7
1744478807524 8.0 8
1744478807568 9.0 9
1744478807609 10.0 10
1744478807654 11.0 11
1744478807703 12.0 12
1744478807745 13.0 13
1744478807796 14.0 14
