1744477558565 35.40892028808594 0
1744477558593 20.744247436523438 1
1744477558616 17.70100975036621 2
1744477558642 14.587986946105957 3
1744477558674 15.106188774108887 4
1744477558698 15.780464172363281 5
1744477558722 15.9639892578125 6
1744477558744 15.1641263961792 7
1744477558791 13.089641571044922 8
1744477558825 12.594910621643066 9
1744477558863 11.542221069335938 10
1744477558895 11.352081298828125 11
1744477558918 10.344582557678223 12
1744477558942 9.398614883422852 13
1744477558976 8.809537887573242 14
1744477673231 10.041102409362793 0
1744477673281 9.319624900817871 1
1744477673317 9.051551818847656 2
1744477673364 8.916293144226074 3
1744477673414 6.9892401695251465 4
1744477673452 8.041436195373535 5
1744477673496 7.464292049407959 6
1744477673531 6.625029563903809 7
1744477673579 6.818292140960693 8
1744477673620 6.801327705383301 9
1744477673656 6.155238151550293 10
1744477673698 6.125032424926758 11
1744477673750 6.280232906341553 12
1744477673798 5.046577453613281 13
1744477673853 5.723851203918457 14
1744477790247 5.336935520172119 0
1744477790284 7.312587738037109 1
1744477790331 5.455847263336182 2
1744477790378 4.079421043395996 3
1744477790422 4.8536152839660645 4
1744477790462 4.963190078735352 5
1744477790500 5.0434722900390625 6
1744477790533 4.863321781158447 7
1744477790573 4.574212074279785 8
1744477790611 4.421028137207031 9
1744477790645 4.333192348480225 10
1744477790679 4.557373523712158 11
1744477790717 3.720660448074341 12
1744477790751 3.3554766178131104 13
1744477790785 4.367481708526611 14
1744477914967 4.310233116149902 0
1744477915004 5.187732696533203 1
1744477915041 4.5150933265686035 2
1744477915075 4.362539768218994 3
1744477915110 4.200791835784912 4
1744477915148 3.933154344558716 5
1744477915183 4.043030261993408 6
1744477915227 3.6998841762542725 7
1744477915280 3.712045669555664 8
1744477915324 4.4154052734375 9
1744477915358 3.770958185195923 10
1744477915391 3.5331521034240723 11
1744477915425 3.4307289123535156 12
1744477915464 3.702096462249756 13
1744477915505 3.210420846939087 14
1744478055916 3.2879128456115723 0
1744478055966 5.064681053161621 1
1744478056014 3.84903621673584 2
1744478056065 3.658965826034546 3
1744478056119 4.0123395919799805 4
1744478056162 3.772099018096924 5
1744478056198 3.749873161315918 6
1744478056234 3.787907838821411 7
1744478056274 3.176530361175537 8
1744478056318 3.5765199661254883 9
1744478056357 3.3137190341949463 10
1744478056407 3.4081199169158936 11
1744478056456 3.6633331775665283 12
1744478056496 3.0269968509674072 13
1744478056536 3.525977849960327 14
1744478215004 2.8035471439361572 0
1744478215049 4.990082263946533 1
1744478215086 3.7567663192749023 2
1744478215120 3.523841619491577 3
1744478215155 3.204641342163086 4
1744478215188 3.2660794258117676 5
1744478215232 3.1195974349975586 6
1744478215278 3.105402708053589 7
1744478215317 3.423366069793701 8
1744478215353 3.299984931945801 9
1744478215398 2.728623151779175 10
1744478215438 3.461876153945923 11
1744478215474 3.919283628463745 12
1744478215507 2.5182251930236816 13
1744478215543 4.098330974578857 14
1744478363609 3.041384220123291 0
1744478363648 4.925021648406982 1
1744478363687 3.2474677562713623 2
1744478363728 3.1094632148742676 3
1744478363771 3.2882778644561768 4
1744478363817 3.2537386417388916 5
1744478363852 3.7357938289642334 6
1744478363886 3.8895158767700195 7
1744478363922 3.0968825817108154 8
1744478363956 3.3994007110595703 9
1744478363992 2.9675452709198 10
1744478364028 3.51082706451416 11
1744478364062 2.690462589263916 12
1744478364096 2.7382450103759766 13
1744478364139 2.8041584491729736 14
1744478512751 2.718461751937866 0
1744478512807 4.7579665184021 1
1744478512859 3.351377010345459 2
1744478512895 2.9868345260620117 3
1744478512939 3.4748079776763916 4
1744478512978 2.984254837036133 5
1744478513013 2.904179096221924 6
1744478513054 3.444071054458618 7
1744478513096 3.0083165168762207 8
1744478513132 4.158644676208496 9
1744478513167 4.066475868225098 10
1744478513210 2.8993453979492188 11
1744478513252 2.5831170082092285 12
1744478513298 3.0919108390808105 13
1744478513351 2.1575870513916016 14
1744478663492 2.707444906234741 0
1744478663532 5.022920608520508 1
1744478663573 3.368161201477051 2
1744478663613 2.733008861541748 3
1744478663650 4.194881439208984 4
1744478663686 3.359571695327759 5
1744478663724 3.0277113914489746 6
1744478663764 3.1504812240600586 7
1744478663805 3.4302735328674316 8
1744478663845 3.5888497829437256 9
1744478663882 3.1302974224090576 10
1744478663932 3.7726528644561768 11
1744478663974 3.3285419940948486 12
1744478664012 3.6063196659088135 13
1744478664051 3.213613510131836 14
1744478807159 3.505683422088623 0
1744478807210 4.635495662689209 1
1744478807262 3.212319850921631 2
1744478807311 2.872645139694214 3
1744478807366 4.181094169616699 4
1744478807401 3.650286912918091 5
1744478807439 3.4434423446655273 6
1744478807480 3.4434666633605957 7
1744478807524 3.223802328109741 8
1744478807568 2.9865334033966064 9
1744478807609 3.260585069656372 10
1744478807654 2.4237430095672607 11
1744478807703 2.5895438194274902 12
1744478807745 3.642510414123535 13
1744478807796 3.3646926879882812 14
