1744477558565 115.33431243896484 0
1744477558593 68.00927734375 1
1744477558616 56.756004333496094 2
1744477558642 47.01821517944336 3
1744477558674 48.89881134033203 4
1744477558698 50.539039611816406 5
1744477558722 51.07195281982422 6
1744477558744 48.45058822631836 7
1744477558791 40.86707305908203 8
1744477558825 38.712066650390625 9
1744477558863 36.29154586791992 10
1744477558895 34.495826721191406 11
1744477558918 31.891315460205078 12
1744477558942 29.985567092895508 13
1744477558976 27.811321258544922 14
1744477673231 28.982051849365234 0
1744477673281 26.948116302490234 1
1744477673317 26.97677230834961 2
1744477673364 26.545120239257812 3
1744477673414 21.994829177856445 4
1744477673452 22.324119567871094 5
1744477673496 22.569427490234375 6
1744477673531 20.084354400634766 7
1744477673579 19.86788558959961 8
1744477673620 17.568193435668945 9
1744477673656 17.059329986572266 10
1744477673698 18.19200897216797 11
1744477673750 16.804162979125977 12
1744477673798 15.70374584197998 13
1744477673853 15.077600479125977 14
1744477790247 14.25833511352539 0
1744477790284 19.727224349975586 1
1744477790331 15.705890655517578 2
1744477790378 12.207794189453125 3
1744477790422 14.56153392791748 4
1744477790462 14.944762229919434 5
1744477790500 13.049383163452148 6
1744477790533 12.878833770751953 7
1744477790573 11.727569580078125 8
1744477790611 12.308045387268066 9
1744477790645 11.903862953186035 10
1744477790679 11.752644538879395 11
1744477790717 10.023690223693848 12
1744477790751 8.83811092376709 13
1744477790785 11.215561866760254 14
1744477914967 9.950766563415527 0
1744477915004 14.565288543701172 1
1744477915041 10.254823684692383 2
1744477915075 10.074640274047852 3
1744477915110 11.292868614196777 4
1744477915148 10.726714134216309 5
1744477915183 10.033449172973633 6
1744477915227 9.04074764251709 7
1744477915280 9.347918510437012 8
1744477915324 9.633211135864258 9
1744477915358 9.526257514953613 10
1744477915391 8.543656349182129 11
1744477915425 7.803203582763672 12
1744477915464 8.059303283691406 13
1744477915505 8.281598091125488 14
1744478055916 8.474241256713867 0
1744478055966 14.443830490112305 1
1744478056014 9.303445816040039 2
1744478056065 8.938498497009277 3
1744478056119 9.806670188903809 4
1744478056162 9.643454551696777 5
1744478056198 8.731218338012695 6
1744478056234 9.048062324523926 7
1744478056274 7.520658493041992 8
1744478056318 7.55574893951416 9
1744478056357 7.246664047241211 10
1744478056407 7.893665790557861 11
1744478056456 8.110300064086914 12
1744478056496 7.3887224197387695 13
1744478056536 7.5895490646362305 14
1744478215004 7.269772529602051 0
1744478215049 13.779908180236816 1
1744478215086 8.361800193786621 2
1744478215120 7.260490417480469 3
1744478215155 7.963981628417969 4
1744478215188 8.280647277832031 5
1744478215232 7.272767066955566 6
1744478215278 6.491015911102295 7
1744478215317 7.9075798988342285 8
1744478215353 7.331547737121582 9
1744478215398 6.716547012329102 10
1744478215438 6.6466593742370605 11
1744478215474 6.890803337097168 12
1744478215507 6.177252769470215 13
1744478215543 7.11422872543335 14
1744478363609 6.940086364746094 0
1744478363648 12.083616256713867 1
1744478363687 7.747925758361816 2
1744478363728 6.907294273376465 3
1744478363771 8.824135780334473 4
1744478363817 8.255758285522461 5
1744478363852 7.041510581970215 6
1744478363886 7.945766925811768 7
1744478363922 8.159894943237305 8
1744478363956 8.2210111618042 9
1744478363992 6.695236682891846 10
1744478364028 6.511077880859375 11
1744478364062 6.376650333404541 12
1744478364096 6.234706401824951 13
1744478364139 6.4138617515563965 14
1744478512751 6.0715227127075195 0
1744478512807 11.758157730102539 1
1744478512859 6.370967864990234 2
1744478512895 6.4024858474731445 3
1744478512939 7.361677169799805 4
1744478512978 7.528048038482666 5
1744478513013 5.795710563659668 6
1744478513054 6.878634929656982 7
1744478513096 6.596678733825684 8
1744478513132 7.554620742797852 9
1744478513167 6.600973129272461 10
1744478513210 5.7469258308410645 11
1744478513252 5.383740425109863 12
1744478513298 5.7732086181640625 13
1744478513351 5.438643455505371 14
1744478663492 5.553707599639893 0
1744478663532 11.688912391662598 1
1744478663573 7.540345191955566 2
1744478663613 6.49459981918335 3
1744478663650 10.4348783493042 4
1744478663686 7.557831287384033 5
1744478663724 6.807929039001465 6
1744478663764 6.537240505218506 7
1744478663805 6.963197708129883 8
1744478663845 7.0453596115112305 9
1744478663882 7.5505781173706055 10
1744478663932 6.203360557556152 11
1744478663974 6.1287455558776855 12
1744478664012 6.0694580078125 13
1744478664051 6.055981159210205 14
1744478807159 6.239017963409424 0
1744478807210 10.783960342407227 1
1744478807262 6.635907173156738 2
1744478807311 6.041787147521973 3
1744478807366 8.0465669631958 4
1744478807401 7.287460803985596 5
1744478807439 6.259890556335449 6
1744478807480 5.9475626945495605 7
1744478807524 6.621028423309326 8
1744478807568 5.909209251403809 9
1744478807609 5.171686172485352 10
1744478807654 4.667240142822266 11
1744478807703 4.813218593597412 12
1744478807745 5.570475101470947 13
1744478807796 5.621282577514648 14
