1744564713992 0.6790602803230286 0
1744564714031 0.6786718368530273 1
1744564714066 0.6553176045417786 2
1744564714100 0.6463710069656372 3
1744564714134 0.6091645359992981 4
1744564714158 0.6077232956886292 5
1744564714181 0.606410562992096 6
1744564714204 0.5858005881309509 7
1744564714244 0.5667067766189575 8
1744564714285 0.5961007475852966 9
1744564714324 0.5855334401130676 10
1744564714347 0.570227861404419 11
1744564714369 0.5928058624267578 12
1744564714392 0.5702604055404663 13
1744564714415 0.5394024848937988 14
