1744564713992 0.6782919764518738 0
1744564714031 0.5894055366516113 1
1744564714066 0.6909022927284241 2
1744564714100 0.6452910304069519 3
1744564714134 0.6302423477172852 4
1744564714158 0.5840370059013367 5
1744564714181 0.6402221918106079 6
1744564714204 0.6497849822044373 7
1744564714244 0.691568911075592 8
1744564714285 0.7259177565574646 9
1744564714324 0.5944300889968872 10
1744564714347 0.5950601100921631 11
1744564714369 0.5547778606414795 12
1744564714392 0.6183966398239136 13
1744564714415 0.6097506880760193 14
