1744564713992 34.35420608520508 0
1744564714031 22.281719207763672 1
1744564714066 19.25777244567871 2
1744564714100 15.803135871887207 3
1744564714134 16.615310668945312 4
1744564714158 15.658827781677246 5
1744564714181 14.932222366333008 6
1744564714204 14.222058296203613 7
1744564714244 13.590065956115723 8
1744564714285 13.17443561553955 9
1744564714324 11.736824035644531 10
1744564714347 11.27239990234375 11
1744564714369 10.98521900177002 12
1744564714392 9.520304679870605 13
1744564714415 9.93324089050293 14
