1744564713992 111.6192626953125 0
1744564714031 71.67428588867188 1
1744564714066 61.277931213378906 2
1744564714100 49.92286682128906 3
1744564714134 52.715003967285156 4
1744564714158 49.68209457397461 5
1744564714181 47.074012756347656 6
1744564714204 44.69416046142578 7
1744564714244 42.466060638427734 8
1744564714285 40.938697814941406 9
1744564714324 36.59481430053711 10
1744564714347 35.05891799926758 11
1744564714369 34.214847564697266 12
1744564714392 29.140783309936523 13
1744564714415 30.574857711791992 14
