1737909878057 0.0 0
1737909878080 1.0 1
1737909878105 2.0 2
1737909878126 3.0 3
1737909878150 4.0 4
1737909878173 5.0 5
1737909878202 6.0 6
1737909878229 7.0 7
1737909878255 8.0 8
1737909878278 9.0 9
1737910004009 0.0 0
1737910004036 1.0 1
1737910004060 2.0 2
1737910004086 3.0 3
1737910004115 4.0 4
1737910004138 5.0 5
1737910004159 6.0 6
1737910004179 7.0 7
1737910004201 8.0 8
1737910004221 9.0 9
1737910129787 0.0 0
1737910129807 1.0 1
1737910129829 2.0 2
1737910129852 3.0 3
1737910129877 4.0 4
1737910129907 5.0 5
1737910129929 6.0 6
1737910129954 7.0 7
1737910129976 8.0 8
1737910130001 9.0 9
1737910262677 0.0 0
1737910262698 1.0 1
1737910262720 2.0 2
1737910262743 3.0 3
1737910262764 4.0 4
1737910262784 5.0 5
1737910262805 6.0 6
1737910262827 7.0 7
1737910262847 8.0 8
1737910262870 9.0 9
1737910391336 0.0 0
1737910391350 1.0 1
1737910391365 2.0 2
1737910391379 3.0 3
1737910391393 4.0 4
1737910391408 5.0 5
1737910391422 6.0 6
1737910391437 7.0 7
1737910391451 8.0 8
1737910391465 9.0 9
1737910510536 0.0 0
1737910510550 1.0 1
1737910510564 2.0 2
1737910510578 3.0 3
1737910510592 4.0 4
1737910510606 5.0 5
1737910510620 6.0 6
1737910510634 7.0 7
1737910510649 8.0 8
1737910510663 9.0 9
