1737909878057 0.0 0
1737909878080 0.0 1
1737909878105 0.0 2
1737909878126 0.0 3
1737909878150 0.0 4
1737909878173 0.0 5
1737909878202 0.0 6
1737909878229 0.0 7
1737909878255 0.0 8
1737909878278 0.0 9
1737910004009 0.0 0
1737910004036 0.0 1
1737910004060 0.0 2
1737910004086 0.0 3
1737910004115 0.0 4
1737910004138 0.0 5
1737910004159 0.0 6
1737910004179 0.0 7
1737910004201 0.0 8
1737910004221 0.0 9
1737910129787 0.0 0
1737910129807 0.0 1
1737910129829 0.0 2
1737910129852 0.0 3
1737910129877 0.0 4
1737910129907 0.0 5
1737910129929 0.0 6
1737910129954 0.0 7
1737910129976 0.0 8
1737910130001 0.0 9
1737910262677 0.0 0
1737910262698 0.0 1
1737910262720 0.0 2
1737910262743 0.0 3
1737910262764 0.0 4
1737910262784 0.0 5
1737910262805 0.0 6
1737910262827 0.0 7
1737910262847 0.0 8
1737910262870 0.0 9
1737910391336 0.0 0
1737910391350 0.0 1
1737910391365 0.0 2
1737910391379 0.0 3
1737910391393 0.0 4
1737910391408 0.0 5
1737910391422 0.0 6
1737910391437 0.0 7
1737910391451 0.0 8
1737910391465 0.0 9
1737910510536 0.0 0
1737910510550 0.0 1
1737910510564 0.0 2
1737910510578 0.0 3
1737910510592 0.0 4
1737910510606 0.0 5
1737910510620 0.0 6
1737910510634 0.0 7
1737910510649 0.0 8
1737910510663 0.0 9
