1744458854420 0.8455091714859009 0
1744458854453 0.4211338460445404 1
1744458854484 0.3994261622428894 2
1744458854516 0.5588209629058838 3
1744458854540 0.5844547152519226 4
1744458854559 0.2445446401834488 5
1744458854578 0.6674113869667053 6
1744458854596 0.4683632552623749 7
1744458854621 0.6324961185455322 8
1744458854651 0.2769259214401245 9
1744458961971 0.5689100623130798 0
1744458961991 0.5761372447013855 1
1744458962016 1.0176230669021606 2
1744458962046 0.5749526023864746 3
1744458962076 0.5397006869316101 4
1744458962112 0.9205114841461182 5
1744458962145 0.2392018735408783 6
1744458962186 0.5754637718200684 7
1744458962233 0.4172367453575134 8
1744458962271 0.4828000068664551 9
1744459076043 0.3493868410587311 0
1744459076084 0.9670619964599609 1
1744459076115 0.9529260993003845 2
1744459076145 0.5770998001098633 3
1744459076177 0.35069289803504944 4
1744459076208 0.4314556121826172 5
1744459076237 0.6565372943878174 6
1744459076270 0.4451482892036438 7
1744459076301 0.29541194438934326 8
1744459076337 0.7925938367843628 9
1744459204204 0.9038957357406616 0
1744459204235 0.19426394999027252 1
1744459204263 0.3597032427787781 2
1744459204296 1.0021607875823975 3
1744459204326 0.38181355595588684 4
1744459204357 0.12372981756925583 5
1744459204393 0.4600762724876404 6
1744459204423 0.6472517251968384 7
1744459204455 0.16742603480815887 8
1744459204487 0.3164995312690735 9
1744459338135 0.47280052304267883 0
1744459338167 0.6608882546424866 1
1744459338198 0.5791574716567993 2
1744459338234 0.36789825558662415 3
1744459338281 0.4309558868408203 4
1744459338318 0.5579652786254883 5
1744459338357 0.2926824688911438 6
1744459338400 0.5747687816619873 7
1744459338432 0.5876944661140442 8
1744459338464 0.6551666855812073 9
1744459481104 0.930368959903717 0
1744459481138 0.40060505270957947 1
1744459481170 0.8240168690681458 2
1744459481202 0.23829279839992523 3
1744459481233 0.16459423303604126 4
1744459481267 0.2929709553718567 5
1744459481302 0.15284094214439392 6
1744459481342 0.571202278137207 7
1744459481378 0.13709813356399536 8
1744459481408 0.8015839457511902 9
1744459624941 0.6302808523178101 0
1744459624985 0.3725659251213074 1
1744459625019 0.8649396896362305 2
1744459625047 1.2024509906768799 3
1744459625075 0.34944504499435425 4
1744459625103 0.6272334456443787 5
1744459625138 0.5051203370094299 6
1744459625174 0.561140775680542 7
1744459625206 0.15052321553230286 8
1744459625238 0.16456015408039093 9
1744459768605 0.7019845247268677 0
1744459768651 0.4815426170825958 1
1744459768695 0.07101460546255112 2
1744459768748 0.7426964640617371 3
1744459768796 0.1914677619934082 4
1744459768827 0.590608537197113 5
1744459768859 0.14245034754276276 6
1744459768890 0.5273743271827698 7
1744459768923 0.5940431356430054 8
1744459768954 0.6884205341339111 9
1744459925126 0.5765891671180725 0
1744459925163 0.07604025304317474 1
1744459925193 0.43517985939979553 2
1744459925228 0.22944490611553192 3
1744459925262 0.4768396019935608 4
1744459925308 0.7206442952156067 5
1744459925346 0.3972926735877991 6
1744459925389 0.546471893787384 7
1744459925431 0.32710525393486023 8
1744459925473 0.2988012135028839 9
1744460074920 0.24515224993228912 0
1744460074966 0.31357449293136597 1
1744460075007 0.15522299706935883 2
1744460075047 0.2811407446861267 3
1744460075091 0.23092937469482422 4
1744460075121 0.5761405825614929 5
1744460075154 0.32695168256759644 6
1744460075184 0.6820496320724487 7
1744460075213 0.9058573842048645 8
1744460075247 0.18996909260749817 9
