1744458854420 0.0 0
1744458854453 1.0 1
1744458854484 2.0 2
1744458854516 3.0 3
1744458854540 4.0 4
1744458854559 5.0 5
1744458854578 6.0 6
1744458854596 7.0 7
1744458854621 8.0 8
1744458854651 9.0 9
1744458961971 0.0 0
1744458961991 1.0 1
1744458962016 2.0 2
1744458962046 3.0 3
1744458962076 4.0 4
1744458962112 5.0 5
1744458962145 6.0 6
1744458962186 7.0 7
1744458962233 8.0 8
1744458962271 9.0 9
1744459076043 0.0 0
1744459076084 1.0 1
1744459076115 2.0 2
1744459076145 3.0 3
1744459076177 4.0 4
1744459076208 5.0 5
1744459076237 6.0 6
1744459076270 7.0 7
1744459076301 8.0 8
1744459076337 9.0 9
1744459204204 0.0 0
1744459204235 1.0 1
1744459204263 2.0 2
1744459204296 3.0 3
1744459204326 4.0 4
1744459204357 5.0 5
1744459204393 6.0 6
1744459204423 7.0 7
1744459204455 8.0 8
1744459204487 9.0 9
1744459338135 0.0 0
1744459338167 1.0 1
1744459338198 2.0 2
1744459338234 3.0 3
1744459338281 4.0 4
1744459338318 5.0 5
1744459338357 6.0 6
1744459338400 7.0 7
1744459338432 8.0 8
1744459338464 9.0 9
1744459481104 0.0 0
1744459481138 1.0 1
1744459481170 2.0 2
1744459481202 3.0 3
1744459481233 4.0 4
1744459481267 5.0 5
1744459481302 6.0 6
1744459481342 7.0 7
1744459481378 8.0 8
1744459481408 9.0 9
1744459624941 0.0 0
1744459624985 1.0 1
1744459625019 2.0 2
1744459625047 3.0 3
1744459625075 4.0 4
1744459625103 5.0 5
1744459625138 6.0 6
1744459625174 7.0 7
1744459625206 8.0 8
1744459625238 9.0 9
1744459768605 0.0 0
1744459768651 1.0 1
1744459768695 2.0 2
1744459768748 3.0 3
1744459768796 4.0 4
1744459768827 5.0 5
1744459768859 6.0 6
1744459768890 7.0 7
1744459768923 8.0 8
1744459768954 9.0 9
1744459925126 0.0 0
1744459925163 1.0 1
1744459925193 2.0 2
1744459925228 3.0 3
1744459925262 4.0 4
1744459925308 5.0 5
1744459925346 6.0 6
1744459925389 7.0 7
1744459925431 8.0 8
1744459925473 9.0 9
1744460074920 0.0 0
1744460074966 1.0 1
1744460075007 2.0 2
1744460075047 3.0 3
1744460075091 4.0 4
1744460075121 5.0 5
1744460075154 6.0 6
1744460075184 7.0 7
1744460075213 8.0 8
1744460075247 9.0 9
