1744458854420 7.989010334014893 0
1744458854453 5.017917156219482 1
1744458854484 3.8387951850891113 2
1744458854516 3.8827381134033203 3
1744458854540 4.216551303863525 4
1744458854559 3.4105889797210693 5
1744458854578 4.194670677185059 6
1744458854596 3.576341390609741 7
1744458854621 3.5214102268218994 8
1744458854651 2.939974308013916 9
1744458961971 3.063424825668335 0
1744458961991 2.903243064880371 1
1744458962016 3.409785270690918 2
1744458962046 3.0074336528778076 3
1744458962076 2.720247745513916 4
1744458962112 2.9874320030212402 5
1744458962145 2.1676077842712402 6
1744458962186 2.3070695400238037 7
1744458962233 2.093451738357544 8
1744458962271 2.153334617614746 9
1744459076043 1.9008876085281372 0
1744459076084 2.6842758655548096 1
1744459076115 2.607555627822876 2
1744459076145 1.8882964849472046 3
1744459076177 1.6250132322311401 4
1744459076208 1.797602891921997 5
1744459076237 2.1053690910339355 6
1744459076270 1.6539981365203857 7
1744459076301 1.5172927379608154 8
1744459076337 2.0766592025756836 9
1744459204204 2.184696674346924 0
1744459204235 1.516727089881897 1
1744459204263 1.5069935321807861 2
1744459204296 2.5165586471557617 3
1744459204326 1.5793694257736206 4
1744459204357 1.3716208934783936 5
1744459204393 1.532198190689087 6
1744459204423 1.6505141258239746 7
1744459204455 1.0566056966781616 8
1744459204487 1.197296380996704 9
1744459338135 1.4277844429016113 0
1744459338167 1.8231041431427002 1
1744459338198 1.6420645713806152 2
1744459338234 1.2473230361938477 3
1744459338281 1.427856683731079 4
1744459338318 1.5565123558044434 5
1744459338357 1.2639830112457275 6
1744459338400 1.5541083812713623 7
1744459338432 1.5402089357376099 8
1744459338464 1.4764659404754639 9
1744459481104 1.889365792274475 0
1744459481138 1.5503257513046265 1
1744459481170 1.907543420791626 2
1744459481202 1.0332820415496826 3
1744459481233 1.014988899230957 4
1744459481267 1.2219268083572388 5
1744459481302 0.8567370176315308 6
1744459481342 1.3177368640899658 7
1744459481378 0.7177886366844177 8
1744459481408 1.5448434352874756 9
1744459624941 1.5322688817977905 0
1744459624985 1.4369862079620361 1
1744459625019 1.7291330099105835 2
1744459625047 2.09261155128479 3
1744459625075 1.3857080936431885 4
1744459625103 1.5954744815826416 5
1744459625138 1.2764719724655151 6
1744459625174 1.3074138164520264 7
1744459625206 0.8062506914138794 8
1744459625238 0.9509626626968384 9
1744459768605 1.5204622745513916 0
1744459768651 1.5774484872817993 1
1744459768695 0.7761291265487671 2
1744459768748 1.6078541278839111 3
1744459768796 1.0023283958435059 4
1744459768827 1.4528529644012451 5
1744459768859 0.790912926197052 6
1744459768890 1.0980756282806396 7
1744459768923 1.2100824117660522 8
1744459768954 1.5000004768371582 9
1744459925126 1.4018179178237915 0
1744459925163 1.0279468297958374 1
1744459925193 1.2069345712661743 2
1744459925228 0.9291086792945862 3
1744459925262 1.2761987447738647 4
1744459925308 1.6002094745635986 5
1744459925346 1.1429879665374756 6
1744459925389 1.2408390045166016 7
1744459925431 0.9582738876342773 8
1744459925473 0.8723806142807007 9
1744460074920 0.928695023059845 0
1744460074966 1.2104203701019287 1
1744460075007 0.7022489309310913 2
1744460075047 0.9143097400665283 3
1744460075091 1.040406584739685 4
1744460075121 1.2644786834716797 5
1744460075154 0.9383835196495056 6
1744460075184 1.2616914510726929 7
1744460075213 1.5354775190353394 8
1744460075247 0.7948250770568848 9
