1744458854420 102.05001831054688 0
1744458854453 65.66832733154297 1
1744458854484 49.13384246826172 2
1744458854516 47.48453140258789 3
1744458854540 51.88709259033203 4
1744458854559 45.22920227050781 5
1744458854578 50.3894157409668 6
1744458854596 44.399688720703125 7
1744458854621 41.27020263671875 8
1744458854651 38.043548583984375 9
1744458961971 35.63592529296875 0
1744458961991 33.24436950683594 1
1744458962016 34.173744201660156 2
1744458962046 34.74972915649414 3
1744458962076 31.150672912597656 4
1744458962112 29.527435302734375 5
1744458962145 27.548654556274414 6
1744458962186 24.737224578857422 7
1744458962233 23.9459285736084 8
1744458962271 23.864778518676758 9
1744459076043 22.164297103881836 0
1744459076084 24.531625747680664 1
1744459076115 23.637563705444336 2
1744459076145 18.731380462646484 3
1744459076177 18.20457649230957 4
1744459076208 19.516389846801758 5
1744459076237 20.697599411010742 6
1744459076270 17.269283294677734 7
1744459076301 17.455440521240234 8
1744459076337 18.343791961669922 9
1744459204204 18.297155380249023 0
1744459204235 18.892330169677734 1
1744459204263 16.389860153198242 2
1744459204296 21.634254455566406 3
1744459204326 17.107940673828125 4
1744459204357 17.827014923095703 5
1744459204393 15.31602668762207 6
1744459204423 14.332320213317871 7
1744459204455 12.702566146850586 8
1744459204487 12.58281135559082 9
1744459338135 13.642626762390137 0
1744459338167 16.603084564208984 1
1744459338198 15.18438720703125 2
1744459338234 12.563210487365723 3
1744459338281 14.241440773010254 4
1744459338318 14.264959335327148 5
1744459338357 13.875722885131836 6
1744459338400 13.99056625366211 7
1744459338432 13.607349395751953 8
1744459338464 11.7328462600708 9
1744459481104 13.699954986572266 0
1744459481138 16.42458152770996 1
1744459481170 15.478949546813965 2
1744459481202 11.356988906860352 3
1744459481233 12.148494720458984 4
1744459481267 13.270797729492188 5
1744459481302 10.055657386779785 6
1744459481342 10.664779663085938 7
1744459481378 8.295578956604004 8
1744459481408 10.617992401123047 9
1744459624941 12.885542869567871 0
1744459624985 15.20600414276123 1
1744459625019 12.345619201660156 2
1744459625047 12.716580390930176 3
1744459625075 14.80375862121582 4
1744459625103 13.832014083862305 5
1744459625138 11.019309043884277 6
1744459625174 10.661042213439941 7
1744459625206 9.367534637451172 8
1744459625238 11.234321594238281 9
1744459768605 11.69253921508789 0
1744459768651 15.65579891204834 1
1744459768695 10.073064804077148 2
1744459768748 12.359395980834961 3
1744459768796 11.583723068237305 4
1744459768827 12.317777633666992 5
1744459768859 9.263751029968262 6
1744459768890 8.152875900268555 7
1744459768923 8.80056095123291 8
1744459768954 11.593999862670898 9
1744459925126 11.788982391357422 0
1744459925163 13.598665237426758 1
1744459925193 11.025067329406738 2
1744459925228 9.995196342468262 3
1744459925262 11.419416427612305 4
1744459925308 12.565216064453125 5
1744459925346 10.652790069580078 6
1744459925389 9.91952896118164 7
1744459925431 9.016694068908691 8
1744459925473 8.193990707397461 9
1744460074920 9.764897346496582 0
1744460074966 12.812084197998047 1
1744460075007 7.8146562576293945 2
1744460075047 9.045270919799805 3
1744460075091 11.563960075378418 4
1744460075121 9.833402633666992 5
1744460075154 8.734740257263184 6
1744460075184 8.280597686767578 7
1744460075213 8.994573593139648 8
1744460075247 8.640800476074219 9
