1744497431251 0.6828269958496094 0
1744497431264 0.6754001975059509 1
1744497431278 0.6713343262672424 2
1744497431290 0.6597427129745483 3
1744497431303 0.6471203565597534 4
1744497431316 0.6274958848953247 5
1744497431333 0.6116334199905396 6
1744497431350 0.575900137424469 7
1744497431363 0.6378138065338135 8
1744497431377 0.5834887027740479 9
1744497431390 0.5740078687667847 10
1744497431403 0.6107102632522583 11
1744497431416 0.5953877568244934 12
1744497431429 0.5671225190162659 13
1744497431449 0.6173156499862671 14
1744497514776 0.5947244167327881 0
1744497514795 0.598422110080719 1
1744497514813 0.6381515860557556 2
1744497514832 0.6476755142211914 3
1744497514851 0.626185953617096 4
1744497514872 0.6122496128082275 5
1744497514892 0.6375294327735901 6
1744497514908 0.6443354487419128 7
1744497514921 0.6526196599006653 8
1744497514936 0.6324598789215088 9
1744497514949 0.6473385095596313 10
1744497514964 0.6540497541427612 11
1744497514978 0.6468527913093567 12
1744497514992 0.673360288143158 13
1744497515010 0.7151011228561401 14
1744497599987 0.6337346434593201 0
1744497600010 0.6559573411941528 1
1744497600030 0.6516231298446655 2
1744497600049 0.6973288059234619 3
1744497600069 0.6776902675628662 4
1744497600089 0.7162861227989197 5
1744497600109 0.6832860112190247 6
1744497600128 0.7263174653053284 7
1744497600149 0.6519728899002075 8
1744497600169 0.6907699108123779 9
1744497600189 0.8310496807098389 10
1744497600207 0.7183250784873962 11
1744497600227 0.7669476866722107 12
1744497600248 0.7995275855064392 13
1744497600269 0.7706841230392456 14
1744497685071 0.8060480356216431 0
1744497685085 0.7989432215690613 1
1744497685099 0.7699598670005798 2
1744497685113 0.8553571701049805 3
1744497685126 0.9126079082489014 4
1744497685142 0.8659606575965881 5
1744497685166 0.8182710409164429 6
1744497685186 0.8606828451156616 7
1744497685206 0.8817861080169678 8
1744497685226 0.9714071750640869 9
1744497685244 1.071522831916809 10
1744497685264 0.9214109182357788 11
1744497685284 1.0756207704544067 12
1744497685306 0.9821615815162659 13
1744497685325 1.1860499382019043 14
1744497769186 0.9979373216629028 0
1744497769212 1.057640552520752 1
1744497769231 1.1137938499450684 2
1744497769250 1.116262674331665 3
1744497769269 1.1152533292770386 4
1744497769289 0.8924655318260193 5
1744497769308 0.9681037068367004 6
1744497769328 1.11033034324646 7
1744497769351 1.136793851852417 8
1744497769375 1.4671505689620972 9
1744497769399 1.042056679725647 10
1744497769421 1.344185471534729 11
1744497769452 1.1630549430847168 12
1744497769475 1.21242356300354 13
1744497769507 1.3575574159622192 14
1744497854775 1.268852710723877 0
1744497854793 1.0876959562301636 1
1744497854812 1.309021234512329 2
1744497854830 1.3895026445388794 3
1744497854849 1.366837978363037 4
1744497854868 1.1136752367019653 5
1744497854883 1.1786911487579346 6
1744497854897 1.1473667621612549 7
1744497854919 1.3469712734222412 8
1744497854939 1.5672403573989868 9
1744497854958 1.5422978401184082 10
1744497854977 1.5620594024658203 11
1744497854995 1.525073528289795 12
1744497855013 1.527901291847229 13
1744497855032 1.600062608718872 14
1744497938109 1.5899099111557007 0
1744497938127 1.3686894178390503 1
1744497938145 1.410995364189148 2
1744497938163 1.6361901760101318 3
1744497938181 1.2450320720672607 4
1744497938199 1.3659441471099854 5
1744497938213 1.3492799997329712 6
1744497938226 1.488213300704956 7
1744497938239 1.6923035383224487 8
1744497938251 1.5861341953277588 9
1744497938265 1.5335478782653809 10
1744497938278 1.3867498636245728 11
1744497938294 1.565225601196289 12
1744497938317 1.7956461906433105 13
1744497938338 1.606437087059021 14
1744498023315 1.5130387544631958 0
1744498023334 1.5799921751022339 1
1744498023352 1.5091660022735596 2
1744498023367 1.6157368421554565 3
1744498023380 1.734615445137024 4
1744498023394 1.3760663270950317 5
1744498023407 1.8535494804382324 6
1744498023429 2.0670430660247803 7
1744498023449 1.7043486833572388 8
1744498023468 2.027021884918213 9
1744498023489 2.0770936012268066 10
1744498023512 2.077428102493286 11
1744498023537 2.562352418899536 12
1744498023555 2.1373088359832764 13
1744498023573 1.8646800518035889 14
1744498111152 2.0038771629333496 0
1744498111175 1.9983117580413818 1
1744498111194 2.0620920658111572 2
1744498111213 2.0529093742370605 3
1744498111232 2.0067224502563477 4
1744498111251 2.1755423545837402 5
1744498111265 2.223442554473877 6
1744498111279 2.1624972820281982 7
1744498111293 1.9956190586090088 8
1744498111306 2.293043613433838 9
1744498111320 2.39086651802063 10
1744498111335 2.561615467071533 11
1744498111349 2.537672519683838 12
1744498111373 2.4825680255889893 13
1744498111394 2.1773338317871094 14
1744498197876 2.212298631668091 0
1744498197894 1.9952991008758545 1
1744498197912 2.7242891788482666 2
1744498197930 2.503957509994507 3
1744498197948 2.287813663482666 4
1744498197966 2.725438117980957 5
1744498197985 2.8769936561584473 6
1744498198005 2.3296735286712646 7
1744498198019 3.083576202392578 8
1744498198032 2.834669828414917 9
1744498198046 3.1038639545440674 10
1744498198060 2.861334800720215 11
1744498198073 2.411954402923584 12
1744498198087 2.7607572078704834 13
1744498198100 2.505028009414673 14
