1744497431251 0.24862128496170044 0
1744497431264 0.49736082553863525 1
1744497431278 0.5926722884178162 2
1744497431290 0.1451081931591034 3
1744497431303 0.8693059086799622 4
1744497431316 0.4153120815753937 5
1744497431333 0.41400840878486633 6
1744497431350 0.2802949547767639 7
1744497431363 0.6218611598014832 8
1744497431377 0.8062219023704529 9
1744497431390 0.9979894161224365 10
1744497431403 0.23517902195453644 11
1744497431416 0.7336110472679138 12
1744497431429 0.6422404646873474 13
1744497431449 0.570340096950531 14
1744497514776 1.4500101804733276 0
1744497514795 0.6387655735015869 1
1744497514813 0.4154004454612732 2
1744497514832 0.8114495873451233 3
1744497514851 1.1603256464004517 4
1744497514872 0.4558998942375183 5
1744497514892 1.031650424003601 6
1744497514908 0.9536969661712646 7
1744497514921 0.9031674265861511 8
1744497514936 1.022827386856079 9
1744497514949 0.17214077711105347 10
1744497514964 0.7345789670944214 11
1744497514978 1.2092673778533936 12
1744497514992 1.201295256614685 13
1744497515010 0.7660045623779297 14
1744497599987 1.1959723234176636 0
1744497600010 0.7802774906158447 1
1744497600030 1.8503470420837402 2
1744497600049 1.045204997062683 3
1744497600069 1.7307281494140625 4
1744497600089 0.9153248071670532 5
1744497600109 0.822617769241333 6
1744497600128 0.5536928772926331 7
1744497600149 1.3825509548187256 8
1744497600169 1.0670619010925293 9
1744497600189 1.1951745748519897 10
1744497600207 2.3752264976501465 11
1744497600227 0.7102096080780029 12
1744497600248 1.1204190254211426 13
1744497600269 1.387284517288208 14
1744497685071 0.8354930281639099 0
1744497685085 1.4815380573272705 1
1744497685099 2.410869836807251 2
1744497685113 0.691490888595581 3
1744497685126 0.4905017018318176 4
1744497685142 0.18691180646419525 5
1744497685166 0.0715431421995163 6
1744497685186 0.9127470254898071 7
1744497685206 0.7875677347183228 8
1744497685226 1.5760502815246582 9
1744497685244 0.383186936378479 10
1744497685264 0.2969135046005249 11
1744497685284 1.3822110891342163 12
1744497685306 1.2997550964355469 13
1744497685325 0.7485970258712769 14
1744497769186 0.8482333421707153 0
1744497769212 0.6441315412521362 1
1744497769231 2.8610429763793945 2
1744497769250 1.1439138650894165 3
1744497769269 0.8542357087135315 4
1744497769289 0.25437086820602417 5
1744497769308 2.626173257827759 6
1744497769328 0.34303367137908936 7
1744497769351 0.1774819791316986 8
1744497769375 0.04041874408721924 9
1744497769399 0.19333186745643616 10
1744497769421 0.3595706522464752 11
1744497769452 1.4171098470687866 12
1744497769475 1.0830496549606323 13
1744497769507 0.35455062985420227 14
1744497854775 0.3274070918560028 0
1744497854793 1.6517643928527832 1
1744497854812 2.1959035396575928 2
1744497854830 0.8964818716049194 3
1744497854849 0.6278933882713318 4
1744497854868 0.06763732433319092 5
1744497854883 0.12189296633005142 6
1744497854897 2.213794469833374 7
1744497854919 1.3770092725753784 8
1744497854939 0.10108990222215652 9
1744497854958 0.7124324440956116 10
1744497854977 1.3184170722961426 11
1744497854995 0.40968814492225647 12
1744497855013 2.6959612369537354 13
1744497855032 0.05565830320119858 14
1744497938109 2.529414176940918 0
1744497938127 3.6625523567199707 1
1744497938145 0.13204966485500336 2
1744497938163 1.719099521636963 3
1744497938181 0.48029056191444397 4
1744497938199 1.1355351209640503 5
1744497938213 0.9678865671157837 6
1744497938226 0.7990967631340027 7
1744497938239 0.711424708366394 8
1744497938251 0.5446506142616272 9
1744497938265 0.9639853835105896 10
1744497938278 2.5064594745635986 11
1744497938294 1.7511608600616455 12
1744497938317 0.7914985418319702 13
1744497938338 1.556524395942688 14
1744498023315 2.9575371742248535 0
1744498023334 1.0706309080123901 1
1744498023352 1.367835283279419 2
1744498023367 0.504310667514801 3
1744498023380 1.2503058910369873 4
1744498023394 0.029338475316762924 5
1744498023407 0.6691049337387085 6
1744498023429 0.319416880607605 7
1744498023449 0.34271475672721863 8
1744498023468 1.0465569496154785 9
1744498023489 1.0695393085479736 10
1744498023512 0.35894519090652466 11
1744498023537 1.845715045928955 12
1744498023555 1.7300055027008057 13
1744498023573 1.7071565389633179 14
1744498111152 3.031435251235962 0
1744498111175 0.9254599809646606 1
1744498111194 0.7544863820075989 2
1744498111213 1.2080823183059692 3
1744498111232 0.1323193609714508 4
1744498111251 0.9420081377029419 5
1744498111265 0.9147940874099731 6
1744498111279 1.2707715034484863 7
1744498111293 0.15822657942771912 8
1744498111306 0.4696924388408661 9
1744498111320 0.498955100774765 10
1744498111335 1.14759361743927 11
1744498111349 2.22051739692688 12
1744498111373 0.40289780497550964 13
1744498111394 1.3963392972946167 14
1744498197876 1.040315866470337 0
1744498197894 1.350382924079895 1
1744498197912 0.38143590092658997 2
1744498197930 1.2501533031463623 3
1744498197948 0.35651642084121704 4
1744498197966 1.470382809638977 5
1744498197985 1.883204698562622 6
1744498198005 1.4879992008209229 7
1744498198019 1.805225133895874 8
1744498198032 1.7279947996139526 9
1744498198046 1.2097240686416626 10
1744498198060 1.438655138015747 11
1744498198073 1.525726318359375 12
1744498198087 0.6807115077972412 13
1744498198100 0.41136547923088074 14
