1744497431251 0.0 0
1744497431264 1.0 1
1744497431278 2.0 2
1744497431290 3.0 3
1744497431303 4.0 4
1744497431316 5.0 5
1744497431333 6.0 6
1744497431350 7.0 7
1744497431363 8.0 8
1744497431377 9.0 9
1744497431390 10.0 10
1744497431403 11.0 11
1744497431416 12.0 12
1744497431429 13.0 13
1744497431449 14.0 14
1744497514776 0.0 0
1744497514795 1.0 1
1744497514813 2.0 2
1744497514832 3.0 3
1744497514851 4.0 4
1744497514872 5.0 5
1744497514892 6.0 6
1744497514908 7.0 7
1744497514921 8.0 8
1744497514936 9.0 9
1744497514949 10.0 10
1744497514964 11.0 11
1744497514978 12.0 12
1744497514992 13.0 13
1744497515010 14.0 14
1744497599987 0.0 0
1744497600010 1.0 1
1744497600030 2.0 2
1744497600049 3.0 3
1744497600069 4.0 4
1744497600089 5.0 5
1744497600109 6.0 6
1744497600128 7.0 7
1744497600149 8.0 8
1744497600169 9.0 9
1744497600189 10.0 10
1744497600207 11.0 11
1744497600227 12.0 12
1744497600248 13.0 13
1744497600269 14.0 14
1744497685071 0.0 0
1744497685085 1.0 1
1744497685099 2.0 2
1744497685113 3.0 3
1744497685126 4.0 4
1744497685142 5.0 5
1744497685166 6.0 6
1744497685186 7.0 7
1744497685206 8.0 8
1744497685226 9.0 9
1744497685244 10.0 10
1744497685264 11.0 11
1744497685284 12.0 12
1744497685306 13.0 13
1744497685325 14.0 14
1744497769186 0.0 0
1744497769212 1.0 1
1744497769231 2.0 2
1744497769250 3.0 3
1744497769269 4.0 4
1744497769289 5.0 5
1744497769308 6.0 6
1744497769328 7.0 7
1744497769351 8.0 8
1744497769375 9.0 9
1744497769399 10.0 10
1744497769421 11.0 11
1744497769452 12.0 12
1744497769475 13.0 13
1744497769507 14.0 14
1744497854775 0.0 0
1744497854793 1.0 1
1744497854812 2.0 2
1744497854830 3.0 3
1744497854849 4.0 4
1744497854868 5.0 5
1744497854883 6.0 6
1744497854897 7.0 7
1744497854919 8.0 8
1744497854939 9.0 9
1744497854958 10.0 10
1744497854977 11.0 11
1744497854995 12.0 12
1744497855013 13.0 13
1744497855032 14.0 14
1744497938109 0.0 0
1744497938127 1.0 1
1744497938145 2.0 2
1744497938163 3.0 3
1744497938181 4.0 4
1744497938199 5.0 5
1744497938213 6.0 6
1744497938226 7.0 7
1744497938239 8.0 8
1744497938251 9.0 9
1744497938265 10.0 10
1744497938278 11.0 11
1744497938294 12.0 12
1744497938317 13.0 13
1744497938338 14.0 14
1744498023315 0.0 0
1744498023334 1.0 1
1744498023352 2.0 2
1744498023367 3.0 3
1744498023380 4.0 4
1744498023394 5.0 5
1744498023407 6.0 6
1744498023429 7.0 7
1744498023449 8.0 8
1744498023468 9.0 9
1744498023489 10.0 10
1744498023512 11.0 11
1744498023537 12.0 12
1744498023555 13.0 13
1744498023573 14.0 14
1744498111152 0.0 0
1744498111175 1.0 1
1744498111194 2.0 2
1744498111213 3.0 3
1744498111232 4.0 4
1744498111251 5.0 5
1744498111265 6.0 6
1744498111279 7.0 7
1744498111293 8.0 8
1744498111306 9.0 9
1744498111320 10.0 10
1744498111335 11.0 11
1744498111349 12.0 12
1744498111373 13.0 13
1744498111394 14.0 14
1744498197876 0.0 0
1744498197894 1.0 1
1744498197912 2.0 2
1744498197930 3.0 3
1744498197948 4.0 4
1744498197966 5.0 5
1744498197985 6.0 6
1744498198005 7.0 7
1744498198019 8.0 8
1744498198032 9.0 9
1744498198046 10.0 10
1744498198060 11.0 11
1744498198073 12.0 12
1744498198087 13.0 13
1744498198100 14.0 14
