1744497431251 34.68912887573242 0
1744497431264 22.581260681152344 1
1744497431278 16.176311492919922 2
1744497431290 14.853102684020996 3
1744497431303 17.903818130493164 4
1744497431316 16.919614791870117 5
1744497431333 15.778462409973145 6
1744497431350 14.824541091918945 7
1744497431363 13.570467948913574 8
1744497431377 11.874770164489746 9
1744497431390 12.929433822631836 10
1744497431403 10.614234924316406 11
1744497431416 11.08069133758545 12
1744497431429 10.711514472961426 13
1744497431449 9.623050689697266 14
1744497514776 10.153725624084473 0
1744497514795 8.819250106811523 1
1744497514813 8.81976318359375 2
1744497514832 9.161968231201172 3
1744497514851 8.679795265197754 4
1744497514872 7.57211446762085 5
1744497514892 8.377297401428223 6
1744497514908 8.026167869567871 7
1744497514921 8.19189167022705 8
1744497514936 7.101934432983398 9
1744497514949 5.391730785369873 10
1744497514964 6.067150115966797 11
1744497514978 7.217921257019043 12
1744497514992 6.875771999359131 13
1744497515010 5.56361722946167 14
1744497599987 5.810083389282227 0
1744497600010 6.721518516540527 1
1744497600030 7.413812637329102 2
1744497600049 5.787391662597656 3
1744497600069 6.540140151977539 4
1744497600089 6.311312198638916 5
1744497600109 5.709732532501221 6
1744497600128 4.7948198318481445 7
1744497600149 6.022673606872559 8
1744497600169 5.127554893493652 9
1744497600189 4.93132209777832 10
1744497600207 6.489964485168457 11
1744497600227 4.785872459411621 12
1744497600248 5.0722832679748535 13
1744497600269 5.326208114624023 14
1744497685071 4.648196697235107 0
1744497685085 6.584576606750488 1
1744497685099 6.46767520904541 2
1744497685113 4.305118083953857 3
1744497685126 4.119848251342773 4
1744497685142 3.98166823387146 5
1744497685166 3.957824230194092 6
1744497685186 4.469305038452148 7
1744497685206 4.4682769775390625 8
1744497685226 6.098971843719482 9
1744497685244 4.249397277832031 10
1744497685264 3.374706268310547 11
1744497685284 4.793170928955078 12
1744497685306 4.458786487579346 13
1744497685325 3.9093878269195557 14
1744497769186 3.605445623397827 0
1744497769212 5.666530132293701 1
1744497769231 6.5899858474731445 2
1744497769250 4.788602352142334 3
1744497769269 4.310398578643799 4
1744497769289 3.5235419273376465 5
1744497769308 5.675013065338135 6
1744497769328 2.932197093963623 7
1744497769351 3.402449607849121 8
1744497769375 2.8589513301849365 9
1744497769399 3.2458102703094482 10
1744497769421 3.7144455909729004 11
1744497769452 4.047874450683594 12
1744497769475 3.504802703857422 13
1744497769507 3.228863000869751 14
1744497854775 3.129204511642456 0
1744497854793 5.934987545013428 1
1744497854812 5.284584999084473 2
1744497854830 3.6918537616729736 3
1744497854849 3.706836223602295 4
1744497854868 3.546323299407959 5
1744497854883 2.950697660446167 6
1744497854897 5.964182376861572 7
1744497854919 4.196837425231934 8
1744497854939 3.6003007888793945 9
1744497854958 3.5726375579833984 10
1744497854977 5.033417224884033 11
1744497854995 3.008786678314209 12
1744497855013 5.72840690612793 13
1744497855032 2.5804851055145264 14
1744497938109 5.167999744415283 0
1744497938127 7.802911758422852 1
1744497938145 3.3147356510162354 2
1744497938163 6.641757488250732 3
1744497938181 4.330934524536133 4
1744497938199 4.573904514312744 5
1744497938213 4.827978134155273 6
1744497938226 3.7789955139160156 7
1744497938239 4.1070475578308105 8
1744497938251 3.762080669403076 9
1744497938265 4.073718547821045 10
1744497938278 5.050894260406494 11
1744497938294 4.311017990112305 12
1744497938317 3.4535880088806152 13
1744497938338 4.124995231628418 14
1744498023315 5.593959808349609 0
1744498023334 5.138725280761719 1
1744498023352 4.564103126525879 2
1744498023367 3.8675951957702637 3
1744498023380 4.733788967132568 4
1744498023394 3.752037763595581 5
1744498023407 4.570352554321289 6
1744498023429 3.5800533294677734 7
1744498023449 3.5971884727478027 8
1744498023468 4.8082990646362305 9
1744498023489 4.7577362060546875 10
1744498023512 3.303549289703369 11
1744498023537 5.017251968383789 12
1744498023555 4.657296657562256 13
1744498023573 4.342029094696045 14
1744498111152 6.144561767578125 0
1744498111175 4.7713799476623535 1
1744498111194 3.864948272705078 2
1744498111213 3.9271304607391357 3
1744498111232 3.7471718788146973 4
1744498111251 4.2338547706604 5
1744498111265 4.123289108276367 6
1744498111279 4.292901039123535 7
1744498111293 3.0237128734588623 8
1744498111306 3.287259101867676 9
1744498111320 3.090700149536133 10
1744498111335 4.074126243591309 11
1744498111349 5.124366760253906 12
1744498111373 2.994527816772461 13
1744498111394 4.104731559753418 14
1744498197876 4.022825241088867 0
1744498197894 5.770203113555908 1
1744498197912 3.3820383548736572 2
1744498197930 4.012740612030029 3
1744498197948 3.315765380859375 4
1744498197966 4.656360626220703 5
1744498197985 5.168084144592285 6
1744498198005 4.170724868774414 7
1744498198019 5.1158552169799805 8
1744498198032 4.859374523162842 9
1744498198046 4.923888683319092 10
1744498198060 4.27460241317749 11
1744498198073 4.7017059326171875 12
1744498198087 3.448826313018799 13
1744498198100 3.3155996799468994 14
