1744497431251 114.16436767578125 0
1744497431264 72.98262786865234 1
1744497431278 51.318885803222656 2
1744497431290 48.410888671875 3
1744497431303 56.1777229309082 4
1744497431316 54.42867660522461 5
1744497431333 50.64398956298828 6
1744497431350 47.94330978393555 7
1744497431363 42.56672668457031 8
1744497431377 36.35057067871094 9
1744497431390 39.235740661621094 10
1744497431403 34.02685546875 11
1744497431416 33.9345703125 12
1744497431429 33.03493118286133 13
1744497431449 29.599538803100586 14
1744497514776 28.457307815551758 0
1744497514795 26.70975685119629 1
1744497514813 27.418933868408203 2
1744497514832 27.23056411743164 3
1744497514851 24.480457305908203 4
1744497514872 23.149280548095703 5
1744497514892 23.89046287536621 6
1744497514908 22.973522186279297 7
1744497514921 23.686634063720703 8
1744497514936 19.67339324951172 9
1744497514949 16.794450759887695 10
1744497514964 17.1647891998291 11
1744497514978 19.42511558532715 12
1744497514992 18.28645133972168 13
1744497515010 15.324613571166992 14
1744497599987 14.788883209228516 0
1744497600010 19.191909790039062 1
1744497600030 17.936702728271484 2
1744497600049 15.156448364257812 3
1744497600069 15.3988618850708 4
1744497600089 17.318090438842773 5
1744497600109 15.65264892578125 6
1744497600128 13.459193229675293 7
1744497600149 14.858566284179688 8
1744497600169 12.890256881713867 9
1744497600189 11.678179740905762 10
1744497600207 13.045356750488281 11
1744497600227 12.86972427368164 12
1744497600248 12.426652908325195 13
1744497600269 12.410438537597656 14
1744497685071 11.956701278686523 0
1744497685085 16.264448165893555 1
1744497685099 12.804056167602539 2
1744497685113 11.247090339660645 3
1744497685126 11.246054649353027 4
1744497685142 11.840957641601562 5
1744497685166 12.190549850463867 6
1744497685186 11.051889419555664 7
1744497685206 11.446029663085938 8
1744497685226 14.169757843017578 9
1744497685244 11.887279510498047 10
1744497685264 9.399324417114258 11
1744497685284 10.36595344543457 12
1744497685306 9.613419532775879 13
1744497685325 9.428988456726074 14
1744497769186 8.259298324584961 0
1744497769212 15.754196166992188 1
1744497769231 11.390267372131348 2
1744497769250 11.107115745544434 3
1744497769269 10.479639053344727 4
1744497769289 10.064268112182617 5
1744497769308 9.259235382080078 6
1744497769328 7.594236373901367 7
1744497769351 9.688883781433105 8
1744497769375 8.025768280029297 9
1744497769399 9.202341079711914 10
1744497769421 9.928342819213867 11
1744497769452 7.68369722366333 12
1744497769475 6.940915584564209 13
1744497769507 8.313987731933594 14
1744497854775 8.155061721801758 0
1744497854793 13.262227058410645 1
1744497854812 9.073850631713867 2
1744497854830 8.021036148071289 3
1744497854849 8.9874267578125 4
1744497854868 10.55618953704834 5
1744497854883 8.32923698425293 6
1744497854897 11.43041706085205 7
1744497854919 8.142253875732422 8
1744497854939 10.201277732849121 9
1744497854958 8.094539642333984 10
1744497854977 10.925411224365234 11
1744497854995 7.240259170532227 12
1744497855013 8.682110786437988 13
1744497855032 6.922697067260742 14
1744497938109 7.311368465423584 0
1744497938127 12.52375316619873 1
1744497938145 9.292024612426758 2
1744497938163 14.88174819946289 3
1744497938181 11.673449516296387 4
1744497938199 10.186348915100098 5
1744497938213 11.607643127441406 6
1744497938226 8.543996810913086 7
1744497938239 9.739258766174316 8
1744497938251 9.244375228881836 9
1744497938265 8.934465408325195 10
1744497938278 7.187148571014404 11
1744497938294 7.07197904586792 12
1744497938317 7.197694778442383 13
1744497938338 7.062227249145508 14
1744498023315 7.375906467437744 0
1744498023334 12.085655212402344 1
1744498023352 9.245670318603516 2
1744498023367 9.702926635742188 3
1744498023380 9.992634773254395 4
1744498023394 11.124669075012207 5
1744498023407 11.274178504943848 6
1744498023429 8.939547538757324 7
1744498023449 9.257519721984863 8
1744498023468 10.64725399017334 9
1744498023489 10.355367660522461 10
1744498023512 7.876413822174072 11
1744498023537 8.180259704589844 12
1744498023555 7.762814521789551 13
1744498023573 7.042540073394775 14
1744498111152 8.50680160522461 0
1744498111175 10.954641342163086 1
1744498111194 8.443586349487305 2
1744498111213 7.147444248199463 3
1744498111232 10.176567077636719 4
1744498111251 8.942316055297852 5
1744498111265 8.619771003723145 6
1744498111279 8.05543327331543 7
1744498111293 7.6890435218811035 8
1744498111306 7.251714706420898 9
1744498111320 6.407674789428711 10
1744498111335 7.364266872406006 11
1744498111349 7.311002731323242 12
1744498111373 6.3217034339904785 13
1744498111394 6.995796203613281 14
1744498197876 7.876886367797852 0
1744498197894 12.870453834533691 1
1744498197912 7.459338188171387 2
1744498197930 6.871596336364746 3
1744498197948 7.728870391845703 4
1744498197966 8.076183319091797 5
1744498197985 8.264404296875 6
1744498198005 6.7680559158325195 7
1744498198019 8.157429695129395 8
1744498198032 7.792240142822266 9
1744498198046 9.483609199523926 10
1744498198060 6.782578468322754 11
1744498198073 8.335439682006836 12
1744498198087 6.650341987609863 13
1744498198100 7.342753887176514 14
