1737742507321 0.0 0
1737742507347 1.0 1
1737742507371 2.0 2
1737742507393 3.0 3
1737742507412 4.0 4
1737742507433 5.0 5
1737742507453 6.0 6
1737742507475 7.0 7
1737742507497 8.0 8
1737742507518 9.0 9
1737742572832 0.0 0
1737742572852 1.0 1
1737742572871 2.0 2
1737742572892 3.0 3
1737742572912 4.0 4
1737742572936 5.0 5
1737742572954 6.0 6
1737742572974 7.0 7
1737742573007 8.0 8
1737742573027 9.0 9
1737742636136 0.0 0
1737742636160 1.0 1
1737742636186 2.0 2
1737742636209 3.0 3
1737742636235 4.0 4
1737742636259 5.0 5
1737742636279 6.0 6
1737742636300 7.0 7
1737742636323 8.0 8
1737742636342 9.0 9
1737742703448 0.0 0
1737742703468 1.0 1
1737742703488 2.0 2
1737742703507 3.0 3
1737742703532 4.0 4
1737742703557 5.0 5
1737742703578 6.0 6
1737742703603 7.0 7
1737742703630 8.0 8
1737742703662 9.0 9
1737742766066 0.0 0
1737742766086 1.0 1
1737742766106 2.0 2
1737742766129 3.0 3
1737742766152 4.0 4
1737742766176 5.0 5
1737742766196 6.0 6
1737742766217 7.0 7
1737742766238 8.0 8
1737742766260 9.0 9
1737742821563 0.0 0
1737742821578 1.0 1
1737742821595 2.0 2
1737742821610 3.0 3
1737742821625 4.0 4
1737742821638 5.0 5
1737742821652 6.0 6
1737742821666 7.0 7
1737742821681 8.0 8
1737742821696 9.0 9
1737742868994 0.0 0
1737742869008 1.0 1
1737742869022 2.0 2
1737742869036 3.0 3
1737742869051 4.0 4
1737742869065 5.0 5
1737742869080 6.0 6
1737742869094 7.0 7
1737742869107 8.0 8
1737742869123 9.0 9
1737742921775 0.0 0
1737742921792 1.0 1
1737742921806 2.0 2
1737742921822 3.0 3
1737742921839 4.0 4
1737742921854 5.0 5
1737742921872 6.0 6
1737742921886 7.0 7
1737742921902 8.0 8
1737742921919 9.0 9
1737742969345 0.0 0
1737742969368 1.0 1
1737742969391 2.0 2
1737742969414 3.0 3
1737742969437 4.0 4
1737742969458 5.0 5
1737742969480 6.0 6
1737742969501 7.0 7
1737742969530 8.0 8
1737742969556 9.0 9
1737743016022 0.0 0
1737743016042 1.0 1
1737743016065 2.0 2
1737743016087 3.0 3
1737743016111 4.0 4
1737743016132 5.0 5
1737743016155 6.0 6
1737743016177 7.0 7
1737743016200 8.0 8
1737743016221 9.0 9
