1737742507321 0.0 0
1737742507347 0.0 1
1737742507371 0.0 2
1737742507393 0.0 3
1737742507412 0.0 4
1737742507433 0.0 5
1737742507453 0.0 6
1737742507475 0.0 7
1737742507497 0.0 8
1737742507518 0.0 9
1737742572832 0.0 0
1737742572852 0.0 1
1737742572871 0.0 2
1737742572892 0.0 3
1737742572912 0.0 4
1737742572936 0.0 5
1737742572954 0.0 6
1737742572974 0.0 7
1737742573007 0.0 8
1737742573027 0.0 9
1737742636136 0.0 0
1737742636160 0.0 1
1737742636186 0.0 2
1737742636209 0.0 3
1737742636235 0.0 4
1737742636259 0.0 5
1737742636279 0.0 6
1737742636300 0.0 7
1737742636323 0.0 8
1737742636342 0.0 9
1737742703448 0.0 0
1737742703468 0.0 1
1737742703488 0.0 2
1737742703507 0.0 3
1737742703532 0.0 4
1737742703557 0.0 5
1737742703578 0.0 6
1737742703603 0.0 7
1737742703630 0.0 8
1737742703662 0.0 9
1737742766066 0.0 0
1737742766086 0.0 1
1737742766106 0.0 2
1737742766129 0.0 3
1737742766152 0.0 4
1737742766176 0.0 5
1737742766196 0.0 6
1737742766217 0.0 7
1737742766238 0.0 8
1737742766260 0.0 9
1737742821563 0.0 0
1737742821578 0.0 1
1737742821595 0.0 2
1737742821610 0.0 3
1737742821625 0.0 4
1737742821638 0.0 5
1737742821652 0.0 6
1737742821666 0.0 7
1737742821681 0.0 8
1737742821696 0.0 9
1737742868994 0.0 0
1737742869008 0.0 1
1737742869022 0.0 2
1737742869036 0.0 3
1737742869051 0.0 4
1737742869065 0.0 5
1737742869080 0.0 6
1737742869094 0.0 7
1737742869107 0.0 8
1737742869123 0.0 9
1737742921775 0.0 0
1737742921792 0.0 1
1737742921806 0.0 2
1737742921822 0.0 3
1737742921839 0.0 4
1737742921854 0.0 5
1737742921872 0.0 6
1737742921886 0.0 7
1737742921902 0.0 8
1737742921919 0.0 9
1737742969345 0.0 0
1737742969368 0.0 1
1737742969391 0.0 2
1737742969414 0.0 3
1737742969437 0.0 4
1737742969458 0.0 5
1737742969480 0.0 6
1737742969501 0.0 7
1737742969530 0.0 8
1737742969556 0.0 9
1737743016022 0.0 0
1737743016042 0.0 1
1737743016065 0.0 2
1737743016087 0.0 3
1737743016111 0.0 4
1737743016132 0.0 5
1737743016155 0.0 6
1737743016177 0.0 7
1737743016200 0.0 8
1737743016221 0.0 9
