1744733063439 0.7692307692307693 1
1744733162951 0.8076923076923077 2
1744733260019 0.9230769230769231 3
1744733359513 0.8846153846153846 4
1744733460485 0.8846153846153846 5
1744733568180 0.8846153846153846 6
1744733671850 0.9230769230769231 7
1744733775427 0.8846153846153846 8
1744733876810 0.8846153846153846 9
1744733966484 0.8846153846153846 10
1744734058716 0.9230769230769231 11
1744734152983 0.8846153846153846 12
1744734245080 0.8846153846153846 13
1744734334401 0.8846153846153846 14
1744734425332 0.8461538461538461 15
1744734516892 0.9230769230769231 16
1744734605989 0.8461538461538461 17
1744734695413 0.8846153846153846 18
1744734787503 0.8461538461538461 19
1744734878405 0.9230769230769231 20
1744734969172 0.8846153846153846 21
1744735058513 0.9230769230769231 22
1744735149169 0.9230769230769231 23
1744735237766 0.8846153846153846 24
1744735325749 0.8846153846153846 25
1744735415577 0.8846153846153846 26
1744735504526 0.8846153846153846 27
1744735596439 0.9230769230769231 28
1744735686023 0.8846153846153846 29
1744735776137 0.8846153846153846 30
1744735864965 0.8461538461538461 31
1744735959602 0.8846153846153846 32
1744736047843 0.8846153846153846 33
1744736138049 0.8846153846153846 34
1744736228707 0.8461538461538461 35
1744736322347 0.9230769230769231 36
1744736413540 0.8846153846153846 37
1744736504842 0.9230769230769231 38
1744736594363 0.8461538461538461 39
1744736684174 0.9230769230769231 40
1744736772943 0.8076923076923077 41
1744736861792 0.8461538461538461 42
1744736949996 0.9230769230769231 43
1744737037654 0.9230769230769231 44
1744737127145 0.8846153846153846 45
1744737215232 0.8846153846153846 46
1744737306123 0.8461538461538461 47
1744737394701 0.8846153846153846 48
1744737484968 0.8846153846153846 49
1744737574128 0.9230769230769231 50
1744737664603 0.8461538461538461 51
1744737751820 0.8461538461538461 52
1744737840309 0.8076923076923077 53
1744737927943 0.9230769230769231 54
1744738016560 0.8461538461538461 55
1744738104626 0.8846153846153846 56
1744738192159 0.8076923076923077 57
1744738278714 0.8461538461538461 58
1744738368480 0.8846153846153846 59
1744738456618 0.8846153846153846 60
1744738542944 0.8076923076923077 61
1744738633845 0.8846153846153846 62
1744738722828 0.8846153846153846 63
1744738813127 0.8461538461538461 64
1744738900595 0.8461538461538461 65
1744738989739 0.8461538461538461 66
1744739079748 0.8461538461538461 67
1744739168030 0.8461538461538461 68
1744739259215 0.8076923076923077 69
1744739347445 0.8461538461538461 70
1744739435671 0.8846153846153846 71
1744739525523 0.8461538461538461 72
1744739613256 0.9615384615384616 73
1744739701485 0.9230769230769231 74
1744739791246 0.8461538461538461 75
1744739880901 0.8461538461538461 76
1744739971103 0.8076923076923077 77
1744740060166 0.8461538461538461 78
1744740150975 0.8461538461538461 79
1744740241001 0.7692307692307693 80
1744740332275 0.8846153846153846 81
1744740421500 0.8461538461538461 82
1744740512649 0.8461538461538461 83
1744740600502 0.8076923076923077 84
1744740690673 0.8076923076923077 85
1744740781569 0.9230769230769231 86
1744740876481 0.8461538461538461 87
1744740968786 0.9230769230769231 88
1744741062743 0.7307692307692307 89
1744741156313 0.7692307692307693 90
1744741245915 0.8461538461538461 91
1744741337940 0.8846153846153846 92
1744741427346 0.8461538461538461 93
1744741516846 0.9615384615384616 94
1744741605934 0.8846153846153846 95
1744741694921 0.8846153846153846 96
1744741782095 0.8846153846153846 97
1744741878298 0.8076923076923077 98
1744741968301 0.8846153846153846 99
1744742060933 0.8461538461538461 100
