1744733063457 0.6153846153846154 1
1744733162935 0.7307692307692307 2
1744733259991 0.7692307692307693 3
1744733359496 0.7692307692307693 4
1744733460477 0.7692307692307693 5
1744733568190 0.7692307692307693 6
1744733671831 0.7692307692307693 7
1744733775415 0.6923076923076923 8
1744733876829 0.7307692307692307 9
1744733966474 0.7692307692307693 10
1744734058724 0.7692307692307693 11
1744734152977 0.7692307692307693 12
1744734245086 0.7692307692307693 13
1744734334406 0.7692307692307693 14
1744734425315 0.8076923076923077 15
1744734516902 0.7692307692307693 16
1744734605984 0.7307692307692307 17
1744734695418 0.7692307692307693 18
1744734787493 0.7692307692307693 19
1744734878410 0.7692307692307693 20
1744734969177 0.7692307692307693 21
1744735058496 0.7692307692307693 22
1744735149158 0.7692307692307693 23
1744735237777 0.7692307692307693 24
1744735325764 0.7692307692307693 25
1744735415583 0.7692307692307693 26
1744735504516 0.7692307692307693 27
1744735596431 0.7692307692307693 28
1744735686033 0.7307692307692307 29
1744735776153 0.7307692307692307 30
1744735864954 0.8076923076923077 31
1744735959615 0.7307692307692307 32
1744736047832 0.7692307692307693 33
1744736138059 0.7307692307692307 34
1744736228718 0.7307692307692307 35
1744736322352 0.7692307692307693 36
1744736413525 0.7692307692307693 37
1744736504848 0.8076923076923077 38
1744736594348 0.7692307692307693 39
1744736684167 0.7692307692307693 40
1744736772935 0.7692307692307693 41
1744736861802 0.7692307692307693 42
1744736949986 0.8076923076923077 43
1744737037643 0.7692307692307693 44
1744737127140 0.8076923076923077 45
1744737215240 0.8076923076923077 46
1744737306112 0.7307692307692307 47
1744737394711 0.7692307692307693 48
1744737484963 0.7692307692307693 49
1744737574134 0.7692307692307693 50
1744737664593 0.8076923076923077 51
1744737751825 0.7307692307692307 52
1744737840317 0.7692307692307693 53
1744737927933 0.7692307692307693 54
1744738016569 0.7307692307692307 55
1744738104631 0.7692307692307693 56
1744738192154 0.7307692307692307 57
1744738278709 0.7692307692307693 58
1744738368485 0.7692307692307693 59
1744738456613 0.7692307692307693 60
1744738542953 0.7307692307692307 61
1744738633854 0.8076923076923077 62
1744738722837 0.7692307692307693 63
1744738813117 0.7692307692307693 64
1744738900590 0.7307692307692307 65
1744738989723 0.7692307692307693 66
1744739079743 0.7692307692307693 67
1744739168020 0.7307692307692307 68
1744739259225 0.8076923076923077 69
1744739347450 0.7692307692307693 70
1744739435661 0.7692307692307693 71
1744739525517 0.7692307692307693 72
1744739613261 0.7692307692307693 73
1744739701500 0.7692307692307693 74
1744739791235 0.8076923076923077 75
1744739880885 0.7692307692307693 76
1744739971090 0.7692307692307693 77
1744740060155 0.7692307692307693 78
1744740150970 0.7692307692307693 79
1744740240985 0.6923076923076923 80
1744740332270 0.7692307692307693 81
1744740421491 0.7692307692307693 82
1744740512640 0.7307692307692307 83
1744740600512 0.7307692307692307 84
1744740690682 0.8461538461538461 85
1744740781564 0.7307692307692307 86
1744740876492 0.8076923076923077 87
1744740968795 0.7692307692307693 88
1744741062749 0.7692307692307693 89
1744741156308 0.7692307692307693 90
1744741245927 0.7692307692307693 91
1744741337934 0.7692307692307693 92
1744741427340 0.7692307692307693 93
1744741516851 0.7307692307692307 94
1744741605925 0.7692307692307693 95
1744741694926 0.7307692307692307 96
1744741782082 0.7692307692307693 97
1744741878293 0.7307692307692307 98
1744741968294 0.7692307692307693 99
1744742060938 0.8076923076923077 100
