1744733063449 0.8076923076923077 1
1744733162943 0.8076923076923077 2
1744733260009 0.8461538461538461 3
1744733359505 0.8076923076923077 4
1744733460468 0.8461538461538461 5
1744733568201 0.8461538461538461 6
1744733671841 0.8461538461538461 7
1744733775440 0.8461538461538461 8
1744733876820 0.8076923076923077 9
1744733966479 0.8461538461538461 10
1744734058732 0.9230769230769231 11
1744734152972 0.8076923076923077 12
1744734245091 0.8461538461538461 13
1744734334396 0.8076923076923077 14
1744734425323 0.8461538461538461 15
1744734516897 0.8461538461538461 16
1744734605994 0.8461538461538461 17
1744734695423 0.7692307692307693 18
1744734787498 0.9230769230769231 19
1744734878400 0.8461538461538461 20
1744734969167 0.8461538461538461 21
1744735058504 0.8461538461538461 22
1744735149163 0.8461538461538461 23
1744735237771 0.9230769230769231 24
1744735325756 0.9230769230769231 25
1744735415572 0.8076923076923077 26
1744735504521 0.8846153846153846 27
1744735596423 0.8076923076923077 28
1744735686028 0.8461538461538461 29
1744735776145 0.8846153846153846 30
1744735864960 0.8846153846153846 31
1744735959608 0.8076923076923077 32
1744736047838 0.8846153846153846 33
1744736138054 0.9230769230769231 34
1744736228713 0.8846153846153846 35
1744736322358 0.8846153846153846 36
1744736413515 0.8846153846153846 37
1744736504854 0.8846153846153846 38
1744736594356 0.8461538461538461 39
1744736684180 0.8461538461538461 40
1744736772926 0.8076923076923077 41
1744736861797 0.8461538461538461 42
1744736949991 0.8846153846153846 43
1744737037633 0.8846153846153846 44
1744737127135 0.8461538461538461 45
1744737215224 0.8846153846153846 46
1744737306117 0.8461538461538461 47
1744737394692 0.8846153846153846 48
1744737484957 0.8846153846153846 49
1744737574122 0.8076923076923077 50
1744737664598 0.8461538461538461 51
1744737751815 0.8846153846153846 52
1744737840301 0.8461538461538461 53
1744737927938 0.8846153846153846 54
1744738016565 0.8846153846153846 55
1744738104619 0.8461538461538461 56
1744738192149 0.8461538461538461 57
1744738278719 0.9230769230769231 58
1744738368475 0.8461538461538461 59
1744738456624 0.8846153846153846 60
1744738542961 0.8461538461538461 61
1744738633850 0.8461538461538461 62
1744738722832 0.8461538461538461 63
1744738813122 0.8461538461538461 64
1744738900585 0.8846153846153846 65
1744738989731 0.8846153846153846 66
1744739079738 0.8846153846153846 67
1744739168024 0.8076923076923077 68
1744739259220 0.8461538461538461 69
1744739347440 0.8846153846153846 70
1744739435680 0.8846153846153846 71
1744739525529 0.8846153846153846 72
1744739613266 0.8461538461538461 73
1744739701493 0.9230769230769231 74
1744739791241 0.8461538461538461 75
1744739880893 0.8846153846153846 76
1744739971097 0.8461538461538461 77
1744740060174 0.8461538461538461 78
1744740150980 0.8461538461538461 79
1744740240993 0.8846153846153846 80
1744740332279 0.8076923076923077 81
1744740421495 0.8461538461538461 82
1744740512645 0.8461538461538461 83
1744740600507 0.8846153846153846 84
1744740690695 0.8846153846153846 85
1744740781575 0.8461538461538461 86
1744740876486 0.8461538461538461 87
1744740968776 0.8461538461538461 88
1744741062754 0.8461538461538461 89
1744741156318 0.8076923076923077 90
1744741245932 0.8461538461538461 91
1744741337945 0.8461538461538461 92
1744741427335 0.8076923076923077 93
1744741516842 0.8461538461538461 94
1744741605930 0.8076923076923077 95
1744741694916 0.8461538461538461 96
1744741782088 0.9230769230769231 97
1744741878303 0.8846153846153846 98
1744741968289 0.8461538461538461 99
1744742060927 0.8846153846153846 100
