1744733061336 0.6795549988746643 0
1744733061369 0.6809927225112915 1
1744733061411 0.6616135835647583 2
1744733061438 0.6262096166610718 3
1744733061467 0.6382029056549072 4
1744733061494 0.6149147152900696 5
1744733061537 0.6112359762191772 6
1744733061577 0.6112685799598694 7
1744733061619 0.6051691174507141 8
1744733061648 0.6027413606643677 9
1744733061677 0.5957871675491333 10
1744733061705 0.558874785900116 11
1744733061735 0.5930893421173096 12
1744733061765 0.6080586910247803 13
1744733061791 0.5969544649124146 14
1744733160593 0.592369019985199 0
1744733160619 0.6095487475395203 1
1744733160644 0.60811847448349 2
1744733160667 0.6183531880378723 3
1744733160692 0.6586045026779175 4
1744733160721 0.6503565907478333 5
1744733160761 0.6372486352920532 6
1744733160798 0.6908611059188843 7
1744733160836 0.6655282378196716 8
1744733160870 0.6233603358268738 9
1744733160906 0.6142174005508423 10
1744733160945 0.6816020607948303 11
1744733160988 0.6352026462554932 12
1744733161031 0.6620362997055054 13
1744733161071 0.6256672739982605 14
1744733257092 0.7037782669067383 0
1744733257118 0.7213612198829651 1
1744733257145 0.7137466073036194 2
1744733257170 0.6777642369270325 3
1744733257194 0.7251719832420349 4
1744733257219 0.741026759147644 5
1744733257247 0.7510519623756409 6
1744733257275 0.7021517157554626 7
1744733257331 0.6582713723182678 8
1744733257382 0.8378883600234985 9
1744733257423 0.8576770424842834 10
1744733257482 0.8063719272613525 11
1744733257529 0.7447437047958374 12
1744733257572 0.7278314232826233 13
1744733257622 0.8306286931037903 14
1744733357196 0.6608814597129822 0
1744733357226 0.9003989696502686 1
1744733357255 0.7330296039581299 2
1744733357305 0.7680312395095825 3
1744733357347 0.7568013668060303 4
1744733357392 0.9196546077728271 5
1744733357434 0.7667028903961182 6
1744733357474 0.6988072991371155 7
1744733357517 0.8378019332885742 8
1744733357559 0.9573951959609985 9
1744733357599 0.9142175316810608 10
1744733357640 0.9998378753662109 11
1744733357692 0.8668922781944275 12
1744733357736 0.800508439540863 13
1744733357774 0.9793818593025208 14
1744733457362 0.9819634556770325 0
1744733457422 0.7100868225097656 1
1744733457486 0.9777907729148865 2
1744733457533 0.9960943460464478 3
1744733457582 0.9781724214553833 4
1744733457629 0.8471813201904297 5
1744733457678 0.8621359467506409 6
1744733457730 0.7112792134284973 7
1744733457792 0.8048279881477356 8
1744733457863 0.8120394349098206 9
1744733457918 0.8110430240631104 10
1744733457972 0.7972573041915894 11
1744733458020 0.8922112584114075 12
1744733458067 0.8939400315284729 13
1744733458108 0.8974605798721313 14
1744733565138 1.007913589477539 0
1744733565186 0.9989665746688843 1
1744733565229 0.8761075735092163 2
1744733565272 1.1697434186935425 3
1744733565320 1.152540922164917 4
1744733565365 0.9265168309211731 5
1744733565410 1.0027945041656494 6
1744733565473 1.1293498277664185 7
1744733565525 1.0373973846435547 8
1744733565572 1.0640313625335693 9
1744733565626 1.0429627895355225 10
1744733565675 1.0770258903503418 11
1744733565722 1.0518983602523804 12
1744733565774 0.967312753200531 13
1744733565823 1.2379472255706787 14
1744733669353 1.0620719194412231 0
1744733669389 1.0876497030258179 1
1744733669426 1.0553990602493286 2
1744733669463 0.9650150537490845 3
1744733669499 1.3417904376983643 4
1744733669538 1.0248291492462158 5
1744733669573 1.1943864822387695 6
1744733669610 1.1792641878128052 7
1744733669656 0.9916530251502991 8
1744733669691 1.1216734647750854 9
1744733669734 1.0608159303665161 10
1744733669775 1.1420655250549316 11
1744733669814 1.1644675731658936 12
1744733669856 1.129267692565918 13
1744733669901 0.9891635179519653 14
1744733772169 1.4052543640136719 0
1744733772225 1.1296260356903076 1
1744733772264 1.4057230949401855 2
1744733772304 1.3012735843658447 3
1744733772344 1.4763381481170654 4
1744733772385 1.4437754154205322 5
1744733772431 1.2202849388122559 6
1744733772473 1.1503310203552246 7
1744733772514 1.204338788986206 8
1744733772558 1.5269458293914795 9
1744733772596 0.8229751586914062 10
1744733772636 1.1503068208694458 11
1744733772672 1.2977708578109741 12
1744733772709 1.3063979148864746 13
1744733772745 1.023520827293396 14
1744733874177 1.288078784942627 0
1744733874213 1.3468003273010254 1
1744733874263 1.288137674331665 2
1744733874305 1.0829126834869385 3
1744733874358 1.2799385786056519 4
1744733874396 1.3800188302993774 5
1744733874435 1.4793225526809692 6
1744733874477 1.3906543254852295 7
1744733874524 1.4605519771575928 8
1744733874571 1.770119547843933 9
1744733874608 1.5751253366470337 10
1744733874646 1.099287748336792 11
1744733874682 1.3453701734542847 12
1744733874718 1.379648208618164 13
1744733874760 1.4728535413742065 14
1744733964942 1.5281164646148682 0
1744733964968 1.776160478591919 1
1744733964993 1.4577794075012207 2
1744733965019 1.261018991470337 3
1744733965043 1.4702616930007935 4
1744733965067 1.1926542520523071 5
1744733965091 1.4157764911651611 6
1744733965116 1.3901042938232422 7
1744733965142 1.4508931636810303 8
1744733965166 1.7968101501464844 9
1744733965193 1.7395764589309692 10
1744733965217 1.951061725616455 11
1744733965241 1.5273436307907104 12
1744733965266 1.8571720123291016 13
1744733965290 1.9604742527008057 14
1744734056365 1.5431163311004639 0
1744734056398 1.6508867740631104 1
1744734056425 1.4966241121292114 2
1744734056452 1.580749273300171 3
1744734056479 1.5904829502105713 4
1744734056507 1.4100379943847656 5
1744734056535 1.6178218126296997 6
1744734056564 1.5733953714370728 7
1744734056599 1.6384602785110474 8
1744734056644 1.731385350227356 9
1744734056685 1.5728955268859863 10
1744734056728 1.7324490547180176 11
1744734056770 1.9892077445983887 12
1744734056820 1.3158942461013794 13
1744734056878 1.7027117013931274 14
1744734151120 1.583737850189209 0
1744734151149 1.6503287553787231 1
1744734151192 1.2726194858551025 2
1744734151222 2.1958794593811035 3
1744734151251 1.802357792854309 4
1744734151287 1.6283173561096191 5
1744734151318 1.5291831493377686 6
1744734151346 1.332938313484192 7
1744734151375 1.7383462190628052 8
1744734151403 1.7503291368484497 9
1744734151433 1.8178762197494507 10
1744734151466 2.191716194152832 11
1744734151494 2.029371738433838 12
1744734151523 2.028944969177246 13
1744734151553 1.8240036964416504 14
1744734243239 1.7237091064453125 0
1744734243287 1.617074728012085 1
1744734243331 1.4930896759033203 2
1744734243377 2.2188122272491455 3
1744734243425 1.9464627504348755 4
1744734243472 1.4570168256759644 5
1744734243510 2.061504602432251 6
1744734243548 2.1411986351013184 7
1744734243587 1.7760634422302246 8
1744734243626 1.8360644578933716 9
1744734243666 2.0562007427215576 10
1744734243707 2.1770577430725098 11
1744734243738 1.6153806447982788 12
1744734243764 1.692017674446106 13
1744734243790 1.17123281955719 14
1744734332699 1.3219014406204224 0
1744734332726 1.478581190109253 1
1744734332755 1.7742865085601807 2
1744734332784 1.7240172624588013 3
1744734332814 1.7579379081726074 4
1744734332842 2.1591579914093018 5
1744734332873 2.5014829635620117 6
1744734332901 2.5582022666931152 7
1744734332928 2.06160831451416 8
1744734332958 1.6887080669403076 9
1744734332985 1.8225057125091553 10
1744734333014 1.7031983137130737 11
1744734333041 1.5525386333465576 12
1744734333069 1.823798418045044 13
1744734333099 1.5479011535644531 14
1744734422776 1.7437756061553955 0
1744734422804 1.921073317527771 1
1744734422837 2.092747688293457 2
1744734422881 1.9400999546051025 3
1744734422921 1.647173523902893 4
1744734422961 1.1489856243133545 5
1744734423006 2.4269254207611084 6
1744734423052 1.810119867324829 7
1744734423093 1.8140637874603271 8
1744734423137 1.8786927461624146 9
1744734423180 1.6102551221847534 10
1744734423237 1.7136048078536987 11
1744734423277 1.7878057956695557 12
1744734423322 2.0977072715759277 13
1744734423362 1.7865004539489746 14
1744734515197 1.820536732673645 0
1744734515224 0.9656857848167419 1
1744734515251 1.3917757272720337 2
1744734515281 1.8255598545074463 3
1744734515308 1.6756972074508667 4
1744734515338 1.0435469150543213 5
1744734515367 1.9217932224273682 6
1744734515395 1.0757008790969849 7
1744734515423 2.041722297668457 8
1744734515450 1.566694736480713 9
1744734515478 1.8198885917663574 10
1744734515504 2.1588072776794434 11
1744734515530 2.2438135147094727 12
1744734515557 2.6794557571411133 13
1744734515584 2.06315541267395 14
1744734604344 2.107734441757202 0
1744734604371 1.7001760005950928 1
1744734604399 1.2479103803634644 2
1744734604424 1.6104247570037842 3
1744734604449 1.5233685970306396 4
1744734604474 1.4613240957260132 5
1744734604498 1.1937313079833984 6
1744734604522 1.2698880434036255 7
1744734604548 1.2269437313079834 8
1744734604573 1.782624363899231 9
1744734604597 1.4224398136138916 10
1744734604623 1.1576756238937378 11
1744734604647 2.088162899017334 12
1744734604671 1.4758394956588745 13
1744734604695 1.8935424089431763 14
1744734693232 1.7499310970306396 0
1744734693272 1.489491581916809 1
1744734693308 1.7890955209732056 2
1744734693343 2.0423426628112793 3
1744734693381 1.8395295143127441 4
1744734693420 2.2443058490753174 5
1744734693460 1.3985451459884644 6
1744734693495 2.0894358158111572 7
1744734693531 1.5250446796417236 8
1744734693566 1.6475327014923096 9
1744734693602 2.2102723121643066 10
1744734693644 1.386211633682251 11
1744734693686 1.1686935424804688 12
1744734693733 1.4274709224700928 13
1744734693776 2.4737792015075684 14
1744734785688 1.71418297290802 0
1744734785716 1.8030667304992676 1
1744734785744 1.4487688541412354 2
1744734785770 1.6156808137893677 3
1744734785796 1.515818476676941 4
1744734785827 1.8007136583328247 5
1744734785854 1.7683091163635254 6
1744734785880 2.131234645843506 7
1744734785907 1.433395266532898 8
1744734785934 1.2485027313232422 9
1744734785960 1.141079306602478 10
1744734785989 1.4057649374008179 11
1744734786018 1.5557739734649658 12
1744734786054 1.6230616569519043 13
1744734786087 1.5655313730239868 14
1744734875973 1.0475847721099854 0
1744734876020 2.1079185009002686 1
1744734876062 1.919474482536316 2
1744734876108 1.7427752017974854 3
1744734876160 1.4223363399505615 4
1744734876214 1.6443097591400146 5
1744734876261 1.4021947383880615 6
1744734876300 1.4823657274246216 7
1744734876338 1.2582080364227295 8
1744734876379 1.2798256874084473 9
1744734876420 1.6758291721343994 10
1744734876462 1.8817757368087769 11
1744734876499 0.998340368270874 12
1744734876540 0.9711223840713501 13
1744734876577 1.2462055683135986 14
1744734967513 1.3233453035354614 0
1744734967539 1.4305716753005981 1
1744734967563 1.6411017179489136 2
1744734967589 1.4594038724899292 3
1744734967619 1.5718152523040771 4
1744734967650 1.41810941696167 5
1744734967675 1.7438037395477295 6
1744734967699 1.7419414520263672 7
1744734967723 1.8611607551574707 8
1744734967748 1.1989563703536987 9
1744734967775 1.7168511152267456 10
1744734967799 1.1988494396209717 11
1744734967822 1.5136557817459106 12
1744734967846 1.3691699504852295 13
1744734967872 1.3086737394332886 14
1744735056380 1.3707534074783325 0
1744735056418 1.0566765069961548 1
1744735056444 1.5622013807296753 2
1744735056468 1.6156147718429565 3
1744735056491 1.7671979665756226 4
1744735056516 2.161017656326294 5
1744735056546 1.962847352027893 6
1744735056573 1.9174652099609375 7
1744735056599 1.501250147819519 8
1744735056627 1.6650892496109009 9
1744735056654 1.3783551454544067 10
1744735056680 1.5896636247634888 11
1744735056707 1.6881002187728882 12
1744735056734 1.6284050941467285 13
1744735056764 1.5565431118011475 14
1744735147339 1.6206450462341309 0
1744735147371 1.0080397129058838 1
1744735147402 1.8080463409423828 2
1744735147431 1.429720401763916 3
1744735147471 1.8307729959487915 4
1744735147499 1.74576997756958 5
1744735147528 1.5723822116851807 6
1744735147556 1.6891671419143677 7
1744735147585 1.5680301189422607 8
1744735147614 1.3753517866134644 9
1744735147641 1.0904850959777832 10
1744735147669 1.533556580543518 11
1744735147697 0.9375712275505066 12
1744735147728 1.01343834400177 13
1744735147755 1.2244664430618286 14
1744735236217 1.6227046251296997 0
1744735236240 1.0083673000335693 1
1744735236266 1.5357375144958496 2
1744735236291 1.1946243047714233 3
1744735236315 0.8261107802391052 4
1744735236339 1.150941014289856 5
1744735236366 1.1243870258331299 6
1744735236390 1.4323433637619019 7
1744735236415 1.2363953590393066 8
1744735236439 1.0690116882324219 9
1744735236464 1.2096302509307861 10
1744735236488 1.329272985458374 11
1744735236511 1.8004053831100464 12
1744735236535 1.3158643245697021 13
1744735236566 1.3777282238006592 14
1744735323422 1.461517572402954 0
1744735323450 1.214794397354126 1
1744735323478 1.459351658821106 2
1744735323505 1.5740833282470703 3
1744735323531 1.0992299318313599 4
1744735323558 1.3599591255187988 5
1744735323586 1.4582780599594116 6
1744735323614 1.2626925706863403 7
1744735323642 0.9267435669898987 8
1744735323672 1.5298759937286377 9
1744735323703 1.3559266328811646 10
1744735323740 1.1169087886810303 11
1744735323771 1.3917529582977295 12
1744735323799 1.2292263507843018 13
1744735323826 1.0063507556915283 14
1744735413876 1.4935425519943237 0
1744735413907 1.6616934537887573 1
1744735413935 1.4454915523529053 2
1744735413965 1.3513314723968506 3
1744735413992 1.2511374950408936 4
1744735414019 1.320369839668274 5
1744735414046 1.443907380104065 6
1744735414075 1.3065507411956787 7
1744735414104 1.2927387952804565 8
1744735414132 1.2396571636199951 9
1744735414160 1.097536325454712 10
1744735414187 1.1662813425064087 11
1744735414216 1.2726585865020752 12
1744735414243 1.2863872051239014 13
1744735414273 1.6520545482635498 14
1744735502851 1.5949301719665527 0
1744735502880 1.1811323165893555 1
1744735502903 1.0550488233566284 2
1744735502929 1.5373172760009766 3
1744735502957 1.179850697517395 4
1744735502986 1.0974750518798828 5
1744735503015 1.2389514446258545 6
1744735503044 1.1958733797073364 7
1744735503073 1.2190284729003906 8
1744735503100 1.139593482017517 9
1744735503126 1.5137566328048706 10
1744735503150 1.3147231340408325 11
1744735503175 1.4917272329330444 12
1744735503199 1.330618977546692 13
1744735503223 1.2298424243927002 14
1744735593946 1.2399134635925293 0
1744735593983 1.5362763404846191 1
1744735594028 1.1281695365905762 2
1744735594069 1.074726939201355 3
1744735594109 1.1429762840270996 4
1744735594154 1.06205153465271 5
1744735594200 1.3683526515960693 6
1744735594262 1.09086012840271 7
1744735594315 1.1341280937194824 8
1744735594361 1.417100191116333 9
1744735594406 1.2064372301101685 10
1744735594447 1.6333693265914917 11
1744735594488 1.212210774421692 12
1744735594529 1.2534724473953247 13
1744735594569 1.0352877378463745 14
1744735684288 1.7702641487121582 0
1744735684317 1.2070708274841309 1
1744735684344 1.2085285186767578 2
1744735684375 1.1062953472137451 3
1744735684405 0.9782079458236694 4
1744735684445 1.3034846782684326 5
1744735684474 1.0123547315597534 6
1744735684503 1.1699566841125488 7
1744735684531 1.1074074506759644 8
1744735684558 1.3355624675750732 9
1744735684588 1.4094862937927246 10
1744735684617 1.1415038108825684 11
1744735684648 1.3938199281692505 12
1744735684675 1.5766841173171997 13
1744735684706 1.6106579303741455 14
1744735773526 1.4183049201965332 0
1744735773567 1.1531907320022583 1
1744735773621 1.2689393758773804 2
1744735773663 1.179032564163208 3
1744735773705 1.3917701244354248 4
1744735773748 1.1646262407302856 5
1744735773788 1.1981651782989502 6
1744735773830 1.4578287601470947 7
1744735773872 1.2930335998535156 8
1744735773915 1.2198203802108765 9
1744735773962 1.5578415393829346 10
1744735774013 1.1185005903244019 11
1744735774061 1.1571110486984253 12
1744735774114 1.8246763944625854 13
1744735774159 1.4285314083099365 14
1744735863267 1.7584640979766846 0
1744735863294 1.092439889907837 1
1744735863321 1.1164816617965698 2
1744735863347 0.8266388773918152 3
1744735863379 0.9196293950080872 4
1744735863407 1.032619595527649 5
1744735863439 1.2818901538848877 6
1744735863464 1.373975157737732 7
1744735863488 1.139615774154663 8
1744735863512 0.9277846813201904 9
1744735863536 1.3471910953521729 10
1744735863572 1.0691498517990112 11
1744735863596 1.7267394065856934 12
1744735863622 1.1156458854675293 13
1744735863651 1.2318860292434692 14
1744735958024 1.2396016120910645 0
1744735958049 1.5135339498519897 1
1744735958074 1.3233166933059692 2
1744735958099 1.2889978885650635 3
1744735958122 1.7007352113723755 4
1744735958147 1.498615026473999 5
1744735958172 1.9214001893997192 6
1744735958197 1.6017812490463257 7
1744735958223 1.7637286186218262 8
1744735958251 2.2077863216400146 9
1744735958277 1.4593794345855713 10
1744735958303 1.7076314687728882 11
1744735958328 1.6592261791229248 12
1744735958353 1.5425035953521729 13
1744735958389 1.3005141019821167 14
1744736046173 1.6243706941604614 0
1744736046198 1.203423261642456 1
1744736046224 1.1402424573898315 2
1744736046249 1.210195779800415 3
1744736046275 1.1867374181747437 4
1744736046300 1.523816466331482 5
1744736046328 1.4747488498687744 6
1744736046353 1.3756340742111206 7
1744736046377 1.7615522146224976 8
1744736046402 1.3134299516677856 9
1744736046428 1.5431621074676514 10
1744736046455 1.0553977489471436 11
1744736046480 1.419560194015503 12
1744736046506 1.644601583480835 13
1744736046533 1.5164258480072021 14
1744736135642 1.3513436317443848 0
1744736135677 1.3231695890426636 1
1744736135713 1.1834919452667236 2
1744736135747 1.250549554824829 3
1744736135786 0.9491657018661499 4
1744736135824 1.3945231437683105 5
1744736135866 1.3649393320083618 6
1744736135907 1.0026946067810059 7
1744736135948 1.2696000337600708 8
1744736135985 1.625383973121643 9
1744736136026 1.612546682357788 10
1744736136076 1.3700506687164307 11
1744736136112 1.0732322931289673 12
1744736136151 1.6438329219818115 13
1744736136188 1.033672571182251 14
1744736227039 1.4757462739944458 0
1744736227067 1.0198140144348145 1
1744736227104 1.3569104671478271 2
1744736227133 1.646444320678711 3
1744736227158 1.4225122928619385 4
1744736227185 1.0679084062576294 5
1744736227210 1.021237850189209 6
1744736227233 1.1536004543304443 7
1744736227258 1.4876810312271118 8
1744736227283 1.5303980112075806 9
1744736227309 1.3366032838821411 10
1744736227332 1.2644063234329224 11
1744736227357 0.9632990956306458 12
1744736227384 1.251709222793579 13
1744736227408 1.082790732383728 14
1744736320354 1.5681586265563965 0
1744736320392 1.3578675985336304 1
1744736320425 1.2189140319824219 2
1744736320456 0.8966128826141357 3
1744736320492 1.0434062480926514 4
1744736320521 1.4922711849212646 5
1744736320551 1.1943892240524292 6
1744736320581 1.5060267448425293 7
1744736320615 1.1630386114120483 8
1744736320645 1.3747451305389404 9
1744736320677 1.263809084892273 10
1744736320706 1.7721842527389526 11
1744736320738 0.983083963394165 12
1744736320770 1.39780855178833 13
1744736320804 1.3061869144439697 14
1744736411160 1.5096287727355957 0
1744736411186 1.6603318452835083 1
1744736411211 1.52974534034729 2
1744736411247 1.5535657405853271 3
1744736411271 1.3972644805908203 4
1744736411295 1.4056497812271118 5
1744736411319 1.2855521440505981 6
1744736411344 1.17122483253479 7
1744736411369 1.014425277709961 8
1744736411394 1.2859976291656494 9
1744736411418 1.3411006927490234 10
1744736411444 1.4492301940917969 11
1744736411471 1.4903435707092285 12
1744736411497 1.5743352174758911 13
1744736411523 1.4233099222183228 14
1744736503119 1.3237427473068237 0
1744736503147 1.0058114528656006 1
1744736503172 1.5005582571029663 2
1744736503199 1.357694387435913 3
1744736503224 1.2905008792877197 4
1744736503251 1.2398810386657715 5
1744736503280 1.142949104309082 6
1744736503310 1.1731534004211426 7
1744736503338 1.5501482486724854 8
1744736503366 0.9034601449966431 9
1744736503395 1.2666246891021729 10
1744736503422 1.3685177564620972 11
1744736503451 1.440064787864685 12
1744736503479 1.352746844291687 13
1744736503510 1.4943724870681763 14
1744736591875 1.4230302572250366 0
1744736591900 0.9985995888710022 1
1744736591925 1.213236689567566 2
1744736591950 1.1270084381103516 3
1744736591975 1.7176188230514526 4
1744736592000 1.5285588502883911 5
1744736592029 1.1194623708724976 6
1744736592066 1.319891095161438 7
1744736592095 1.1145174503326416 8
1744736592120 1.1479246616363525 9
1744736592144 1.1833688020706177 10
1744736592169 1.1417971849441528 11
1744736592205 1.4111741781234741 12
1744736592245 1.3530176877975464 13
1744736592283 1.356506586074829 14
1744736682584 1.0867493152618408 0
1744736682624 1.5581207275390625 1
1744736682649 1.5376956462860107 2
1744736682673 1.7259325981140137 3
1744736682697 1.5503965616226196 4
1744736682722 1.0870788097381592 5
1744736682748 1.5341973304748535 6
1744736682772 1.3618981838226318 7
1744736682798 0.9758424162864685 8
1744736682826 1.6554725170135498 9
1744736682854 1.1820586919784546 10
1744736682882 1.4902697801589966 11
1744736682909 1.3027725219726562 12
1744736682936 1.496384859085083 13
1744736682962 1.1692497730255127 14
1744736770835 1.254412293434143 0
1744736770863 1.2602043151855469 1
1744736770887 1.1949408054351807 2
1744736770911 1.2928287982940674 3
1744736770936 1.404121994972229 4
1744736770963 1.4197180271148682 5
1744736770987 1.372557520866394 6
1744736771012 1.5094566345214844 7
1744736771036 1.4574192762374878 8
1744736771061 1.38002610206604 9
1744736771085 1.8126155138015747 10
1744736771109 1.5748960971832275 11
1744736771132 1.5277639627456665 12
1744736771159 2.1318981647491455 13
1744736771183 1.4873254299163818 14
1744736860067 1.5845383405685425 0
1744736860095 1.5298266410827637 1
1744736860128 1.416994571685791 2
1744736860158 1.8284437656402588 3
1744736860186 1.6660298109054565 4
1744736860215 1.365628957748413 5
1744736860242 1.3091572523117065 6
1744736860270 1.615925908088684 7
1744736860296 1.4152858257293701 8
1744736860324 1.5042859315872192 9
1744736860352 1.3398545980453491 10
1744736860378 1.074859380722046 11
1744736860405 1.3102997541427612 12
1744736860433 1.265356183052063 13
1744736860460 1.398295521736145 14
1744736948317 1.2328126430511475 0
1744736948351 1.2985541820526123 1
1744736948386 0.9378471970558167 2
1744736948411 1.3424192667007446 3
1744736948435 1.7673804759979248 4
1744736948462 1.5494863986968994 5
1744736948487 1.5884456634521484 6
1744736948510 1.3462618589401245 7
1744736948534 1.5555520057678223 8
1744736948557 1.432672381401062 9
1744736948581 1.472867488861084 10
1744736948605 1.5038319826126099 11
1744736948630 1.8595815896987915 12
1744736948655 1.5851893424987793 13
1744736948681 1.4898275136947632 14
1744737034954 1.5215092897415161 0
1744737034991 1.636298656463623 1
1744737035040 1.5633286237716675 2
1744737035080 1.2899972200393677 3
1744737035125 1.2271023988723755 4
1744737035163 1.0173569917678833 5
1744737035200 1.0270788669586182 6
1744737035238 1.2772259712219238 7
1744737035275 1.5847856998443604 8
1744737035316 1.4503381252288818 9
1744737035361 1.4230883121490479 10
1744737035410 1.2013505697250366 11
1744737035450 1.2714372873306274 12
1744737035488 1.360150694847107 13
1744737035527 1.7772021293640137 14
1744737125469 1.4868464469909668 0
1744737125494 1.5322405099868774 1
1744737125520 1.1245425939559937 2
1744737125545 1.3648145198822021 3
1744737125569 1.4763232469558716 4
1744737125593 1.9260507822036743 5
1744737125619 1.7073434591293335 6
1744737125645 1.4835280179977417 7
1744737125670 1.4216196537017822 8
1744737125695 1.3888481855392456 9
1744737125721 1.6290137767791748 10
1744737125746 2.0565671920776367 11
1744737125770 2.177464723587036 12
1744737125794 1.6225053071975708 13
1744737125819 1.578744649887085 14
1744737213328 1.516865611076355 0
1744737213353 1.2730199098587036 1
1744737213381 1.551474690437317 2
1744737213407 1.6203213930130005 3
1744737213431 1.4201714992523193 4
1744737213458 2.0471861362457275 5
1744737213483 1.4529531002044678 6
1744737213507 1.6281895637512207 7
1744737213532 1.595444917678833 8
1744737213557 1.5668308734893799 9
1744737213582 1.5238211154937744 10
1744737213606 1.7121403217315674 11
1744737213631 1.209922194480896 12
1744737213657 1.5131065845489502 13
1744737213681 1.5598353147506714 14
1744737304280 1.6394233703613281 0
1744737304308 2.036864995956421 1
1744737304336 1.8646212816238403 2
1744737304366 1.9778069257736206 3
1744737304401 1.5956273078918457 4
1744737304430 1.931713581085205 5
1744737304462 1.9223594665527344 6
1744737304489 1.8698312044143677 7
1744737304517 2.096149206161499 8
1744737304544 1.4535727500915527 9
1744737304573 1.602447509765625 10
1744737304603 1.3123842477798462 11
1744737304632 1.516446828842163 12
1744737304659 1.7740695476531982 13
1744737304689 1.276678204536438 14
1744737393007 2.0408852100372314 0
1744737393034 1.7621119022369385 1
1744737393058 1.7683161497116089 2
1744737393082 1.8279609680175781 3
1744737393107 1.3245707750320435 4
1744737393136 1.9023432731628418 5
1744737393162 1.8591301441192627 6
1744737393187 1.3950432538986206 7
1744737393211 1.402885913848877 8
1744737393236 1.5480270385742188 9
1744737393261 1.2939223051071167 10
1744737393286 1.6785094738006592 11
1744737393315 1.7041304111480713 12
1744737393342 1.3116822242736816 13
1744737393372 1.704453945159912 14
1744737483145 1.3554009199142456 0
1744737483180 1.3356401920318604 1
1744737483207 1.3995721340179443 2
1744737483232 1.579397439956665 3
1744737483260 1.6825196743011475 4
1744737483289 1.2897568941116333 5
1744737483313 1.8538739681243896 6
1744737483338 1.7443619966506958 7
1744737483363 2.2216124534606934 8
1744737483387 1.9923018217086792 9
1744737483416 1.5944974422454834 10
1744737483445 1.4841660261154175 11
1744737483474 1.5598244667053223 12
1744737483508 2.3662099838256836 13
1744737483536 1.9441654682159424 14
1744737572493 1.872358798980713 0
1744737572520 2.188131809234619 1
1744737572549 1.391262173652649 2
1744737572576 1.496772050857544 3
1744737572603 1.6393026113510132 4
1744737572630 1.8304985761642456 5
1744737572656 1.296909213066101 6
1744737572687 1.3333477973937988 7
1744737572716 1.8074970245361328 8
1744737572754 1.6941916942596436 9
1744737572786 1.9187506437301636 10
1744737572814 1.6839709281921387 11
1744737572842 1.6016710996627808 12
1744737572872 1.7438145875930786 13
1744737572898 1.1666388511657715 14
1744737662822 1.8820523023605347 0
1744737662847 1.640579342842102 1
1744737662881 1.7930233478546143 2
1744737662904 1.654048204421997 3
1744737662931 1.753847360610962 4
1744737662954 1.9552783966064453 5
1744737662979 1.6758148670196533 6
1744737663004 1.3943983316421509 7
1744737663032 1.4800584316253662 8
1744737663058 1.4008134603500366 9
1744737663083 1.5496525764465332 10
1744737663108 2.0398528575897217 11
1744737663133 1.4664502143859863 12
1744737663157 1.4791761636734009 13
1744737663181 1.581045389175415 14
1744737750183 1.3071913719177246 0
1744737750211 1.7220444679260254 1
1744737750237 1.4711639881134033 2
1744737750265 1.7082711458206177 3
1744737750292 1.606290340423584 4
1744737750321 1.209768533706665 5
1744737750348 1.5783792734146118 6
1744737750379 1.4609386920928955 7
1744737750406 1.7116286754608154 8
1744737750434 1.4824635982513428 9
1744737750462 1.77886962890625 10
1744737750495 1.7374804019927979 11
1744737750528 1.5910990238189697 12
1744737750559 1.6765891313552856 13
1744737750587 2.423302173614502 14
1744737837851 1.670939326286316 0
1744737837878 2.138791561126709 1
1744737837904 1.9600951671600342 2
1744737837933 1.9482572078704834 3
1744737837959 2.288508892059326 4
1744737837985 1.8854116201400757 5
1744737838014 2.6020548343658447 6
1744737838044 2.3900022506713867 7
1744737838071 1.8909550905227661 8
1744737838098 2.5301034450531006 9
1744737838126 2.491318702697754 10
1744737838153 2.065889358520508 11
1744737838180 2.0554404258728027 12
1744737838207 2.0087757110595703 13
1744737838236 1.8747172355651855 14
1744737926218 2.2085840702056885 0
1744737926244 2.0850331783294678 1
1744737926278 1.7660927772521973 2
1744737926309 1.7871164083480835 3
1744737926337 1.7278409004211426 4
1744737926365 1.9595057964324951 5
1744737926392 1.7548192739486694 6
1744737926420 1.863275408744812 7
1744737926448 1.5389351844787598 8
1744737926475 1.850730299949646 9
1744737926502 1.6863341331481934 10
1744737926528 1.8108700513839722 11
1744737926554 1.9792004823684692 12
1744737926585 2.174506664276123 13
1744737926613 1.73155677318573 14
1744738014921 1.5488651990890503 0
1744738014946 2.0514819622039795 1
1744738014972 2.1495141983032227 2
1744738015003 1.842174768447876 3
1744738015030 1.6689385175704956 4
1744738015058 1.6241583824157715 5
1744738015084 1.9023884534835815 6
1744738015110 1.4910577535629272 7
1744738015138 1.6701200008392334 8
1744738015168 1.6061840057373047 9
1744738015214 1.9674992561340332 10
1744738015242 2.523303985595703 11
1744738015275 1.9755909442901611 12
1744738015303 2.016268730163574 13
1744738015329 2.158733606338501 14
1744738102120 2.0943055152893066 0
1744738102161 2.049386501312256 1
1744738102208 1.983596920967102 2
1744738102245 2.1606035232543945 3
1744738102287 1.835453748703003 4
1744738102324 1.3722249269485474 5
1744738102363 1.7969595193862915 6
1744738102414 1.6617820262908936 7
1744738102462 1.5553711652755737 8
1744738102508 1.573838472366333 9
1744738102552 1.3842908143997192 10
1744738102596 1.207881212234497 11
1744738102636 1.4172732830047607 12
1744738102680 1.246622085571289 13
1744738102719 1.6143059730529785 14
1744738190463 1.4361441135406494 0
1744738190487 1.2420519590377808 1
1744738190510 1.616079568862915 2
1744738190534 1.7895076274871826 3
1744738190559 1.9946221113204956 4
1744738190583 1.77781081199646 5
1744738190606 1.6579163074493408 6
1744738190630 2.087306022644043 7
1744738190654 1.7234467267990112 8
1744738190680 1.934190034866333 9
1744738190703 1.6184815168380737 10
1744738190728 1.7896512746810913 11
1744738190751 1.803924560546875 12
1744738190782 2.289689540863037 13
1744738190810 1.989574670791626 14
1744738277024 1.933170199394226 0
1744738277048 2.1160988807678223 1
1744738277072 1.6467210054397583 2
1744738277096 2.179187297821045 3
1744738277123 1.643990159034729 4
1744738277147 2.374519109725952 5
1744738277173 1.8783786296844482 6
1744738277199 1.8001067638397217 7
1744738277223 2.278435230255127 8
1744738277247 2.152646780014038 9
1744738277273 2.2059614658355713 10
1744738277297 2.6545088291168213 11
1744738277325 2.248150110244751 12
1744738277361 2.7543702125549316 13
1744738277386 2.048858880996704 14
1744738366685 1.8982657194137573 0
1744738366735 1.6581394672393799 1
1744738366776 1.7536814212799072 2
1744738366816 1.7768933773040771 3
1744738366855 1.6694891452789307 4
1744738366894 1.748537302017212 5
1744738366933 1.6926453113555908 6
1744738366969 1.5577806234359741 7
1744738366994 1.9170054197311401 8
1744738367019 1.9569846391677856 9
1744738367050 1.397334337234497 10
1744738367075 1.7000463008880615 11
1744738367099 2.0544474124908447 12
1744738367124 1.753023386001587 13
1744738367148 1.3290059566497803 14
1744738454981 2.3105216026306152 0
1744738455021 2.184299945831299 1
1744738455047 2.9104080200195312 2
1744738455075 1.8966648578643799 3
1744738455102 1.7101153135299683 4
1744738455135 2.017209768295288 5
1744738455169 2.56465744972229 6
1744738455198 2.11519718170166 7
1744738455223 1.720472812652588 8
1744738455246 2.6219964027404785 9
1744738455281 2.8851776123046875 10
1744738455307 2.8722243309020996 11
1744738455332 2.2071585655212402 12
1744738455356 2.5573606491088867 13
1744738455386 2.414461612701416 14
1744738541350 2.5819578170776367 0
1744738541377 2.147326946258545 1
1744738541404 2.0144124031066895 2
1744738541428 2.3624367713928223 3
1744738541453 1.9112721681594849 4
1744738541478 1.965586543083191 5
1744738541502 1.7289763689041138 6
1744738541525 1.5251778364181519 7
1744738541551 1.668849229812622 8
1744738541575 2.475092887878418 9
1744738541598 1.9532091617584229 10
1744738541623 1.4744244813919067 11
1744738541647 1.9027663469314575 12
1744738541671 1.6415810585021973 13
1744738541697 1.8194838762283325 14
1744738632004 1.7510349750518799 0
1744738632031 1.848811388015747 1
1744738632059 1.9292322397232056 2
1744738632087 1.8821675777435303 3
1744738632116 1.9664942026138306 4
1744738632149 2.2199156284332275 5
1744738632178 2.373478889465332 6
1744738632209 2.2708113193511963 7
1744738632246 2.176889657974243 8
1744738632273 2.2816407680511475 9
1744738632300 2.268327474594116 10
1744738632327 2.147778034210205 11
1744738632357 2.2636170387268066 12
1744738632384 1.9897187948226929 13
1744738632411 1.9066590070724487 14
1744738721011 1.8650377988815308 0
1744738721036 2.1082653999328613 1
1744738721061 1.8410872220993042 2
1744738721085 1.9762831926345825 3
1744738721110 2.3333740234375 4
1744738721134 1.7861746549606323 5
1744738721164 1.868566632270813 6
1744738721198 1.7850608825683594 7
1744738721229 1.9540655612945557 8
1744738721260 1.8182798624038696 9
1744738721286 1.9541817903518677 10
1744738721310 2.557040214538574 11
1744738721334 2.1967434883117676 12
1744738721360 2.2392661571502686 13
1744738721385 2.1735658645629883 14
1744738810833 2.22501277923584 0
1744738810879 2.0728349685668945 1
1744738810919 2.062161684036255 2
1744738810960 2.313724994659424 3
1744738811004 2.1556954383850098 4
1744738811047 2.193420886993408 5
1744738811092 2.0246012210845947 6
1744738811147 1.7097735404968262 7
1744738811185 1.8607350587844849 8
1744738811223 1.7191752195358276 9
1744738811264 2.0752055644989014 10
1744738811317 2.0961058139801025 11
1744738811357 2.682359218597412 12
1744738811395 1.9827766418457031 13
1744738811434 2.4158360958099365 14
1744738898894 1.9316519498825073 0
1744738898920 1.9831883907318115 1
1744738898944 2.4038219451904297 2
1744738898968 2.080505132675171 3
1744738898994 1.8274363279342651 4
1744738899019 1.9742851257324219 5
1744738899045 2.0043845176696777 6
1744738899071 2.103383779525757 7
1744738899102 1.6961863040924072 8
1744738899126 1.6974983215332031 9
1744738899151 2.317113161087036 10
1744738899176 2.557081699371338 11
1744738899200 2.6830790042877197 12
1744738899226 2.187232494354248 13
1744738899253 2.2533185482025146 14
1744738987837 2.519339084625244 0
1744738987879 2.0326027870178223 1
1744738987908 1.766237735748291 2
1744738987936 2.304565191268921 3
1744738987966 1.8445760011672974 4
1744738987994 1.9596565961837769 5
1744738988023 2.0139429569244385 6
1744738988052 1.777647614479065 7
1744738988079 1.9538161754608154 8
1744738988108 1.9217166900634766 9
1744738988135 2.5420963764190674 10
1744738988164 2.3901379108428955 11
1744738988192 1.9823583364486694 12
1744738988219 2.5747628211975098 13
1744738988247 2.2248270511627197 14
1744739078171 2.178222179412842 0
1744739078195 2.24927020072937 1
1744739078219 1.9896050691604614 2
1744739078243 1.7201247215270996 3
1744739078267 2.319035530090332 4
1744739078298 1.6633299589157104 5
1744739078326 2.2237460613250732 6
1744739078353 2.1884102821350098 7
1744739078378 1.8473334312438965 8
1744739078402 2.3062727451324463 9
1744739078425 2.1837217807769775 10
1744739078448 2.087360143661499 11
1744739078472 1.576230764389038 12
1744739078498 1.9958173036575317 13
1744739078521 2.2402284145355225 14
1744739166403 1.959238886833191 0
1744739166428 1.6669247150421143 1
1744739166457 1.878326177597046 2
1744739166485 1.960957407951355 3
1744739166511 2.0969793796539307 4
1744739166542 2.17820143699646 5
1744739166567 2.063650369644165 6
1744739166593 2.153311014175415 7
1744739166625 2.6992380619049072 8
1744739166662 2.1689062118530273 9
1744739166686 2.6643831729888916 10
1744739166711 2.3328428268432617 11
1744739166736 2.6412744522094727 12
1744739166760 1.854143738746643 13
1744739166785 2.1676676273345947 14
1744739256827 2.6349730491638184 0
1744739256868 2.1155452728271484 1
1744739256908 1.9925758838653564 2
1744739256947 2.1102399826049805 3
1744739256988 1.7483570575714111 4
1744739257031 1.7359733581542969 5
1744739257071 2.1992287635803223 6
1744739257116 1.7652696371078491 7
1744739257158 2.0082991123199463 8
1744739257209 1.7696219682693481 9
1744739257249 1.6947728395462036 10
1744739257288 2.140073537826538 11
1744739257329 1.8378480672836304 12
1744739257368 1.1152993440628052 13
1744739257416 2.017808675765991 14
1744739345651 2.125188112258911 0
1744739345675 2.1698617935180664 1
1744739345700 2.0353050231933594 2
1744739345725 2.28293776512146 3
1744739345753 2.5883944034576416 4
1744739345780 2.1474671363830566 5
1744739345805 2.1897401809692383 6
1744739345829 1.902201533317566 7
1744739345853 2.328552722930908 8
1744739345877 1.8291150331497192 9
1744739345901 1.9345341920852661 10
1744739345926 2.332737684249878 11
1744739345951 2.3482003211975098 12
1744739345975 1.8314801454544067 13
1744739345999 1.9920506477355957 14
1744739433734 1.819634199142456 0
1744739433759 1.8717982769012451 1
1744739433784 1.6677355766296387 2
1744739433808 1.9133150577545166 3
1744739433835 2.225324869155884 4
1744739433859 2.0041656494140625 5
1744739433884 2.129314661026001 6
1744739433909 1.7523384094238281 7
1744739433934 1.698392391204834 8
1744739433958 2.230346202850342 9
1744739433982 2.152797222137451 10
1744739434007 1.8977433443069458 11
1744739434031 2.552891254425049 12
1744739434057 2.3607943058013916 13
1744739434085 1.829103946685791 14
1744739523757 1.7576040029525757 0
1744739523786 2.4236807823181152 1
1744739523817 2.1632535457611084 2
1744739523845 2.184086799621582 3
1744739523879 2.8975071907043457 4
1744739523913 2.111990213394165 5
1744739523941 2.5755093097686768 6
1744739523969 2.3181023597717285 7
1744739523998 2.4886868000030518 8
1744739524027 2.334374189376831 9
1744739524055 2.4837417602539062 10
1744739524092 2.3929507732391357 11
1744739524124 2.450136661529541 12
1744739524151 2.065088987350464 13
1744739524179 1.8459839820861816 14
1744739611578 2.7957918643951416 0
1744739611602 1.7175184488296509 1
1744739611626 2.177152395248413 2
1744739611651 1.940108060836792 3
1744739611675 1.8305308818817139 4
1744739611701 1.5929584503173828 5
1744739611725 1.8449534177780151 6
1744739611750 1.9551907777786255 7
1744739611775 1.7245970964431763 8
1744739611803 1.9441419839859009 9
1744739611827 2.1404759883880615 10
1744739611850 2.281032085418701 11
1744739611874 1.810962438583374 12
1744739611898 2.374300956726074 13
1744739611925 1.967284917831421 14
1744739699016 2.4878756999969482 0
1744739699056 2.760460138320923 1
1744739699093 1.913985013961792 2
1744739699138 2.841810464859009 3
1744739699178 2.4423153400421143 4
1744739699224 2.6130151748657227 5
1744739699260 2.3049044609069824 6
1744739699299 2.550405979156494 7
1744739699336 2.1016550064086914 8
1744739699376 2.0956480503082275 9
1744739699415 2.3152475357055664 10
1744739699451 2.2159085273742676 11
1744739699488 2.6828536987304688 12
1744739699523 2.8827154636383057 13
1744739699559 2.3965678215026855 14
1744739789530 2.725780487060547 0
1744739789554 2.692617654800415 1
1744739789579 2.4235033988952637 2
1744739789603 2.534519672393799 3
1744739789631 2.144176959991455 4
1744739789656 2.140594959259033 5
1744739789681 2.567932605743408 6
1744739789705 2.617940664291382 7
1744739789733 2.3573057651519775 8
1744739789760 1.9475743770599365 9
1744739789786 2.2745261192321777 10
1744739789811 2.5459439754486084 11
1744739789836 2.421703338623047 12
1744739789861 1.9904035329818726 13
1744739789886 2.581784725189209 14
1744739878588 2.2851572036743164 0
1744739878617 2.0888986587524414 1
1744739878645 1.560796856880188 2
1744739878678 2.051492691040039 3
1744739878708 2.192443370819092 4
1744739878736 2.361189126968384 5
1744739878768 2.137380838394165 6
1744739878795 2.061292886734009 7
1744739878822 2.6263504028320312 8
1744739878850 1.5598902702331543 9
1744739878877 1.7266241312026978 10
1744739878909 1.3596845865249634 11
1744739878937 1.5864431858062744 12
1744739878975 1.7779196500778198 13
1744739879007 2.2432515621185303 14
1744739969454 2.0781333446502686 0
1744739969483 2.25484037399292 1
1744739969510 2.0779857635498047 2
1744739969538 1.9834609031677246 3
1744739969566 2.3538389205932617 4
1744739969597 2.7772228717803955 5
1744739969627 2.474903106689453 6
1744739969656 2.5056886672973633 7
1744739969685 2.793905735015869 8
1744739969710 2.7679338455200195 9
1744739969735 2.4812471866607666 10
1744739969759 2.3065192699432373 11
1744739969784 3.1044201850891113 12
1744739969811 2.4288671016693115 13
1744739969844 2.67873215675354 14
1744740058380 2.8915858268737793 0
1744740058406 2.1260790824890137 1
1744740058430 2.4089794158935547 2
1744740058468 2.1586482524871826 3
1744740058499 2.1268179416656494 4
1744740058525 2.3590776920318604 5
1744740058549 1.8527395725250244 6
1744740058574 1.9826995134353638 7
1744740058600 1.852088451385498 8
1744740058625 2.229743003845215 9
1744740058648 2.148568630218506 10
1744740058673 1.9942940473556519 11
1744740058697 2.406169891357422 12
1744740058720 2.1902549266815186 13
1744740058744 2.599909782409668 14
1744740149131 2.6322264671325684 0
1744740149160 2.374748468399048 1
1744740149188 2.548511505126953 2
1744740149214 2.222926139831543 3
1744740149243 2.7148191928863525 4
1744740149273 2.440709352493286 5
1744740149299 2.5383684635162354 6
1744740149326 2.7534866333007812 7
1744740149352 2.2135417461395264 8
1744740149381 2.862398386001587 9
1744740149409 2.2082929611206055 10
1744740149437 2.7317538261413574 11
1744740149467 2.2977371215820312 12
1744740149496 2.6953015327453613 13
1744740149524 2.2327659130096436 14
1744740239254 2.2497026920318604 0
1744740239279 2.548204183578491 1
1744740239305 2.1775126457214355 2
1744740239331 2.4748988151550293 3
1744740239356 2.5163826942443848 4
1744740239387 2.410281181335449 5
1744740239411 2.455152988433838 6
1744740239435 2.367540121078491 7
1744740239460 2.301107168197632 8
1744740239485 2.414726734161377 9
1744740239509 2.1665902137756348 10
1744740239532 2.5912904739379883 11
1744740239557 2.02146577835083 12
1744740239582 2.4690845012664795 13
1744740239606 2.075801372528076 14
1744740330465 1.9849730730056763 0
1744740330490 2.5935873985290527 1
1744740330515 2.5261056423187256 2
1744740330539 2.4465982913970947 3
1744740330566 2.640577554702759 4
1744740330595 2.5649170875549316 5
1744740330626 2.3260855674743652 6
1744740330654 2.1888349056243896 7
1744740330678 2.0889041423797607 8
1744740330702 2.4148569107055664 9
1744740330727 2.1369595527648926 10
1744740330751 1.7441432476043701 11
1744740330774 1.7827789783477783 12
1744740330800 1.8374238014221191 13
1744740330824 2.0988717079162598 14
1744740419840 2.5677874088287354 0
1744740419875 2.7480573654174805 1
1744740419908 2.713629722595215 2
1744740419938 2.7372472286224365 3
1744740419964 3.0514719486236572 4
1744740419991 2.7556211948394775 5
1744740420021 2.3471767902374268 6
1744740420049 2.8271470069885254 7
1744740420079 2.8308215141296387 8
1744740420108 2.5688512325286865 9
1744740420136 2.6328744888305664 10
1744740420167 2.5098824501037598 11
1744740420195 2.9793317317962646 12
1744740420225 2.4209578037261963 13
1744740420253 2.431731700897217 14
1744740510789 2.6976187229156494 0
1744740510814 2.5564260482788086 1
1744740510839 2.2586092948913574 2
1744740510870 1.917399525642395 3
1744740510895 2.1987667083740234 4
1744740510920 2.5030534267425537 5
1744740510945 2.1771912574768066 6
1744740510972 2.842374563217163 7
1744740510998 2.0442566871643066 8
1744740511036 2.5946779251098633 9
1744740511063 2.229114532470703 10
1744740511089 2.3593640327453613 11
1744740511117 2.3442094326019287 12
1744740511146 2.3239195346832275 13
1744740511177 2.468752384185791 14
1744740598629 2.931316614151001 0
1744740598657 2.6951117515563965 1
1744740598683 2.5807242393493652 2
1744740598711 2.653873920440674 3
1744740598742 2.492495059967041 4
1744740598771 3.351393222808838 5
1744740598799 3.0474419593811035 6
1744740598828 2.8969967365264893 7
1744740598855 2.531345844268799 8
1744740598882 3.3255486488342285 9
1744740598921 3.5590670108795166 10
1744740598949 3.1326513290405273 11
1744740598975 2.878096103668213 12
1744740599002 2.620647668838501 13
1744740599032 3.1951544284820557 14
1744740687958 3.047523260116577 0
1744740688004 2.8375778198242188 1
1744740688053 2.8334314823150635 2
1744740688097 3.375095844268799 3
1744740688142 3.0354676246643066 4
1744740688184 2.9527320861816406 5
1744740688230 2.6096904277801514 6
1744740688269 2.660703420639038 7
1744740688318 1.9849727153778076 8
1744740688375 2.41715669631958 9
1744740688420 2.7115375995635986 10
1744740688473 2.6358449459075928 11
1744740688538 2.1201415061950684 12
1744740688586 2.432426929473877 13
1744740688628 2.263134479522705 14
1744740779725 1.7894885540008545 0
1744740779750 2.301259756088257 1
1744740779775 2.4138433933258057 2
1744740779803 2.6167309284210205 3
1744740779832 2.651789426803589 4
1744740779860 2.329286575317383 5
1744740779890 2.442270040512085 6
1744740779915 2.900538206100464 7
1744740779943 3.075143575668335 8
1744740779982 3.119978427886963 9
1744740780009 3.0263099670410156 10
1744740780036 2.6705784797668457 11
1744740780061 3.223363161087036 12
1744740780085 2.8196871280670166 13
1744740780113 2.7733702659606934 14
1744740874678 3.1540005207061768 0
1744740874703 2.580512523651123 1
1744740874730 2.3519577980041504 2
1744740874757 2.668288230895996 3
1744740874783 2.5672507286071777 4
1744740874807 2.35939621925354 5
1744740874833 2.757019519805908 6
1744740874862 2.8926072120666504 7
1744740874895 2.238985061645508 8
1744740874926 3.3671553134918213 9
1744740874957 3.166900157928467 10
1744740874987 2.8612313270568848 11
1744740875017 2.5406172275543213 12
1744740875048 2.496873617172241 13
1744740875080 3.5549302101135254 14
1744740966537 2.9335756301879883 0
1744740966566 2.520409107208252 1
1744740966599 2.347618818283081 2
1744740966629 2.307025671005249 3
1744740966658 2.996568202972412 4
1744740966688 2.1446738243103027 5
1744740966719 2.720026969909668 6
1744740966751 3.0944483280181885 7
1744740966783 2.728806734085083 8
1744740966815 2.863691806793213 9
1744740966848 2.4310293197631836 10
1744740966882 2.7017335891723633 11
1744740966913 3.040330171585083 12
1744740966943 2.8500828742980957 13
1744740966972 2.713953971862793 14
1744741060948 2.6791791915893555 0
1744741060979 2.849402904510498 1
1744741061010 3.3196933269500732 2
1744741061044 3.4492857456207275 3
1744741061086 3.2579245567321777 4
1744741061120 3.011202573776245 5
1744741061150 3.1941609382629395 6
1744741061181 2.8701465129852295 7
1744741061214 2.7733752727508545 8
1744741061250 3.01766037940979 9
1744741061277 2.730837106704712 10
1744741061302 2.72512149810791 11
1744741061327 2.8351521492004395 12
1744741061352 2.8607773780822754 13
1744741061384 2.793081521987915 14
1744741154604 3.59495210647583 0
1744741154630 2.7295846939086914 1
1744741154654 2.695467948913574 2
1744741154680 3.15088152885437 3
1744741154704 3.34981107711792 4
1744741154730 3.461669921875 5
1744741154755 3.425344944000244 6
1744741154784 3.865844488143921 7
1744741154809 3.6281864643096924 8
1744741154833 3.517333507537842 9
1744741154858 3.0789599418640137 10
1744741154883 3.8816938400268555 11
1744741154909 3.330383777618408 12
1744741154935 3.752965211868286 13
1744741154961 3.4238009452819824 14
1744741244131 3.7993428707122803 0
1744741244160 3.6591098308563232 1
1744741244189 2.9566333293914795 2
1744741244221 2.7681832313537598 3
1744741244253 2.622973918914795 4
1744741244282 2.6464381217956543 5
1744741244310 2.778381109237671 6
1744741244351 2.395629644393921 7
1744741244380 2.811943292617798 8
1744741244409 2.6784732341766357 9
1744741244440 2.5623345375061035 10
1744741244469 2.2784676551818848 11
1744741244497 2.3910789489746094 12
1744741244531 2.354935884475708 13
1744741244562 2.4690167903900146 14
1744741336162 2.196316719055176 0
1744741336193 2.7664875984191895 1
1744741336221 2.8112361431121826 2
1744741336253 2.979278564453125 3
1744741336281 3.0125765800476074 4
1744741336309 2.755730628967285 5
1744741336335 3.541961431503296 6
1744741336362 3.193929433822632 7
1744741336389 3.6489744186401367 8
1744741336417 3.264561653137207 9
1744741336449 3.2937731742858887 10
1744741336476 2.952331304550171 11
1744741336511 3.4237444400787354 12
1744741336544 2.978421211242676 13
1744741336572 3.682675361633301 14
1744741425640 3.882948637008667 0
1744741425670 3.3062667846679688 1
1744741425698 4.002368927001953 2
1744741425727 3.6244027614593506 3
1744741425759 2.8879995346069336 4
1744741425787 3.2135822772979736 5
1744741425825 3.33685302734375 6
1744741425854 2.08506441116333 7
1744741425884 2.7541821002960205 8
1744741425912 2.5014538764953613 9
1744741425941 2.801050901412964 10
1744741425971 2.4027085304260254 11
1744741425999 2.466150999069214 12
1744741426028 2.0926098823547363 13
1744741426059 2.723024606704712 14
1744741515137 2.2332677841186523 0
1744741515162 2.881298542022705 1
1744741515186 3.4227259159088135 2
1744741515209 3.0883829593658447 3
1744741515233 2.6179392337799072 4
1744741515257 2.61275577545166 5
1744741515287 3.5140738487243652 6
1744741515312 2.8486781120300293 7
1744741515336 2.9080605506896973 8
1744741515362 2.969909906387329 9
1744741515397 2.886347770690918 10
1744741515422 3.2556889057159424 11
1744741515446 2.920945405960083 12
1744741515470 2.7454073429107666 13
1744741515495 2.4260213375091553 14
1744741604155 2.879934072494507 0
1744741604185 3.012834072113037 1
1744741604213 3.286757230758667 2
1744741604241 3.9943325519561768 3
1744741604280 3.503727912902832 4
1744741604314 4.069292068481445 5
1744741604342 3.1926608085632324 6
1744741604369 3.071791172027588 7
1744741604398 3.258666753768921 8
1744741604427 3.3722023963928223 9
1744741604457 3.5373737812042236 10
1744741604488 3.5769145488739014 11
1744741604515 2.9415738582611084 12
1744741604542 3.4670474529266357 13
1744741604569 3.531440258026123 14
1744741692647 3.599118947982788 0
1744741692682 3.3704614639282227 1
1744741692716 3.2251434326171875 2
1744741692755 3.1745238304138184 3
1744741692791 3.1229090690612793 4
1744741692825 2.896862030029297 5
1744741692860 3.083829164505005 6
1744741692895 3.3677546977996826 7
1744741692930 2.8746042251586914 8
1744741692976 2.7752184867858887 9
1744741693018 2.706739902496338 10
1744741693059 3.289867401123047 11
1744741693097 3.16324782371521 12
1744741693139 3.2399048805236816 13
1744741693177 2.9193806648254395 14
1744741780194 3.2671914100646973 0
1744741780224 3.222017526626587 1
1744741780253 3.7974345684051514 2
1744741780286 3.461665630340576 3
1744741780317 3.298680543899536 4
1744741780345 4.253267765045166 5
1744741780373 3.721363067626953 6
1744741780400 4.029867649078369 7
1744741780429 3.754750967025757 8
1744741780455 3.0804972648620605 9
1744741780485 3.5627071857452393 10
1744741780512 3.3991518020629883 11
1744741780539 3.4890708923339844 12
1744741780566 3.9111387729644775 13
1744741780593 3.7876648902893066 14
1744741876256 3.3605165481567383 0
1744741876293 3.6931004524230957 1
1744741876333 4.03150749206543 2
1744741876372 3.8636670112609863 3
1744741876409 2.60074520111084 4
1744741876447 3.690185070037842 5
1744741876485 3.0742228031158447 6
1744741876522 3.1811153888702393 7
1744741876557 3.0776913166046143 8
1744741876593 3.4676549434661865 9
1744741876630 3.040114164352417 10
1744741876664 3.9729983806610107 11
1744741876703 3.382786273956299 12
1744741876737 3.5035400390625 13
1744741876778 3.534224033355713 14
1744741966572 3.6577959060668945 0
1744741966597 3.3959035873413086 1
1744741966622 3.072516441345215 2
1744741966646 3.4223175048828125 3
1744741966671 3.5919721126556396 4
1744741966698 3.3618974685668945 5
1744741966722 3.2896854877471924 6
1744741966746 3.2095274925231934 7
1744741966772 3.6956496238708496 8
1744741966797 3.908106565475464 9
1744741966821 3.720536708831787 10
1744741966845 3.655780553817749 11
1744741966869 3.1636404991149902 12
1744741966892 3.9929659366607666 13
1744741966918 3.6996078491210938 14
1744742059031 3.603062152862549 0
1744742059059 4.212019920349121 1
1744742059090 4.589799880981445 2
1744742059122 4.828439712524414 3
1744742059157 4.3902482986450195 4
1744742059184 4.457732677459717 5
1744742059212 5.030998229980469 6
1744742059252 5.178065299987793 7
1744742059280 4.727789878845215 8
1744742059308 4.192090034484863 9
1744742059341 3.8087399005889893 10
1744742059369 4.151542663574219 11
1744742059396 3.4943974018096924 12
1744742059425 4.444159030914307 13
1744742059461 3.3616716861724854 14
