1744733061336 0.6967276334762573 0
1744733061369 0.5986408591270447 1
1744733061411 0.6578900218009949 2
1744733061438 0.6529368758201599 3
1744733061467 0.6619893312454224 4
1744733061494 0.6473561525344849 5
1744733061537 0.6516780257225037 6
1744733061577 0.7097644805908203 7
1744733061619 0.6950457692146301 8
1744733061648 0.5827596187591553 9
1744733061677 0.6214512586593628 10
1744733061705 0.6406081914901733 11
1744733061735 0.666716456413269 12
1744733061765 0.6701522469520569 13
1744733061791 0.5760943293571472 14
1744733160593 0.6607691645622253 0
1744733160619 0.6572110652923584 1
1744733160644 0.6684558391571045 2
1744733160667 0.639887273311615 3
1744733160692 0.650389552116394 4
1744733160721 0.596576988697052 5
1744733160761 0.644757866859436 6
1744733160798 0.6504219770431519 7
1744733160836 0.621143639087677 8
1744733160870 0.6778777241706848 9
1744733160906 0.7430291771888733 10
1744733160945 0.6593318581581116 11
1744733160988 0.6705976128578186 12
1744733161031 0.6865895390510559 13
1744733161071 0.7039738297462463 14
1744733257092 0.5939360857009888 0
1744733257118 0.6727064847946167 1
1744733257145 0.6502061486244202 2
1744733257170 0.6874834895133972 3
1744733257194 0.6810756325721741 4
1744733257219 0.6733474731445312 5
1744733257247 0.6480961441993713 6
1744733257275 0.6609392762184143 7
1744733257331 0.6854769587516785 8
1744733257382 0.5961746573448181 9
1744733257423 0.6097816824913025 10
1744733257482 0.6404208540916443 11
1744733257529 0.6520534753799438 12
1744733257572 0.6738547086715698 13
1744733257622 0.5602219104766846 14
1744733357196 0.6486419439315796 0
1744733357226 0.5976166129112244 1
1744733357255 0.6229925155639648 2
1744733357305 0.6847163438796997 3
1744733357347 0.6720670461654663 4
1744733357392 0.6368771195411682 5
1744733357434 0.6257216334342957 6
1744733357474 0.6596323847770691 7
1744733357517 0.6859459280967712 8
1744733357559 0.6210865378379822 9
1744733357599 0.6320434212684631 10
1744733357640 0.5839084982872009 11
1744733357692 0.6490897536277771 12
1744733357736 0.6556084156036377 13
1744733357774 0.6657674312591553 14
1744733457362 0.6917696595191956 0
1744733457422 0.5901027321815491 1
1744733457486 0.6891708374023438 2
1744733457533 0.5804582834243774 3
1744733457582 0.6621703505516052 4
1744733457629 0.6244353652000427 5
1744733457678 0.6768474578857422 6
1744733457730 0.7183074355125427 7
1744733457792 0.6676813364028931 8
1744733457863 0.5910650491714478 9
1744733457918 0.6686176657676697 10
1744733457972 0.7100844979286194 11
1744733458020 0.6759828925132751 12
1744733458067 0.633119523525238 13
1744733458108 0.7124359607696533 14
1744733565138 0.6697251200675964 0
1744733565186 0.6731563210487366 1
1744733565229 0.6479228138923645 2
1744733565272 0.6036417484283447 3
1744733565320 0.5979627370834351 4
1744733565365 0.6168450713157654 5
1744733565410 0.642532467842102 6
1744733565473 0.6460981965065002 7
1744733565525 0.663723886013031 8
1744733565572 0.6063777208328247 9
1744733565626 0.5496235489845276 10
1744733565675 0.6290023326873779 11
1744733565722 0.6804223656654358 12
1744733565774 0.6709731817245483 13
1744733565823 0.6017665863037109 14
1744733669353 0.7090061902999878 0
1744733669389 0.5793148875236511 1
1744733669426 0.7352722883224487 2
1744733669463 0.8224330544471741 3
1744733669499 0.6743795871734619 4
1744733669538 0.7439377307891846 5
1744733669573 0.7360436916351318 6
1744733669610 0.6819066405296326 7
1744733669656 0.6701809167861938 8
1744733669691 0.7644875645637512 9
1744733669734 0.622090220451355 10
1744733669775 0.6210418343544006 11
1744733669814 0.6179085373878479 12
1744733669856 0.5963563323020935 13
1744733669901 0.5454494953155518 14
1744733772169 0.7345828413963318 0
1744733772225 0.6418659687042236 1
1744733772264 0.6470816731452942 2
1744733772304 0.6515269875526428 3
1744733772344 0.6413081884384155 4
1744733772385 0.6056485176086426 5
1744733772431 0.6757640242576599 6
1744733772473 0.6854833960533142 7
1744733772514 0.6566265821456909 8
1744733772558 0.6683657169342041 9
1744733772596 0.6507574319839478 10
1744733772636 0.6265471577644348 11
1744733772672 0.6757019758224487 12
1744733772709 0.6963640451431274 13
1744733772745 0.7174117565155029 14
1744733874177 0.6124740839004517 0
1744733874213 0.686384916305542 1
1744733874263 0.6744040250778198 2
1744733874305 0.5905953645706177 3
1744733874358 0.6893685460090637 4
1744733874396 0.6460008025169373 5
1744733874435 0.6677641272544861 6
1744733874477 0.6254810094833374 7
1744733874524 0.6873176097869873 8
1744733874571 0.6386385560035706 9
1744733874608 0.6316423416137695 10
1744733874646 0.6421108245849609 11
1744733874682 0.560127317905426 12
1744733874718 0.6577117443084717 13
1744733874760 0.6079357266426086 14
1744733964942 0.5229357481002808 0
1744733964968 0.7461680769920349 1
1744733964993 0.6421418786048889 2
1744733965019 0.5637873411178589 3
1744733965043 0.6610005497932434 4
1744733965067 0.5270606279373169 5
1744733965091 0.7579894661903381 6
1744733965116 0.6240895390510559 7
1744733965142 0.6887319087982178 8
1744733965166 0.7741391658782959 9
1744733965193 0.7121322154998779 10
1744733965217 0.5628125667572021 11
1744733965241 0.6246667504310608 12
1744733965266 0.6238511204719543 13
1744733965290 0.7126243114471436 14
1744734056365 0.6573388576507568 0
1744734056398 0.6601769924163818 1
1744734056425 0.7115463018417358 2
1744734056452 0.6422816514968872 3
1744734056479 0.7662563323974609 4
1744734056507 0.6930418014526367 5
1744734056535 0.71164470911026 6
1744734056564 0.5654675364494324 7
1744734056599 0.7846991419792175 8
1744734056644 0.7193316221237183 9
1744734056685 0.654036283493042 10
1744734056728 0.5426605343818665 11
1744734056770 0.6002768278121948 12
1744734056820 0.7361571192741394 13
1744734056878 0.630036473274231 14
1744734151120 0.5593234300613403 0
1744734151149 0.5886610746383667 1
1744734151192 0.6364781260490417 2
1744734151222 0.6505933403968811 3
1744734151251 0.6389398574829102 4
1744734151287 0.5708024501800537 5
1744734151318 0.7337691783905029 6
1744734151346 0.5510911345481873 7
1744734151375 0.6864408254623413 8
1744734151403 0.600473165512085 9
1744734151433 0.8290008902549744 10
1744734151466 0.6260757446289062 11
1744734151494 0.7135269641876221 12
1744734151523 0.6320769786834717 13
1744734151553 0.6196200847625732 14
1744734243239 0.6694818735122681 0
1744734243287 0.6007802486419678 1
1744734243331 0.5683714747428894 2
1744734243377 0.6643555164337158 3
1744734243425 0.6768803000450134 4
1744734243472 0.6934697031974792 5
1744734243510 0.5547905564308167 6
1744734243548 0.6629499197006226 7
1744734243587 0.6377233266830444 8
1744734243626 0.7167587280273438 9
1744734243666 0.6328073740005493 10
1744734243707 0.8202874064445496 11
1744734243738 0.545366108417511 12
1744734243764 0.7410523295402527 13
1744734243790 0.6837171316146851 14
1744734332699 0.8005351424217224 0
1744734332726 0.7023112177848816 1
1744734332755 0.7107841968536377 2
1744734332784 0.7718982100486755 3
1744734332814 0.6336668729782104 4
1744734332842 0.6170613169670105 5
1744734332873 0.6613379120826721 6
1744734332901 0.5821171998977661 7
1744734332928 0.8041473031044006 8
1744734332958 0.7238126993179321 9
1744734332985 0.638892412185669 10
1744734333014 0.7054513692855835 11
1744734333041 0.6454054117202759 12
1744734333069 0.5358816385269165 13
1744734333099 0.6705296635627747 14
1744734422776 0.5966772437095642 0
1744734422804 0.7079032063484192 1
1744734422837 0.6768919229507446 2
1744734422881 0.6496912837028503 3
1744734422921 0.707842230796814 4
1744734422961 0.5514803528785706 5
1744734423006 0.671676754951477 6
1744734423052 0.6230504512786865 7
1744734423093 0.6557663679122925 8
1744734423137 0.5816951990127563 9
1744734423180 0.6284242272377014 10
1744734423237 0.6220667958259583 11
1744734423277 0.6078898906707764 12
1744734423322 0.5949339270591736 13
1744734423362 0.637491762638092 14
1744734515197 0.6462997198104858 0
1744734515224 0.6137010455131531 1
1744734515251 0.7452167272567749 2
1744734515281 0.6172019243240356 3
1744734515308 0.7067002654075623 4
1744734515338 0.7679787874221802 5
1744734515367 0.7669203877449036 6
1744734515395 0.6906899213790894 7
1744734515423 0.7204176187515259 8
1744734515450 0.5755690336227417 9
1744734515478 0.6661898493766785 10
1744734515504 0.6246049404144287 11
1744734515530 0.5165485143661499 12
1744734515557 0.5620856881141663 13
1744734515584 0.6133665442466736 14
1744734604344 0.5917267203330994 0
1744734604371 0.6352010369300842 1
1744734604399 0.5851274728775024 2
1744734604424 0.7321903705596924 3
1744734604449 0.7329874634742737 4
1744734604474 0.5411176085472107 5
1744734604498 0.6554466485977173 6
1744734604522 0.5839194655418396 7
1744734604548 0.6593773365020752 8
1744734604573 0.6397351622581482 9
1744734604597 0.6400420665740967 10
1744734604623 0.5998242497444153 11
1744734604647 0.5910696387290955 12
1744734604671 0.6330560445785522 13
1744734604695 0.6502513885498047 14
1744734693232 0.6785668730735779 0
1744734693272 0.6653355360031128 1
1744734693308 0.6122455596923828 2
1744734693343 0.5788394212722778 3
1744734693381 0.5782762765884399 4
1744734693420 0.5764971971511841 5
1744734693460 0.6164879202842712 6
1744734693495 0.5990865230560303 7
1744734693531 0.6603308320045471 8
1744734693566 0.5924220085144043 9
1744734693602 0.4952198266983032 10
1744734693644 0.6312913298606873 11
1744734693686 0.5893903374671936 12
1744734693733 0.6215234398841858 13
1744734693776 0.612406313419342 14
1744734785688 0.5763251185417175 0
1744734785716 0.7442466020584106 1
1744734785744 0.6270055174827576 2
1744734785770 0.6808106899261475 3
1744734785796 0.6637194156646729 4
1744734785827 0.6008431911468506 5
1744734785854 0.5510516166687012 6
1744734785880 0.515694260597229 7
1744734785907 0.6161383390426636 8
1744734785934 0.6127598285675049 9
1744734785960 0.6377223134040833 10
1744734785989 0.6658109426498413 11
1744734786018 0.8158063292503357 12
1744734786054 0.7945791482925415 13
1744734786087 0.6851768493652344 14
1744734875973 0.7887992262840271 0
1744734876020 0.6629480719566345 1
1744734876062 0.7939745783805847 2
1744734876108 0.6991853713989258 3
1744734876160 0.6483084559440613 4
1744734876214 0.7166332602500916 5
1744734876261 0.6794071197509766 6
1744734876300 0.5745916962623596 7
1744734876338 0.6038927435874939 8
1744734876379 0.5565285086631775 9
1744734876420 0.5643367171287537 10
1744734876462 0.6543464660644531 11
1744734876499 0.6255674958229065 12
1744734876540 0.750531792640686 13
1744734876577 0.5007043480873108 14
1744734967513 0.5403636693954468 0
1744734967539 0.6309255957603455 1
1744734967563 0.6447973847389221 2
1744734967589 0.5860306620597839 3
1744734967619 0.646596372127533 4
1744734967650 0.7454415559768677 5
1744734967675 0.5567039251327515 6
1744734967699 0.5527323484420776 7
1744734967723 0.5613438487052917 8
1744734967748 0.5651004314422607 9
1744734967775 0.7159947752952576 10
1744734967799 0.5870310068130493 11
1744734967822 0.5310781002044678 12
1744734967846 0.7372707724571228 13
1744734967872 0.6185089945793152 14
1744735056380 0.4362967610359192 0
1744735056418 0.6856335997581482 1
1744735056444 0.584000825881958 2
1744735056468 0.6493203043937683 3
1744735056491 0.8522172570228577 4
1744735056516 0.7117841243743896 5
1744735056546 0.6228848695755005 6
1744735056573 0.7821375727653503 7
1744735056599 0.5804252028465271 8
1744735056627 0.4836130738258362 9
1744735056654 0.7308170795440674 10
1744735056680 0.7263624668121338 11
1744735056707 0.4654514491558075 12
1744735056734 0.582094132900238 13
1744735056764 0.6667717695236206 14
1744735147339 0.5225062966346741 0
1744735147371 0.5213233232498169 1
1744735147402 0.5846221446990967 2
1744735147431 0.6097191572189331 3
1744735147471 0.5707515478134155 4
1744735147499 0.7439883947372437 5
1744735147528 0.4968603551387787 6
1744735147556 0.6140358448028564 7
1744735147585 0.6007972955703735 8
1744735147614 0.7316948771476746 9
1744735147641 0.7323507070541382 10
1744735147669 0.49827635288238525 11
1744735147697 0.8510959148406982 12
1744735147728 0.6605306267738342 13
1744735147755 0.6368945837020874 14
1744735236217 0.5648216009140015 0
1744735236240 0.6293416619300842 1
1744735236266 0.6488436460494995 2
1744735236291 0.5270024538040161 3
1744735236315 0.5597125291824341 4
1744735236339 0.6037724018096924 5
1744735236366 0.7702677845954895 6
1744735236390 0.6064493656158447 7
1744735236415 0.5739964842796326 8
1744735236439 0.5829433798789978 9
1744735236464 0.5004031658172607 10
1744735236488 0.4525448977947235 11
1744735236511 0.7555199861526489 12
1744735236535 0.6047346591949463 13
1744735236566 0.7395712733268738 14
1744735323422 0.6072275042533875 0
1744735323450 0.6161425113677979 1
1744735323478 0.6821534037590027 2
1744735323505 0.6830733418464661 3
1744735323531 0.6809453964233398 4
1744735323558 0.5824936628341675 5
1744735323586 0.6760990619659424 6
1744735323614 0.6252238750457764 7
1744735323642 0.513191819190979 8
1744735323672 0.559912383556366 9
1744735323703 0.5867952704429626 10
1744735323740 0.5893007516860962 11
1744735323771 0.5849828124046326 12
1744735323799 0.6702589392662048 13
1744735323826 0.639339029788971 14
1744735413876 0.5917255878448486 0
1744735413907 0.5796366930007935 1
1744735413935 0.5676978826522827 2
1744735413965 0.5983802676200867 3
1744735413992 0.8274616599082947 4
1744735414019 0.6443130970001221 5
1744735414046 0.7511021494865417 6
1744735414075 0.50278639793396 7
1744735414104 0.709446907043457 8
1744735414132 0.6211202144622803 9
1744735414160 0.5938406586647034 10
1744735414187 0.73964524269104 11
1744735414216 0.5891402959823608 12
1744735414243 0.7202710509300232 13
1744735414273 0.7081790566444397 14
1744735502851 0.7267736196517944 0
1744735502880 0.55047607421875 1
1744735502903 0.5832065939903259 2
1744735502929 0.6722150444984436 3
1744735502957 0.8539753556251526 4
1744735502986 0.6636256575584412 5
1744735503015 0.7283964157104492 6
1744735503044 0.7065695524215698 7
1744735503073 0.6099314093589783 8
1744735503100 0.6865248084068298 9
1744735503126 0.649691641330719 10
1744735503150 0.7284813523292542 11
1744735503175 0.5616855025291443 12
1744735503199 0.532285213470459 13
1744735503223 0.8105963468551636 14
1744735593946 0.4901508092880249 0
1744735593983 0.6612218022346497 1
1744735594028 0.659265398979187 2
1744735594069 0.6294308304786682 3
1744735594109 0.6266193985939026 4
1744735594154 0.6991738080978394 5
1744735594200 0.702154278755188 6
1744735594262 0.6570399403572083 7
1744735594315 0.7932078242301941 8
1744735594361 0.5948519706726074 9
1744735594406 0.7212616205215454 10
1744735594447 0.47237837314605713 11
1744735594488 0.5925139784812927 12
1744735594529 0.7007983326911926 13
1744735594569 0.6601370573043823 14
1744735684288 0.5326778888702393 0
1744735684317 0.5860692858695984 1
1744735684344 0.5565809607505798 2
1744735684375 0.5595741868019104 3
1744735684405 0.5399865508079529 4
1744735684445 0.5735752582550049 5
1744735684474 0.8398138284683228 6
1744735684503 0.6040756702423096 7
1744735684531 0.6122281551361084 8
1744735684558 0.5889022946357727 9
1744735684588 0.7120182514190674 10
1744735684617 0.7393760681152344 11
1744735684648 0.670758843421936 12
1744735684675 0.6322394013404846 13
1744735684706 0.6019188761711121 14
1744735773526 0.7431506514549255 0
1744735773567 0.6239251494407654 1
1744735773621 0.679500162601471 2
1744735773663 0.7671096324920654 3
1744735773705 0.5795814394950867 4
1744735773748 0.7650102972984314 5
1744735773788 0.5564129948616028 6
1744735773830 0.6139461994171143 7
1744735773872 0.6125112771987915 8
1744735773915 0.7445200681686401 9
1744735773962 0.46289125084877014 10
1744735774013 0.6533292531967163 11
1744735774061 0.7054827809333801 12
1744735774114 0.7185099124908447 13
1744735774159 0.5222564339637756 14
1744735863267 0.6800214052200317 0
1744735863294 0.7677644491195679 1
1744735863321 0.6977742314338684 2
1744735863347 0.6425701975822449 3
1744735863379 0.6542359590530396 4
1744735863407 0.680141031742096 5
1744735863439 0.9046472907066345 6
1744735863464 0.6238234043121338 7
1744735863488 0.599336564540863 8
1744735863512 0.7101593017578125 9
1744735863536 0.6872065663337708 10
1744735863572 0.8014542460441589 11
1744735863596 0.6990808248519897 12
1744735863622 0.6504434943199158 13
1744735863651 0.7274672985076904 14
1744735958024 0.6961851119995117 0
1744735958049 0.6126776337623596 1
1744735958074 0.6123394966125488 2
1744735958099 0.7381293177604675 3
1744735958122 0.6579902172088623 4
1744735958147 0.6980419754981995 5
1744735958172 0.5741503834724426 6
1744735958197 0.6378612518310547 7
1744735958223 0.6141462922096252 8
1744735958251 0.6523908972740173 9
1744735958277 0.4473503828048706 10
1744735958303 0.5740299820899963 11
1744735958328 0.6518883109092712 12
1744735958353 0.5665631890296936 13
1744735958389 0.5220789313316345 14
1744736046173 0.6481394171714783 0
1744736046198 0.6588480472564697 1
1744736046224 0.6924368143081665 2
1744736046249 0.5441280603408813 3
1744736046275 0.6835852861404419 4
1744736046300 0.6644014716148376 5
1744736046328 0.5345059633255005 6
1744736046353 0.6751205921173096 7
1744736046377 0.5862982273101807 8
1744736046402 0.6777051687240601 9
1744736046428 0.7664713263511658 10
1744736046455 0.7154436707496643 11
1744736046480 0.5567876100540161 12
1744736046506 0.6129003167152405 13
1744736046533 0.6437612175941467 14
1744736135642 0.5851264595985413 0
1744736135677 0.5876469016075134 1
1744736135713 0.650529146194458 2
1744736135747 0.4837016463279724 3
1744736135786 0.5459225177764893 4
1744736135824 0.6862302422523499 5
1744736135866 0.567999005317688 6
1744736135907 0.7307137846946716 7
1744736135948 0.5554955005645752 8
1744736135985 0.5969798564910889 9
1744736136026 0.6047052145004272 10
1744736136076 0.6394980549812317 11
1744736136112 0.693837583065033 12
1744736136151 0.6898413300514221 13
1744736136188 0.6318193674087524 14
1744736227039 0.5784788727760315 0
1744736227067 0.6804139614105225 1
1744736227104 0.5549806356430054 2
1744736227133 0.6379032731056213 3
1744736227158 0.6879345178604126 4
1744736227185 0.5610089898109436 5
1744736227210 0.6020228862762451 6
1744736227233 0.7687374353408813 7
1744736227258 0.76018226146698 8
1744736227283 0.5713380575180054 9
1744736227309 0.7723904848098755 10
1744736227332 0.6115474104881287 11
1744736227357 0.7170943021774292 12
1744736227384 0.6316242814064026 13
1744736227408 0.7431643605232239 14
1744736320354 0.5875146985054016 0
1744736320392 0.544251561164856 1
1744736320425 0.6705026030540466 2
1744736320456 0.6080670356750488 3
1744736320492 0.6174158453941345 4
1744736320521 0.7274300456047058 5
1744736320551 0.7315381169319153 6
1744736320581 0.8593227863311768 7
1744736320615 0.5693000555038452 8
1744736320645 0.6956875920295715 9
1744736320677 0.6746959686279297 10
1744736320706 0.57340407371521 11
1744736320738 0.5326235294342041 12
1744736320770 0.772895872592926 13
1744736320804 0.6459408402442932 14
1744736411160 0.6668252348899841 0
1744736411186 0.7550989389419556 1
1744736411211 0.6358978748321533 2
1744736411247 0.5604977011680603 3
1744736411271 0.7023887634277344 4
1744736411295 0.7546206116676331 5
1744736411319 0.6086676120758057 6
1744736411344 0.6131593585014343 7
1744736411369 0.6653177738189697 8
1744736411394 0.5333210229873657 9
1744736411418 0.6918594837188721 10
1744736411444 0.6775926351547241 11
1744736411471 0.5937586426734924 12
1744736411497 0.5771567821502686 13
1744736411523 0.779278039932251 14
1744736503119 0.6319388747215271 0
1744736503147 0.7063852548599243 1
1744736503172 0.5558510422706604 2
1744736503199 0.6753793358802795 3
1744736503224 0.8466498851776123 4
1744736503251 0.5797926187515259 5
1744736503280 0.7013921737670898 6
1744736503310 0.5263059139251709 7
1744736503338 0.6839650869369507 8
1744736503366 0.6087680459022522 9
1744736503395 0.5864429473876953 10
1744736503422 0.7283068895339966 11
1744736503451 0.6043107509613037 12
1744736503479 0.75306236743927 13
1744736503510 0.5897529125213623 14
1744736591875 0.7349684238433838 0
1744736591900 0.5858473181724548 1
1744736591925 0.7290546894073486 2
1744736591950 0.6569066643714905 3
1744736591975 0.5120665431022644 4
1744736592000 0.6237053275108337 5
1744736592029 0.7177976965904236 6
1744736592066 0.5930001139640808 7
1744736592095 0.5587384700775146 8
1744736592120 0.5790878534317017 9
1744736592144 0.6430514454841614 10
1744736592169 0.6181418895721436 11
1744736592205 0.6927942037582397 12
1744736592245 0.7079907059669495 13
1744736592283 0.651082456111908 14
1744736682584 0.6299282908439636 0
1744736682624 0.6662936806678772 1
1744736682649 0.7298288941383362 2
1744736682673 0.7530815601348877 3
1744736682697 0.6127195358276367 4
1744736682722 0.6121535897254944 5
1744736682748 0.637752890586853 6
1744736682772 0.7080504894256592 7
1744736682798 0.7089025974273682 8
1744736682826 0.5760040879249573 9
1744736682854 0.7546872496604919 10
1744736682882 0.6156339645385742 11
1744736682909 0.6544132232666016 12
1744736682936 0.6937633752822876 13
1744736682962 0.5858016610145569 14
1744736770835 0.6724233031272888 0
1744736770863 0.6339146494865417 1
1744736770887 0.7029546499252319 2
1744736770911 0.7325857877731323 3
1744736770936 0.6960560083389282 4
1744736770963 0.9079056978225708 5
1744736770987 0.8673343658447266 6
1744736771012 0.469991534948349 7
1744736771036 0.6112250089645386 8
1744736771061 0.6183237433433533 9
1744736771085 0.6439819931983948 10
1744736771109 0.7475862503051758 11
1744736771132 0.6317999362945557 12
1744736771159 0.6503391265869141 13
1744736771183 0.5240163207054138 14
1744736860067 0.6409499645233154 0
1744736860095 0.8444629907608032 1
1744736860128 0.7900915741920471 2
1744736860158 0.6883416771888733 3
1744736860186 0.7554320693016052 4
1744736860215 0.6694773435592651 5
1744736860242 0.7449339628219604 6
1744736860270 0.5744171738624573 7
1744736860296 0.584213137626648 8
1744736860324 0.5385084748268127 9
1744736860352 0.5795453190803528 10
1744736860378 0.47572261095046997 11
1744736860405 0.6961368322372437 12
1744736860433 0.5885757803916931 13
1744736860460 0.5622832775115967 14
1744736948317 0.6648651361465454 0
1744736948351 0.7137594819068909 1
1744736948386 0.6858959794044495 2
1744736948411 0.6979576945304871 3
1744736948435 0.6237182021141052 4
1744736948462 0.7748389840126038 5
1744736948487 0.6725285053253174 6
1744736948510 0.7368354201316833 7
1744736948534 0.6521031856536865 8
1744736948557 0.5973736643791199 9
1744736948581 0.5696019530296326 10
1744736948605 0.5988630652427673 11
1744736948630 0.5910626649856567 12
1744736948655 0.5568069219589233 13
1744736948681 0.6434198021888733 14
1744737034954 0.7412354350090027 0
1744737034991 0.5951693654060364 1
1744737035040 0.5665048360824585 2
1744737035080 0.598362147808075 3
1744737035125 0.8289775848388672 4
1744737035163 0.6221523880958557 5
1744737035200 0.6081287860870361 6
1744737035238 0.7772313356399536 7
1744737035275 0.6196900606155396 8
1744737035316 0.6814571022987366 9
1744737035361 0.5893831849098206 10
1744737035410 0.6730921864509583 11
1744737035450 0.6885111331939697 12
1744737035488 0.7763921022415161 13
1744737035527 0.5406877994537354 14
1744737125469 0.6871522068977356 0
1744737125494 0.7107587456703186 1
1744737125520 0.6971737146377563 2
1744737125545 0.7041874527931213 3
1744737125569 0.805037796497345 4
1744737125593 0.6829524636268616 5
1744737125619 0.6999558806419373 6
1744737125645 0.5053473711013794 7
1744737125670 0.653853178024292 8
1744737125695 0.5132918953895569 9
1744737125721 0.6866204738616943 10
1744737125746 0.6346305012702942 11
1744737125770 0.5885033011436462 12
1744737125794 0.775692343711853 13
1744737125819 0.7079022526741028 14
1744737213328 0.649673342704773 0
1744737213353 0.5327800512313843 1
1744737213381 0.5949921607971191 2
1744737213407 0.6235325932502747 3
1744737213431 0.5808302164077759 4
1744737213458 0.6560680866241455 5
1744737213483 0.5644075870513916 6
1744737213507 0.5292959809303284 7
1744737213532 0.5357827544212341 8
1744737213557 0.6557497382164001 9
1744737213582 0.685924232006073 10
1744737213606 0.6670620441436768 11
1744737213631 0.6215115785598755 12
1744737213657 0.7266215682029724 13
1744737213681 0.5153627991676331 14
1744737304280 0.5849980115890503 0
1744737304308 0.6512393355369568 1
1744737304336 0.7138286232948303 2
1744737304366 0.5394888520240784 3
1744737304401 0.7787435054779053 4
1744737304430 0.5824564695358276 5
1744737304462 0.7451005578041077 6
1744737304489 0.5693613886833191 7
1744737304517 0.7263389825820923 8
1744737304544 0.6832937002182007 9
1744737304573 0.6106148958206177 10
1744737304603 0.690656304359436 11
1744737304632 0.6043757796287537 12
1744737304659 0.4609273076057434 13
1744737304689 0.628974199295044 14
1744737393007 0.6537444591522217 0
1744737393034 0.7128271460533142 1
1744737393058 0.6472660303115845 2
1744737393082 0.7111214399337769 3
1744737393107 0.5692926049232483 4
1744737393136 0.7204824686050415 5
1744737393162 0.6034016013145447 6
1744737393187 0.7383025288581848 7
1744737393211 0.7260017395019531 8
1744737393236 0.6204370856285095 9
1744737393261 0.6242105960845947 10
1744737393286 0.6736273169517517 11
1744737393315 0.6582289934158325 12
1744737393342 0.708432137966156 13
1744737393372 0.7163885831832886 14
1744737483145 0.5856562256813049 0
1744737483180 0.6441436409950256 1
1744737483207 0.6721992492675781 2
1744737483232 0.8922866582870483 3
1744737483260 0.780741274356842 4
1744737483289 0.6695548295974731 5
1744737483313 0.6469918489456177 6
1744737483338 0.5589596033096313 7
1744737483363 0.5999264121055603 8
1744737483387 0.6978759169578552 9
1744737483416 0.7018937468528748 10
1744737483445 0.8472395539283752 11
1744737483474 0.5978453755378723 12
1744737483508 0.7023029923439026 13
1744737483536 0.8070881366729736 14
1744737572493 0.547605037689209 0
1744737572520 0.5682724714279175 1
1744737572549 0.6920874714851379 2
1744737572576 0.7425341010093689 3
1744737572603 0.6798012256622314 4
1744737572630 0.6074022054672241 5
1744737572656 0.7043091058731079 6
1744737572687 0.7120481133460999 7
1744737572716 0.7690991759300232 8
1744737572754 0.7035267353057861 9
1744737572786 0.7927757501602173 10
1744737572814 0.5262563228607178 11
1744737572842 0.5567763447761536 12
1744737572872 0.5313060283660889 13
1744737572898 0.6171699166297913 14
1744737662822 0.5573380589485168 0
1744737662847 0.7298403382301331 1
1744737662881 0.7469004392623901 2
1744737662904 0.6016684174537659 3
1744737662931 0.7320656180381775 4
1744737662954 0.7440236806869507 5
1744737662979 0.6391036510467529 6
1744737663004 0.6928953528404236 7
1744737663032 0.6870874166488647 8
1744737663058 0.6813938617706299 9
1744737663083 0.7730467319488525 10
1744737663108 0.5598533749580383 11
1744737663133 0.6392760872840881 12
1744737663157 0.769584596157074 13
1744737663181 0.6208391189575195 14
1744737750183 0.7345574498176575 0
1744737750211 0.6900137662887573 1
1744737750237 0.607907235622406 2
1744737750265 0.6382921934127808 3
1744737750292 0.6317482590675354 4
1744737750321 0.761791467666626 5
1744737750348 0.645630955696106 6
1744737750379 0.6832647919654846 7
1744737750406 0.7265452742576599 8
1744737750434 0.7459385395050049 9
1744737750462 0.601259708404541 10
1744737750495 0.5709377527236938 11
1744737750528 0.7275266051292419 12
1744737750559 0.6290167570114136 13
1744737750587 0.6511620283126831 14
1744737837851 0.7217776775360107 0
1744737837878 0.6971334218978882 1
1744737837904 0.6568838357925415 2
1744737837933 0.7818629145622253 3
1744737837959 0.7380856871604919 4
1744737837985 0.6516919732093811 5
1744737838014 0.6583262085914612 6
1744737838044 0.6467640399932861 7
1744737838071 0.6832252740859985 8
1744737838098 0.6395354866981506 9
1744737838126 0.571272611618042 10
1744737838153 0.7286940813064575 11
1744737838180 0.6035130023956299 12
1744737838207 0.6111541986465454 13
1744737838236 0.6792930960655212 14
1744737926218 0.6990556716918945 0
1744737926244 0.5717133283615112 1
1744737926278 0.7021105289459229 2
1744737926309 0.7054213285446167 3
1744737926337 0.612079381942749 4
1744737926365 0.5858432054519653 5
1744737926392 0.8261431455612183 6
1744737926420 0.49207499623298645 7
1744737926448 0.7246185541152954 8
1744737926475 0.6563460826873779 9
1744737926502 0.6010227203369141 10
1744737926528 0.5888404846191406 11
1744737926554 0.8200172185897827 12
1744737926585 0.7301830053329468 13
1744737926613 0.6367723941802979 14
1744738014921 0.6688801050186157 0
1744738014946 0.6680488586425781 1
1744738014972 0.6930437088012695 2
1744738015003 0.6239920854568481 3
1744738015030 0.6389104127883911 4
1744738015058 0.7623074054718018 5
1744738015084 0.7681401371955872 6
1744738015110 0.628937304019928 7
1744738015138 0.655584454536438 8
1744738015168 0.8320942521095276 9
1744738015214 0.6604530811309814 10
1744738015242 0.5241760611534119 11
1744738015275 0.6453945636749268 12
1744738015303 0.6009632349014282 13
1744738015329 0.6211850643157959 14
1744738102120 0.9068183898925781 0
1744738102161 0.6875475645065308 1
1744738102208 0.8412625193595886 2
1744738102245 0.7910534143447876 3
1744738102287 0.6002366542816162 4
1744738102324 0.757436990737915 5
1744738102363 0.6876175403594971 6
1744738102414 0.6768598556518555 7
1744738102462 0.6736170649528503 8
1744738102508 0.6217095255851746 9
1744738102552 0.5978941917419434 10
1744738102596 0.7076704502105713 11
1744738102636 0.7998253107070923 12
1744738102680 0.641718327999115 13
1744738102719 0.5617008805274963 14
1744738190463 0.7030255198478699 0
1744738190487 0.7078759670257568 1
1744738190510 0.943086564540863 2
1744738190534 0.7183506488800049 3
1744738190559 0.6581556797027588 4
1744738190583 0.7226634621620178 5
1744738190606 0.7802047729492188 6
1744738190630 0.7877929210662842 7
1744738190654 0.7480169534683228 8
1744738190680 0.6502581238746643 9
1744738190703 0.7490129470825195 10
1744738190728 0.907462477684021 11
1744738190751 0.846337616443634 12
1744738190782 0.7414745688438416 13
1744738190810 0.78835529088974 14
1744738277024 0.6660551428794861 0
1744738277048 0.799432635307312 1
1744738277072 0.6133358478546143 2
1744738277096 0.6599376201629639 3
1744738277123 0.6596593856811523 4
1744738277147 0.7628841400146484 5
1744738277173 0.6559895873069763 6
1744738277199 0.6707497835159302 7
1744738277223 0.6320189237594604 8
1744738277247 0.7243149280548096 9
1744738277273 0.7272137403488159 10
1744738277297 0.7905542850494385 11
1744738277325 0.9469983577728271 12
1744738277361 1.004400372505188 13
1744738277386 0.6870577335357666 14
1744738366685 0.7734381556510925 0
1744738366735 0.8825153708457947 1
1744738366776 0.8150933980941772 2
1744738366816 0.7218498587608337 3
1744738366855 0.6483374238014221 4
1744738366894 0.698595404624939 5
1744738366933 0.8210778832435608 6
1744738366969 0.7562084197998047 7
1744738366994 0.9557065963745117 8
1744738367019 0.7638047933578491 9
1744738367050 0.6560953855514526 10
1744738367075 0.7597453594207764 11
1744738367099 0.8501909971237183 12
1744738367124 0.8798809051513672 13
1744738367148 0.6560105085372925 14
1744738454981 1.2225736379623413 0
1744738455021 0.6614789366722107 1
1744738455047 0.8333533406257629 2
1744738455075 0.642005980014801 3
1744738455102 0.8904559016227722 4
1744738455135 0.7814637422561646 5
1744738455169 0.5403931140899658 6
1744738455198 0.7386919260025024 7
1744738455223 0.8514309525489807 8
1744738455246 0.7441181540489197 9
1744738455281 0.6600220203399658 10
1744738455307 0.8634415864944458 11
1744738455332 0.8597118854522705 12
1744738455356 0.7842071056365967 13
1744738455386 0.871923565864563 14
1744738541350 0.7777988910675049 0
1744738541377 0.7331529855728149 1
1744738541404 0.8473174571990967 2
1744738541428 0.7553044557571411 3
1744738541453 0.5227269530296326 4
1744738541478 0.9275494813919067 5
1744738541502 0.7448016405105591 6
1744738541525 0.6309270262718201 7
1744738541551 0.7641445994377136 8
1744738541575 0.6301313042640686 9
1744738541598 0.7991535663604736 10
1744738541623 0.8803488612174988 11
1744738541647 0.9267524480819702 12
1744738541671 1.018698811531067 13
1744738541697 0.6394204497337341 14
1744738632004 0.8041642308235168 0
1744738632031 0.5508778095245361 1
1744738632059 0.6629847288131714 2
1744738632087 0.8255952000617981 3
1744738632116 0.6972025632858276 4
1744738632149 0.8101009726524353 5
1744738632178 0.8898044228553772 6
1744738632209 0.7572812438011169 7
1744738632246 0.7176170945167542 8
1744738632273 0.8389569520950317 9
1744738632300 0.7002509236335754 10
1744738632327 0.7463138103485107 11
1744738632357 0.8626168370246887 12
1744738632384 1.0685036182403564 13
1744738632411 0.7524241209030151 14
1744738721011 0.6886085867881775 0
1744738721036 0.6836678385734558 1
1744738721061 0.6933314800262451 2
1744738721085 0.9801530241966248 3
1744738721110 0.7449055910110474 4
1744738721134 0.808291494846344 5
1744738721164 0.7787166237831116 6
1744738721198 0.7413855195045471 7
1744738721229 0.612810492515564 8
1744738721260 0.8854377269744873 9
1744738721286 0.6999533176422119 10
1744738721310 1.0193122625350952 11
1744738721334 0.6369553804397583 12
1744738721360 0.8879531025886536 13
1744738721385 0.6766881346702576 14
1744738810833 0.8438922166824341 0
1744738810879 1.0537947416305542 1
1744738810919 0.6621602773666382 2
1744738810960 0.7377600073814392 3
1744738811004 0.7491278052330017 4
1744738811047 0.7287445068359375 5
1744738811092 0.8342127203941345 6
1744738811147 0.8058294653892517 7
1744738811185 0.9736137390136719 8
1744738811223 0.9511296153068542 9
1744738811264 0.74212646484375 10
1744738811317 0.6322454214096069 11
1744738811357 0.8910650014877319 12
1744738811395 0.5732991695404053 13
1744738811434 0.884730875492096 14
1744738898894 0.923528254032135 0
1744738898920 0.7682090997695923 1
1744738898944 0.8029242753982544 2
1744738898968 0.6919068098068237 3
1744738898994 0.8375311493873596 4
1744738899019 0.8463742733001709 5
1744738899045 0.7858238220214844 6
1744738899071 0.8797271251678467 7
1744738899102 0.7196829915046692 8
1744738899126 0.5681176781654358 9
1744738899151 0.8045974969863892 10
1744738899176 0.6982578635215759 11
1744738899200 0.6057307720184326 12
1744738899226 0.8401396870613098 13
1744738899253 0.9424554109573364 14
1744738987837 0.7804471254348755 0
1744738987879 1.0329725742340088 1
1744738987908 0.6191434264183044 2
1744738987936 0.9670426845550537 3
1744738987966 0.7922942638397217 4
1744738987994 0.5926999449729919 5
1744738988023 0.9587439298629761 6
1744738988052 1.1725795269012451 7
1744738988079 0.7207970023155212 8
1744738988108 0.6515883207321167 9
1744738988135 0.5852498412132263 10
1744738988164 0.9004815220832825 11
1744738988192 0.9333254098892212 12
1744738988219 1.0547709465026855 13
1744738988247 0.7450641393661499 14
1744739078171 0.8161029815673828 0
1744739078195 1.0160143375396729 1
1744739078219 0.6629821062088013 2
1744739078243 1.033778190612793 3
1744739078267 0.8000310063362122 4
1744739078298 0.8293307423591614 5
1744739078326 0.9947245717048645 6
1744739078353 0.7136650681495667 7
1744739078378 0.6908953785896301 8
1744739078402 1.0524150133132935 9
1744739078425 0.7697049379348755 10
1744739078448 0.8174217939376831 11
1744739078472 0.9674866795539856 12
1744739078498 0.7877795696258545 13
1744739078521 0.8915954828262329 14
1744739166403 0.5578347444534302 0
1744739166428 0.7348166704177856 1
1744739166457 0.8171979188919067 2
1744739166485 0.9987665414810181 3
1744739166511 0.7698466777801514 4
1744739166542 0.8658024072647095 5
1744739166567 0.9688701033592224 6
1744739166593 0.8914968967437744 7
1744739166625 0.7131253480911255 8
1744739166662 0.933579683303833 9
1744739166686 0.9087128043174744 10
1744739166711 0.7476797103881836 11
1744739166736 1.0553405284881592 12
1744739166760 0.9765831828117371 13
1744739166785 0.755276083946228 14
1744739256827 0.8673701882362366 0
1744739256868 1.1193357706069946 1
1744739256908 0.7764655351638794 2
1744739256947 1.1733574867248535 3
1744739256988 1.0703322887420654 4
1744739257031 0.9036616086959839 5
1744739257071 1.0353738069534302 6
1744739257116 0.9726732969284058 7
1744739257158 0.7767530679702759 8
1744739257209 1.1034111976623535 9
1744739257249 1.0895930528640747 10
1744739257288 1.0926339626312256 11
1744739257329 0.8361278176307678 12
1744739257368 0.7384058833122253 13
1744739257416 0.9843224287033081 14
1744739345651 1.109620451927185 0
1744739345675 0.855126678943634 1
1744739345700 1.0831393003463745 2
1744739345725 1.1349669694900513 3
1744739345753 1.0127170085906982 4
1744739345780 0.9295201897621155 5
1744739345805 0.7381880879402161 6
1744739345829 1.1916133165359497 7
1744739345853 0.7801291346549988 8
1744739345877 1.1934754848480225 9
1744739345901 1.036348581314087 10
1744739345926 0.82030189037323 11
1744739345951 0.9109294414520264 12
1744739345975 0.687224268913269 13
1744739345999 0.7776317596435547 14
1744739433734 0.7809766530990601 0
1744739433759 0.7741938233375549 1
1744739433784 0.8449032306671143 2
1744739433808 1.1980063915252686 3
1744739433835 1.1171786785125732 4
1744739433859 1.1515662670135498 5
1744739433884 0.7408148646354675 6
1744739433909 0.9826253652572632 7
1744739433934 1.207506537437439 8
1744739433958 0.9091876745223999 9
1744739433982 0.7760534882545471 10
1744739434007 1.1803656816482544 11
1744739434031 0.9501085877418518 12
1744739434057 0.9833809733390808 13
1744739434085 1.2097429037094116 14
1744739523757 0.9368171691894531 0
1744739523786 0.9769529104232788 1
1744739523817 0.6341451406478882 2
1744739523845 0.9503533244132996 3
1744739523879 1.0130255222320557 4
1744739523913 1.037104845046997 5
1744739523941 0.8585585951805115 6
1744739523969 0.9573288559913635 7
1744739523998 1.0165190696716309 8
1744739524027 0.9754822850227356 9
1744739524055 0.7803704738616943 10
1744739524092 1.0151787996292114 11
1744739524124 0.8673678040504456 12
1744739524151 1.2778998613357544 13
1744739524179 1.4250622987747192 14
1744739611578 0.8315904140472412 0
1744739611602 1.2847498655319214 1
1744739611626 0.7084431052207947 2
1744739611651 1.381438136100769 3
1744739611675 0.9141412973403931 4
1744739611701 1.1095030307769775 5
1744739611725 0.682281494140625 6
1744739611750 1.299246072769165 7
1744739611775 1.0413508415222168 8
1744739611803 0.617431104183197 9
1744739611827 0.8501843810081482 10
1744739611850 0.9517731070518494 11
1744739611874 0.8379872441291809 12
1744739611898 0.8553991317749023 13
1744739611925 0.5912829637527466 14
1744739699016 0.8870769739151001 0
1744739699056 0.8789093494415283 1
1744739699093 0.7502092719078064 2
1744739699138 1.1942780017852783 3
1744739699178 1.335721731185913 4
1744739699224 0.8830534815788269 5
1744739699260 0.8128494024276733 6
1744739699299 0.6713950634002686 7
1744739699336 0.8897742033004761 8
1744739699376 0.9794656038284302 9
1744739699415 1.1105841398239136 10
1744739699451 0.747948944568634 11
1744739699488 0.6805590391159058 12
1744739699523 0.8419749736785889 13
1744739699559 0.9037764668464661 14
1744739789530 0.6413078308105469 0
1744739789554 0.7785678505897522 1
1744739789579 1.0525484085083008 2
1744739789603 0.9810014367103577 3
1744739789631 1.1077630519866943 4
1744739789656 1.0534956455230713 5
1744739789681 1.0281814336776733 6
1744739789705 1.1354342699050903 7
1744739789733 1.0663108825683594 8
1744739789760 0.9485501646995544 9
1744739789786 0.7562392354011536 10
1744739789811 0.8509079217910767 11
1744739789836 1.161626935005188 12
1744739789861 1.0545698404312134 13
1744739789886 0.8348267674446106 14
1744739878588 1.2750377655029297 0
1744739878617 0.6979259848594666 1
1744739878645 1.1420539617538452 2
1744739878678 0.8331600427627563 3
1744739878708 1.2404534816741943 4
1744739878736 0.7455998659133911 5
1744739878768 1.1508300304412842 6
1744739878795 1.0615923404693604 7
1744739878822 0.7484350800514221 8
1744739878850 1.0648419857025146 9
1744739878877 1.5793201923370361 10
1744739878909 1.1619290113449097 11
1744739878937 0.8099117279052734 12
1744739878975 1.066771149635315 13
1744739879007 1.0153467655181885 14
1744739969454 1.29036545753479 0
1744739969483 1.2618802785873413 1
1744739969510 1.6355494260787964 2
1744739969538 1.321094274520874 3
1744739969566 1.301309585571289 4
1744739969597 0.7985349893569946 5
1744739969627 1.1230429410934448 6
1744739969656 0.9076130390167236 7
1744739969685 1.177706241607666 8
1744739969710 1.2201588153839111 9
1744739969735 1.004954218864441 10
1744739969759 0.6551938652992249 11
1744739969784 0.9122987389564514 12
1744739969811 1.0447938442230225 13
1744739969844 1.2271449565887451 14
1744740058380 1.2478256225585938 0
1744740058406 0.8493748307228088 1
1744740058430 1.2708046436309814 2
1744740058468 0.9578719735145569 3
1744740058499 1.3017005920410156 4
1744740058525 1.1367117166519165 5
1744740058549 1.1060678958892822 6
1744740058574 0.8356146216392517 7
1744740058600 1.1945027112960815 8
1744740058625 1.3074772357940674 9
1744740058648 0.46649104356765747 10
1744740058673 0.8065807819366455 11
1744740058697 1.293824553489685 12
1744740058720 0.8810027241706848 13
1744740058744 1.0359336137771606 14
1744740149131 1.1592092514038086 0
1744740149160 1.1070523262023926 1
1744740149188 0.9105705618858337 2
1744740149214 1.0524177551269531 3
1744740149243 1.2396100759506226 4
1744740149273 1.0367985963821411 5
1744740149299 1.2047560214996338 6
1744740149326 0.6536927819252014 7
1744740149352 1.3531469106674194 8
1744740149381 1.627419114112854 9
1744740149409 0.9046043157577515 10
1744740149437 1.000240683555603 11
1744740149467 1.0473219156265259 12
1744740149496 1.289452075958252 13
1744740149524 1.0749284029006958 14
1744740239254 0.9778723120689392 0
1744740239279 1.029363751411438 1
1744740239305 1.461889386177063 2
1744740239331 1.1640028953552246 3
1744740239356 1.2440980672836304 4
1744740239387 1.2936477661132812 5
1744740239411 0.9137795567512512 6
1744740239435 1.0535796880722046 7
1744740239460 1.1003196239471436 8
1744740239485 0.8347276449203491 9
1744740239509 1.0487897396087646 10
1744740239532 1.0734715461730957 11
1744740239557 0.9460986256599426 12
1744740239582 0.9233938455581665 13
1744740239606 0.9893724918365479 14
1744740330465 1.3153051137924194 0
1744740330490 0.8981854319572449 1
1744740330515 1.0458405017852783 2
1744740330539 0.9175945520401001 3
1744740330566 0.9540541172027588 4
1744740330595 1.2313040494918823 5
1744740330626 1.0780390501022339 6
1744740330654 1.2067660093307495 7
1744740330678 1.3763619661331177 8
1744740330702 1.095324158668518 9
1744740330727 1.4852792024612427 10
1744740330751 0.8843119740486145 11
1744740330774 1.070616602897644 12
1744740330800 1.2876193523406982 13
1744740330824 1.0698864459991455 14
1744740419840 1.0073212385177612 0
1744740419875 1.0072888135910034 1
1744740419908 1.282969355583191 2
1744740419938 1.6899161338806152 3
1744740419964 1.2433706521987915 4
1744740419991 1.1978110074996948 5
1744740420021 1.2724374532699585 6
1744740420049 0.8959309458732605 7
1744740420079 1.0817131996154785 8
1744740420108 1.2389047145843506 9
1744740420136 1.2982300519943237 10
1744740420167 0.8874139785766602 11
1744740420195 1.082526445388794 12
1744740420225 0.930869996547699 13
1744740420253 1.1079003810882568 14
1744740510789 1.3991246223449707 0
1744740510814 1.5144309997558594 1
1744740510839 0.8134435415267944 2
1744740510870 0.9238976240158081 3
1744740510895 1.209586262702942 4
1744740510920 1.2578405141830444 5
1744740510945 0.8748788237571716 6
1744740510972 0.9138739109039307 7
1744740510998 0.9211065769195557 8
1744740511036 0.9962353110313416 9
1744740511063 1.4762471914291382 10
1744740511089 1.2970534563064575 11
1744740511117 0.6199870705604553 12
1744740511146 1.317995309829712 13
1744740511177 0.821731448173523 14
1744740598629 1.5494955778121948 0
1744740598657 0.9898646473884583 1
1744740598683 1.2704628705978394 2
1744740598711 1.592957854270935 3
1744740598742 1.550709843635559 4
1744740598771 1.1397333145141602 5
1744740598799 0.8421720266342163 6
1744740598828 0.8351119160652161 7
1744740598855 1.4266422986984253 8
1744740598882 1.6729096174240112 9
1744740598921 0.9545704126358032 10
1744740598949 1.0126628875732422 11
1744740598975 1.034757137298584 12
1744740599002 1.127954125404358 13
1744740599032 1.0281531810760498 14
1744740687958 1.2302309274673462 0
1744740688004 1.2528446912765503 1
1744740688053 1.6525154113769531 2
1744740688097 0.9468857049942017 3
1744740688142 1.070624828338623 4
1744740688184 1.1937086582183838 5
1744740688230 0.8089118599891663 6
1744740688269 1.345852017402649 7
1744740688318 1.0508248805999756 8
1744740688375 1.829757809638977 9
1744740688420 1.029784083366394 10
1744740688473 1.4474167823791504 11
1744740688538 1.0030033588409424 12
1744740688586 1.4947946071624756 13
1744740688628 1.3494658470153809 14
1744740779725 1.4464348554611206 0
1744740779750 1.1090826988220215 1
1744740779775 0.9015766978263855 2
1744740779803 1.2545889616012573 3
1744740779832 1.079013705253601 4
1744740779860 0.8741118311882019 5
1744740779890 0.9900959730148315 6
1744740779915 1.1452566385269165 7
1744740779943 1.585632085800171 8
1744740779982 1.1992605924606323 9
1744740780009 1.5589382648468018 10
1744740780036 1.4397950172424316 11
1744740780061 1.0786441564559937 12
1744740780085 1.003411054611206 13
1744740780113 1.1503599882125854 14
1744740874678 1.4804635047912598 0
1744740874703 0.8196754455566406 1
1744740874730 1.1573772430419922 2
1744740874757 1.2653230428695679 3
1744740874783 1.4914321899414062 4
1744740874807 1.6305108070373535 5
1744740874833 1.4342877864837646 6
1744740874862 1.1661279201507568 7
1744740874895 0.8660892844200134 8
1744740874926 0.6581469178199768 9
1744740874957 1.8698172569274902 10
1744740874987 1.1248829364776611 11
1744740875017 1.173807978630066 12
1744740875048 1.25755774974823 13
1744740875080 1.0312244892120361 14
1744740966537 0.9264050722122192 0
1744740966566 1.1611382961273193 1
1744740966599 1.3784440755844116 2
1744740966629 1.5627669095993042 3
1744740966658 1.432917833328247 4
1744740966688 1.2363536357879639 5
1744740966719 1.355050802230835 6
1744740966751 1.3455302715301514 7
1744740966783 1.5142967700958252 8
1744740966815 1.5529649257659912 9
1744740966848 1.1231515407562256 10
1744740966882 0.8317715525627136 11
1744740966913 0.8929284811019897 12
1744740966943 1.048149585723877 13
1744740966972 0.9549793601036072 14
1744741060948 1.121870994567871 0
1744741060979 1.3953808546066284 1
1744741061010 1.5567374229431152 2
1744741061044 1.138659119606018 3
1744741061086 1.6991233825683594 4
1744741061120 1.7850868701934814 5
1744741061150 1.4141805171966553 6
1744741061181 0.9247178435325623 7
1744741061214 0.7073395252227783 8
1744741061250 1.8467442989349365 9
1744741061277 1.350874662399292 10
1744741061302 0.8924898505210876 11
1744741061327 0.9099193811416626 12
1744741061352 1.8343156576156616 13
1744741061384 1.36939537525177 14
1744741154604 1.5770964622497559 0
1744741154630 1.524604320526123 1
1744741154654 1.4513928890228271 2
1744741154680 1.7021582126617432 3
1744741154704 2.019545555114746 4
1744741154730 1.0487810373306274 5
1744741154755 1.2991752624511719 6
1744741154784 0.9836353659629822 7
1744741154809 1.1033942699432373 8
1744741154833 1.4663258790969849 9
1744741154858 1.2673544883728027 10
1744741154883 1.1743358373641968 11
1744741154909 1.0162791013717651 12
1744741154935 1.691197156906128 13
1744741154961 1.1775435209274292 14
1744741244131 1.6504204273223877 0
1744741244160 1.1694505214691162 1
1744741244189 1.5032269954681396 2
1744741244221 1.4944806098937988 3
1744741244253 2.115105628967285 4
1744741244282 0.9553578495979309 5
1744741244310 1.632035493850708 6
1744741244351 1.3662850856781006 7
1744741244380 1.0961360931396484 8
1744741244409 1.1382454633712769 9
1744741244440 1.044190526008606 10
1744741244469 2.113442897796631 11
1744741244497 1.3373743295669556 12
1744741244531 1.1275516748428345 13
1744741244562 1.1342065334320068 14
1744741336162 1.102051019668579 0
1744741336193 1.045605182647705 1
1744741336221 1.491708517074585 2
1744741336253 1.1868127584457397 3
1744741336281 1.1000574827194214 4
1744741336309 1.2424486875534058 5
1744741336335 1.377570390701294 6
1744741336362 1.3240282535552979 7
1744741336389 1.7682039737701416 8
1744741336417 1.5148842334747314 9
1744741336449 1.3874932527542114 10
1744741336476 1.495882511138916 11
1744741336511 1.59304940700531 12
1744741336544 1.2426451444625854 13
1744741336572 1.484075665473938 14
1744741425640 2.046091079711914 0
1744741425670 1.4204518795013428 1
1744741425698 0.9624887108802795 2
1744741425727 1.147976040840149 3
1744741425759 0.9520937204360962 4
1744741425787 1.1592456102371216 5
1744741425825 1.0345453023910522 6
1744741425854 1.4052631855010986 7
1744741425884 1.4880192279815674 8
1744741425912 1.1420676708221436 9
1744741425941 1.3246454000473022 10
1744741425971 1.2478548288345337 11
1744741425999 1.6254792213439941 12
1744741426028 1.3604304790496826 13
1744741426059 1.7231104373931885 14
1744741515137 0.9150071740150452 0
1744741515162 1.633203387260437 1
1744741515186 1.3733361959457397 2
1744741515209 1.2709816694259644 3
1744741515233 1.4645507335662842 4
1744741515257 1.188014030456543 5
1744741515287 1.5078489780426025 6
1744741515312 0.9465352296829224 7
1744741515336 1.6335699558258057 8
1744741515362 0.9419726133346558 9
1744741515397 0.9813712239265442 10
1744741515422 1.6683863401412964 11
1744741515446 2.5221595764160156 12
1744741515470 1.1024683713912964 13
1744741515495 1.4535839557647705 14
1744741604155 1.7021363973617554 0
1744741604185 1.9982479810714722 1
1744741604213 1.1773812770843506 2
1744741604241 1.7225297689437866 3
1744741604280 1.1383486986160278 4
1744741604314 1.026163935661316 5
1744741604342 1.7548401355743408 6
1744741604369 1.3006993532180786 7
1744741604398 1.0005661249160767 8
1744741604427 1.0906656980514526 9
1744741604457 1.5212088823318481 10
1744741604488 1.271555781364441 11
1744741604515 1.5148169994354248 12
1744741604542 1.083516001701355 13
1744741604569 1.4590548276901245 14
1744741692647 2.0097928047180176 0
1744741692682 1.863708257675171 1
1744741692716 1.6122057437896729 2
1744741692755 1.787626028060913 3
1744741692791 0.6555795073509216 4
1744741692825 1.3801045417785645 5
1744741692860 1.65168297290802 6
1744741692895 1.9275500774383545 7
1744741692930 1.9074232578277588 8
1744741692976 1.3900847434997559 9
1744741693018 1.8076636791229248 10
1744741693059 1.7375887632369995 11
1744741693097 0.5526144504547119 12
1744741693139 1.506272792816162 13
1744741693177 0.9812687635421753 14
1744741780194 1.3030173778533936 0
1744741780224 1.3439370393753052 1
1744741780253 1.7724782228469849 2
1744741780286 1.4477311372756958 3
1744741780317 2.248157501220703 4
1744741780345 1.8511240482330322 5
1744741780373 1.7190911769866943 6
1744741780400 1.2413575649261475 7
1744741780429 1.5538145303726196 8
1744741780455 1.9044482707977295 9
1744741780485 1.3128001689910889 10
1744741780512 1.6316492557525635 11
1744741780539 0.9638484716415405 12
1744741780566 1.3089721202850342 13
1744741780593 1.4062150716781616 14
1744741876256 1.8191907405853271 0
1744741876293 1.928634524345398 1
1744741876333 0.9657062888145447 2
1744741876372 1.6867419481277466 3
1744741876409 1.9441802501678467 4
1744741876447 1.2836849689483643 5
1744741876485 1.2683793306350708 6
1744741876522 1.9423898458480835 7
1744741876557 1.7042877674102783 8
1744741876593 1.1495224237442017 9
1744741876630 1.3731650114059448 10
1744741876664 1.9801274538040161 11
1744741876703 1.3208508491516113 12
1744741876737 1.3651652336120605 13
1744741876778 1.0049598217010498 14
1744741966572 1.9173144102096558 0
1744741966597 0.9578959941864014 1
1744741966622 1.9505492448806763 2
1744741966646 1.4330029487609863 3
1744741966671 1.6946684122085571 4
1744741966698 2.4289968013763428 5
1744741966722 2.047607898712158 6
1744741966746 1.6383917331695557 7
1744741966772 0.9869269132614136 8
1744741966797 1.0705291032791138 9
1744741966821 1.2097022533416748 10
1744741966845 1.70116126537323 11
1744741966869 1.2661550045013428 12
1744741966892 1.2945878505706787 13
1744741966918 2.160005807876587 14
1744742059031 2.149376153945923 0
1744742059059 1.9081288576126099 1
1744742059090 1.8564687967300415 2
1744742059122 1.4069058895111084 3
1744742059157 1.2991619110107422 4
1744742059184 1.551686406135559 5
1744742059212 1.5261359214782715 6
1744742059252 1.4064490795135498 7
1744742059280 1.3198935985565186 8
1744742059308 1.629124402999878 9
1744742059341 1.7536888122558594 10
1744742059369 1.2615132331848145 11
1744742059396 0.6777382493019104 12
1744742059425 1.815529465675354 13
1744742059461 2.7868247032165527 14
