1744733061336 0.0 0
1744733061369 1.0 1
1744733061411 2.0 2
1744733061438 3.0 3
1744733061467 4.0 4
1744733061494 5.0 5
1744733061537 6.0 6
1744733061577 7.0 7
1744733061619 8.0 8
1744733061648 9.0 9
1744733061677 10.0 10
1744733061705 11.0 11
1744733061735 12.0 12
1744733061765 13.0 13
1744733061791 14.0 14
1744733160593 0.0 0
1744733160619 1.0 1
1744733160644 2.0 2
1744733160667 3.0 3
1744733160692 4.0 4
1744733160721 5.0 5
1744733160761 6.0 6
1744733160798 7.0 7
1744733160836 8.0 8
1744733160870 9.0 9
1744733160906 10.0 10
1744733160945 11.0 11
1744733160988 12.0 12
1744733161031 13.0 13
1744733161071 14.0 14
1744733257092 0.0 0
1744733257118 1.0 1
1744733257145 2.0 2
1744733257170 3.0 3
1744733257194 4.0 4
1744733257219 5.0 5
1744733257247 6.0 6
1744733257275 7.0 7
1744733257331 8.0 8
1744733257382 9.0 9
1744733257423 10.0 10
1744733257482 11.0 11
1744733257529 12.0 12
1744733257572 13.0 13
1744733257622 14.0 14
1744733357196 0.0 0
1744733357226 1.0 1
1744733357255 2.0 2
1744733357305 3.0 3
1744733357347 4.0 4
1744733357392 5.0 5
1744733357434 6.0 6
1744733357474 7.0 7
1744733357517 8.0 8
1744733357559 9.0 9
1744733357599 10.0 10
1744733357640 11.0 11
1744733357692 12.0 12
1744733357736 13.0 13
1744733357774 14.0 14
1744733457362 0.0 0
1744733457422 1.0 1
1744733457486 2.0 2
1744733457533 3.0 3
1744733457582 4.0 4
1744733457629 5.0 5
1744733457678 6.0 6
1744733457730 7.0 7
1744733457792 8.0 8
1744733457863 9.0 9
1744733457918 10.0 10
1744733457972 11.0 11
1744733458020 12.0 12
1744733458067 13.0 13
1744733458108 14.0 14
1744733565138 0.0 0
1744733565186 1.0 1
1744733565229 2.0 2
1744733565272 3.0 3
1744733565320 4.0 4
1744733565365 5.0 5
1744733565410 6.0 6
1744733565473 7.0 7
1744733565525 8.0 8
1744733565572 9.0 9
1744733565626 10.0 10
1744733565675 11.0 11
1744733565722 12.0 12
1744733565774 13.0 13
1744733565823 14.0 14
1744733669353 0.0 0
1744733669389 1.0 1
1744733669426 2.0 2
1744733669463 3.0 3
1744733669499 4.0 4
1744733669538 5.0 5
1744733669573 6.0 6
1744733669610 7.0 7
1744733669656 8.0 8
1744733669691 9.0 9
1744733669734 10.0 10
1744733669775 11.0 11
1744733669814 12.0 12
1744733669856 13.0 13
1744733669901 14.0 14
1744733772169 0.0 0
1744733772225 1.0 1
1744733772264 2.0 2
1744733772304 3.0 3
1744733772344 4.0 4
1744733772385 5.0 5
1744733772431 6.0 6
1744733772473 7.0 7
1744733772514 8.0 8
1744733772558 9.0 9
1744733772596 10.0 10
1744733772636 11.0 11
1744733772672 12.0 12
1744733772709 13.0 13
1744733772745 14.0 14
1744733874177 0.0 0
1744733874213 1.0 1
1744733874263 2.0 2
1744733874305 3.0 3
1744733874358 4.0 4
1744733874396 5.0 5
1744733874435 6.0 6
1744733874477 7.0 7
1744733874524 8.0 8
1744733874571 9.0 9
1744733874608 10.0 10
1744733874646 11.0 11
1744733874682 12.0 12
1744733874718 13.0 13
1744733874760 14.0 14
1744733964942 0.0 0
1744733964968 1.0 1
1744733964993 2.0 2
1744733965019 3.0 3
1744733965043 4.0 4
1744733965067 5.0 5
1744733965091 6.0 6
1744733965116 7.0 7
1744733965142 8.0 8
1744733965166 9.0 9
1744733965193 10.0 10
1744733965217 11.0 11
1744733965241 12.0 12
1744733965266 13.0 13
1744733965290 14.0 14
1744734056365 0.0 0
1744734056398 1.0 1
1744734056425 2.0 2
1744734056452 3.0 3
1744734056479 4.0 4
1744734056507 5.0 5
1744734056535 6.0 6
1744734056564 7.0 7
1744734056599 8.0 8
1744734056644 9.0 9
1744734056685 10.0 10
1744734056728 11.0 11
1744734056770 12.0 12
1744734056820 13.0 13
1744734056878 14.0 14
1744734151120 0.0 0
1744734151149 1.0 1
1744734151192 2.0 2
1744734151222 3.0 3
1744734151251 4.0 4
1744734151287 5.0 5
1744734151318 6.0 6
1744734151346 7.0 7
1744734151375 8.0 8
1744734151403 9.0 9
1744734151433 10.0 10
1744734151466 11.0 11
1744734151494 12.0 12
1744734151523 13.0 13
1744734151553 14.0 14
1744734243239 0.0 0
1744734243287 1.0 1
1744734243331 2.0 2
1744734243377 3.0 3
1744734243425 4.0 4
1744734243472 5.0 5
1744734243510 6.0 6
1744734243548 7.0 7
1744734243587 8.0 8
1744734243626 9.0 9
1744734243666 10.0 10
1744734243707 11.0 11
1744734243738 12.0 12
1744734243764 13.0 13
1744734243790 14.0 14
1744734332699 0.0 0
1744734332726 1.0 1
1744734332755 2.0 2
1744734332784 3.0 3
1744734332814 4.0 4
1744734332842 5.0 5
1744734332873 6.0 6
1744734332901 7.0 7
1744734332928 8.0 8
1744734332958 9.0 9
1744734332985 10.0 10
1744734333014 11.0 11
1744734333041 12.0 12
1744734333069 13.0 13
1744734333099 14.0 14
1744734422776 0.0 0
1744734422804 1.0 1
1744734422837 2.0 2
1744734422881 3.0 3
1744734422921 4.0 4
1744734422961 5.0 5
1744734423006 6.0 6
1744734423052 7.0 7
1744734423093 8.0 8
1744734423137 9.0 9
1744734423180 10.0 10
1744734423237 11.0 11
1744734423277 12.0 12
1744734423322 13.0 13
1744734423362 14.0 14
1744734515197 0.0 0
1744734515224 1.0 1
1744734515251 2.0 2
1744734515281 3.0 3
1744734515308 4.0 4
1744734515338 5.0 5
1744734515367 6.0 6
1744734515395 7.0 7
1744734515423 8.0 8
1744734515450 9.0 9
1744734515478 10.0 10
1744734515504 11.0 11
1744734515530 12.0 12
1744734515557 13.0 13
1744734515584 14.0 14
1744734604344 0.0 0
1744734604371 1.0 1
1744734604399 2.0 2
1744734604424 3.0 3
1744734604449 4.0 4
1744734604474 5.0 5
1744734604498 6.0 6
1744734604522 7.0 7
1744734604548 8.0 8
1744734604573 9.0 9
1744734604597 10.0 10
1744734604623 11.0 11
1744734604647 12.0 12
1744734604671 13.0 13
1744734604695 14.0 14
1744734693232 0.0 0
1744734693272 1.0 1
1744734693308 2.0 2
1744734693343 3.0 3
1744734693381 4.0 4
1744734693420 5.0 5
1744734693460 6.0 6
1744734693495 7.0 7
1744734693531 8.0 8
1744734693566 9.0 9
1744734693602 10.0 10
1744734693644 11.0 11
1744734693686 12.0 12
1744734693733 13.0 13
1744734693776 14.0 14
1744734785688 0.0 0
1744734785716 1.0 1
1744734785744 2.0 2
1744734785770 3.0 3
1744734785796 4.0 4
1744734785827 5.0 5
1744734785854 6.0 6
1744734785880 7.0 7
1744734785907 8.0 8
1744734785934 9.0 9
1744734785960 10.0 10
1744734785989 11.0 11
1744734786018 12.0 12
1744734786054 13.0 13
1744734786087 14.0 14
1744734875973 0.0 0
1744734876020 1.0 1
1744734876062 2.0 2
1744734876108 3.0 3
1744734876160 4.0 4
1744734876214 5.0 5
1744734876261 6.0 6
1744734876300 7.0 7
1744734876338 8.0 8
1744734876379 9.0 9
1744734876420 10.0 10
1744734876462 11.0 11
1744734876499 12.0 12
1744734876540 13.0 13
1744734876577 14.0 14
1744734967513 0.0 0
1744734967539 1.0 1
1744734967563 2.0 2
1744734967589 3.0 3
1744734967619 4.0 4
1744734967650 5.0 5
1744734967675 6.0 6
1744734967699 7.0 7
1744734967723 8.0 8
1744734967748 9.0 9
1744734967775 10.0 10
1744734967799 11.0 11
1744734967822 12.0 12
1744734967846 13.0 13
1744734967872 14.0 14
1744735056380 0.0 0
1744735056418 1.0 1
1744735056444 2.0 2
1744735056468 3.0 3
1744735056491 4.0 4
1744735056516 5.0 5
1744735056546 6.0 6
1744735056573 7.0 7
1744735056599 8.0 8
1744735056627 9.0 9
1744735056654 10.0 10
1744735056680 11.0 11
1744735056707 12.0 12
1744735056734 13.0 13
1744735056764 14.0 14
1744735147339 0.0 0
1744735147371 1.0 1
1744735147402 2.0 2
1744735147431 3.0 3
1744735147471 4.0 4
1744735147499 5.0 5
1744735147528 6.0 6
1744735147556 7.0 7
1744735147585 8.0 8
1744735147614 9.0 9
1744735147641 10.0 10
1744735147669 11.0 11
1744735147697 12.0 12
1744735147728 13.0 13
1744735147755 14.0 14
1744735236217 0.0 0
1744735236240 1.0 1
1744735236266 2.0 2
1744735236291 3.0 3
1744735236315 4.0 4
1744735236339 5.0 5
1744735236366 6.0 6
1744735236390 7.0 7
1744735236415 8.0 8
1744735236439 9.0 9
1744735236464 10.0 10
1744735236488 11.0 11
1744735236511 12.0 12
1744735236535 13.0 13
1744735236566 14.0 14
1744735323422 0.0 0
1744735323450 1.0 1
1744735323478 2.0 2
1744735323505 3.0 3
1744735323531 4.0 4
1744735323558 5.0 5
1744735323586 6.0 6
1744735323614 7.0 7
1744735323642 8.0 8
1744735323672 9.0 9
1744735323703 10.0 10
1744735323740 11.0 11
1744735323771 12.0 12
1744735323799 13.0 13
1744735323826 14.0 14
1744735413876 0.0 0
1744735413907 1.0 1
1744735413935 2.0 2
1744735413965 3.0 3
1744735413992 4.0 4
1744735414019 5.0 5
1744735414046 6.0 6
1744735414075 7.0 7
1744735414104 8.0 8
1744735414132 9.0 9
1744735414160 10.0 10
1744735414187 11.0 11
1744735414216 12.0 12
1744735414243 13.0 13
1744735414273 14.0 14
1744735502851 0.0 0
1744735502880 1.0 1
1744735502903 2.0 2
1744735502929 3.0 3
1744735502957 4.0 4
1744735502986 5.0 5
1744735503015 6.0 6
1744735503044 7.0 7
1744735503073 8.0 8
1744735503100 9.0 9
1744735503126 10.0 10
1744735503150 11.0 11
1744735503175 12.0 12
1744735503199 13.0 13
1744735503223 14.0 14
1744735593946 0.0 0
1744735593983 1.0 1
1744735594028 2.0 2
1744735594069 3.0 3
1744735594109 4.0 4
1744735594154 5.0 5
1744735594200 6.0 6
1744735594262 7.0 7
1744735594315 8.0 8
1744735594361 9.0 9
1744735594406 10.0 10
1744735594447 11.0 11
1744735594488 12.0 12
1744735594529 13.0 13
1744735594569 14.0 14
1744735684288 0.0 0
1744735684317 1.0 1
1744735684344 2.0 2
1744735684375 3.0 3
1744735684405 4.0 4
1744735684445 5.0 5
1744735684474 6.0 6
1744735684503 7.0 7
1744735684531 8.0 8
1744735684558 9.0 9
1744735684588 10.0 10
1744735684617 11.0 11
1744735684648 12.0 12
1744735684675 13.0 13
1744735684706 14.0 14
1744735773526 0.0 0
1744735773567 1.0 1
1744735773621 2.0 2
1744735773663 3.0 3
1744735773705 4.0 4
1744735773748 5.0 5
1744735773788 6.0 6
1744735773830 7.0 7
1744735773872 8.0 8
1744735773915 9.0 9
1744735773962 10.0 10
1744735774013 11.0 11
1744735774061 12.0 12
1744735774114 13.0 13
1744735774159 14.0 14
1744735863267 0.0 0
1744735863294 1.0 1
1744735863321 2.0 2
1744735863347 3.0 3
1744735863379 4.0 4
1744735863407 5.0 5
1744735863439 6.0 6
1744735863464 7.0 7
1744735863488 8.0 8
1744735863512 9.0 9
1744735863536 10.0 10
1744735863572 11.0 11
1744735863596 12.0 12
1744735863622 13.0 13
1744735863651 14.0 14
1744735958024 0.0 0
1744735958049 1.0 1
1744735958074 2.0 2
1744735958099 3.0 3
1744735958122 4.0 4
1744735958147 5.0 5
1744735958172 6.0 6
1744735958197 7.0 7
1744735958223 8.0 8
1744735958251 9.0 9
1744735958277 10.0 10
1744735958303 11.0 11
1744735958328 12.0 12
1744735958353 13.0 13
1744735958389 14.0 14
1744736046173 0.0 0
1744736046198 1.0 1
1744736046224 2.0 2
1744736046249 3.0 3
1744736046275 4.0 4
1744736046300 5.0 5
1744736046328 6.0 6
1744736046353 7.0 7
1744736046377 8.0 8
1744736046402 9.0 9
1744736046428 10.0 10
1744736046455 11.0 11
1744736046480 12.0 12
1744736046506 13.0 13
1744736046533 14.0 14
1744736135642 0.0 0
1744736135677 1.0 1
1744736135713 2.0 2
1744736135747 3.0 3
1744736135786 4.0 4
1744736135824 5.0 5
1744736135866 6.0 6
1744736135907 7.0 7
1744736135948 8.0 8
1744736135985 9.0 9
1744736136026 10.0 10
1744736136076 11.0 11
1744736136112 12.0 12
1744736136151 13.0 13
1744736136188 14.0 14
1744736227039 0.0 0
1744736227067 1.0 1
1744736227104 2.0 2
1744736227133 3.0 3
1744736227158 4.0 4
1744736227185 5.0 5
1744736227210 6.0 6
1744736227233 7.0 7
1744736227258 8.0 8
1744736227283 9.0 9
1744736227309 10.0 10
1744736227332 11.0 11
1744736227357 12.0 12
1744736227384 13.0 13
1744736227408 14.0 14
1744736320354 0.0 0
1744736320392 1.0 1
1744736320425 2.0 2
1744736320456 3.0 3
1744736320492 4.0 4
1744736320521 5.0 5
1744736320551 6.0 6
1744736320581 7.0 7
1744736320615 8.0 8
1744736320645 9.0 9
1744736320677 10.0 10
1744736320706 11.0 11
1744736320738 12.0 12
1744736320770 13.0 13
1744736320804 14.0 14
1744736411160 0.0 0
1744736411186 1.0 1
1744736411211 2.0 2
1744736411247 3.0 3
1744736411271 4.0 4
1744736411295 5.0 5
1744736411319 6.0 6
1744736411344 7.0 7
1744736411369 8.0 8
1744736411394 9.0 9
1744736411418 10.0 10
1744736411444 11.0 11
1744736411471 12.0 12
1744736411497 13.0 13
1744736411523 14.0 14
1744736503119 0.0 0
1744736503147 1.0 1
1744736503172 2.0 2
1744736503199 3.0 3
1744736503224 4.0 4
1744736503251 5.0 5
1744736503280 6.0 6
1744736503310 7.0 7
1744736503338 8.0 8
1744736503366 9.0 9
1744736503395 10.0 10
1744736503422 11.0 11
1744736503451 12.0 12
1744736503479 13.0 13
1744736503510 14.0 14
1744736591875 0.0 0
1744736591900 1.0 1
1744736591925 2.0 2
1744736591950 3.0 3
1744736591975 4.0 4
1744736592000 5.0 5
1744736592029 6.0 6
1744736592066 7.0 7
1744736592095 8.0 8
1744736592120 9.0 9
1744736592144 10.0 10
1744736592169 11.0 11
1744736592205 12.0 12
1744736592245 13.0 13
1744736592283 14.0 14
1744736682584 0.0 0
1744736682624 1.0 1
1744736682649 2.0 2
1744736682673 3.0 3
1744736682697 4.0 4
1744736682722 5.0 5
1744736682748 6.0 6
1744736682772 7.0 7
1744736682798 8.0 8
1744736682826 9.0 9
1744736682854 10.0 10
1744736682882 11.0 11
1744736682909 12.0 12
1744736682936 13.0 13
1744736682962 14.0 14
1744736770835 0.0 0
1744736770863 1.0 1
1744736770887 2.0 2
1744736770911 3.0 3
1744736770936 4.0 4
1744736770963 5.0 5
1744736770987 6.0 6
1744736771012 7.0 7
1744736771036 8.0 8
1744736771061 9.0 9
1744736771085 10.0 10
1744736771109 11.0 11
1744736771132 12.0 12
1744736771159 13.0 13
1744736771183 14.0 14
1744736860067 0.0 0
1744736860095 1.0 1
1744736860128 2.0 2
1744736860158 3.0 3
1744736860186 4.0 4
1744736860215 5.0 5
1744736860242 6.0 6
1744736860270 7.0 7
1744736860296 8.0 8
1744736860324 9.0 9
1744736860352 10.0 10
1744736860378 11.0 11
1744736860405 12.0 12
1744736860433 13.0 13
1744736860460 14.0 14
1744736948317 0.0 0
1744736948351 1.0 1
1744736948386 2.0 2
1744736948411 3.0 3
1744736948435 4.0 4
1744736948462 5.0 5
1744736948487 6.0 6
1744736948510 7.0 7
1744736948534 8.0 8
1744736948557 9.0 9
1744736948581 10.0 10
1744736948605 11.0 11
1744736948630 12.0 12
1744736948655 13.0 13
1744736948681 14.0 14
1744737034954 0.0 0
1744737034991 1.0 1
1744737035040 2.0 2
1744737035080 3.0 3
1744737035125 4.0 4
1744737035163 5.0 5
1744737035200 6.0 6
1744737035238 7.0 7
1744737035275 8.0 8
1744737035316 9.0 9
1744737035361 10.0 10
1744737035410 11.0 11
1744737035450 12.0 12
1744737035488 13.0 13
1744737035527 14.0 14
1744737125469 0.0 0
1744737125494 1.0 1
1744737125520 2.0 2
1744737125545 3.0 3
1744737125569 4.0 4
1744737125593 5.0 5
1744737125619 6.0 6
1744737125645 7.0 7
1744737125670 8.0 8
1744737125695 9.0 9
1744737125721 10.0 10
1744737125746 11.0 11
1744737125770 12.0 12
1744737125794 13.0 13
1744737125819 14.0 14
1744737213328 0.0 0
1744737213353 1.0 1
1744737213381 2.0 2
1744737213407 3.0 3
1744737213431 4.0 4
1744737213458 5.0 5
1744737213483 6.0 6
1744737213507 7.0 7
1744737213532 8.0 8
1744737213557 9.0 9
1744737213582 10.0 10
1744737213606 11.0 11
1744737213631 12.0 12
1744737213657 13.0 13
1744737213681 14.0 14
1744737304280 0.0 0
1744737304308 1.0 1
1744737304336 2.0 2
1744737304366 3.0 3
1744737304401 4.0 4
1744737304430 5.0 5
1744737304462 6.0 6
1744737304489 7.0 7
1744737304517 8.0 8
1744737304544 9.0 9
1744737304573 10.0 10
1744737304603 11.0 11
1744737304632 12.0 12
1744737304659 13.0 13
1744737304689 14.0 14
1744737393007 0.0 0
1744737393034 1.0 1
1744737393058 2.0 2
1744737393082 3.0 3
1744737393107 4.0 4
1744737393136 5.0 5
1744737393162 6.0 6
1744737393187 7.0 7
1744737393211 8.0 8
1744737393236 9.0 9
1744737393261 10.0 10
1744737393286 11.0 11
1744737393315 12.0 12
1744737393342 13.0 13
1744737393372 14.0 14
1744737483145 0.0 0
1744737483180 1.0 1
1744737483207 2.0 2
1744737483232 3.0 3
1744737483260 4.0 4
1744737483289 5.0 5
1744737483313 6.0 6
1744737483338 7.0 7
1744737483363 8.0 8
1744737483387 9.0 9
1744737483416 10.0 10
1744737483445 11.0 11
1744737483474 12.0 12
1744737483508 13.0 13
1744737483536 14.0 14
1744737572493 0.0 0
1744737572520 1.0 1
1744737572549 2.0 2
1744737572576 3.0 3
1744737572603 4.0 4
1744737572630 5.0 5
1744737572656 6.0 6
1744737572687 7.0 7
1744737572716 8.0 8
1744737572754 9.0 9
1744737572786 10.0 10
1744737572814 11.0 11
1744737572842 12.0 12
1744737572872 13.0 13
1744737572898 14.0 14
1744737662822 0.0 0
1744737662847 1.0 1
1744737662881 2.0 2
1744737662904 3.0 3
1744737662931 4.0 4
1744737662954 5.0 5
1744737662979 6.0 6
1744737663004 7.0 7
1744737663032 8.0 8
1744737663058 9.0 9
1744737663083 10.0 10
1744737663108 11.0 11
1744737663133 12.0 12
1744737663157 13.0 13
1744737663181 14.0 14
1744737750183 0.0 0
1744737750211 1.0 1
1744737750237 2.0 2
1744737750265 3.0 3
1744737750292 4.0 4
1744737750321 5.0 5
1744737750348 6.0 6
1744737750379 7.0 7
1744737750406 8.0 8
1744737750434 9.0 9
1744737750462 10.0 10
1744737750495 11.0 11
1744737750528 12.0 12
1744737750559 13.0 13
1744737750587 14.0 14
1744737837851 0.0 0
1744737837878 1.0 1
1744737837904 2.0 2
1744737837933 3.0 3
1744737837959 4.0 4
1744737837985 5.0 5
1744737838014 6.0 6
1744737838044 7.0 7
1744737838071 8.0 8
1744737838098 9.0 9
1744737838126 10.0 10
1744737838153 11.0 11
1744737838180 12.0 12
1744737838207 13.0 13
1744737838236 14.0 14
1744737926218 0.0 0
1744737926244 1.0 1
1744737926278 2.0 2
1744737926309 3.0 3
1744737926337 4.0 4
1744737926365 5.0 5
1744737926392 6.0 6
1744737926420 7.0 7
1744737926448 8.0 8
1744737926475 9.0 9
1744737926502 10.0 10
1744737926528 11.0 11
1744737926554 12.0 12
1744737926585 13.0 13
1744737926613 14.0 14
1744738014921 0.0 0
1744738014946 1.0 1
1744738014972 2.0 2
1744738015003 3.0 3
1744738015030 4.0 4
1744738015058 5.0 5
1744738015084 6.0 6
1744738015110 7.0 7
1744738015138 8.0 8
1744738015168 9.0 9
1744738015214 10.0 10
1744738015242 11.0 11
1744738015275 12.0 12
1744738015303 13.0 13
1744738015329 14.0 14
1744738102120 0.0 0
1744738102161 1.0 1
1744738102208 2.0 2
1744738102245 3.0 3
1744738102287 4.0 4
1744738102324 5.0 5
1744738102363 6.0 6
1744738102414 7.0 7
1744738102462 8.0 8
1744738102508 9.0 9
1744738102552 10.0 10
1744738102596 11.0 11
1744738102636 12.0 12
1744738102680 13.0 13
1744738102719 14.0 14
1744738190463 0.0 0
1744738190487 1.0 1
1744738190510 2.0 2
1744738190534 3.0 3
1744738190559 4.0 4
1744738190583 5.0 5
1744738190606 6.0 6
1744738190630 7.0 7
1744738190654 8.0 8
1744738190680 9.0 9
1744738190703 10.0 10
1744738190728 11.0 11
1744738190751 12.0 12
1744738190782 13.0 13
1744738190810 14.0 14
1744738277024 0.0 0
1744738277048 1.0 1
1744738277072 2.0 2
1744738277096 3.0 3
1744738277123 4.0 4
1744738277147 5.0 5
1744738277173 6.0 6
1744738277199 7.0 7
1744738277223 8.0 8
1744738277247 9.0 9
1744738277273 10.0 10
1744738277297 11.0 11
1744738277325 12.0 12
1744738277361 13.0 13
1744738277386 14.0 14
1744738366685 0.0 0
1744738366735 1.0 1
1744738366776 2.0 2
1744738366816 3.0 3
1744738366855 4.0 4
1744738366894 5.0 5
1744738366933 6.0 6
1744738366969 7.0 7
1744738366994 8.0 8
1744738367019 9.0 9
1744738367050 10.0 10
1744738367075 11.0 11
1744738367099 12.0 12
1744738367124 13.0 13
1744738367148 14.0 14
1744738454981 0.0 0
1744738455021 1.0 1
1744738455047 2.0 2
1744738455075 3.0 3
1744738455102 4.0 4
1744738455135 5.0 5
1744738455169 6.0 6
1744738455198 7.0 7
1744738455223 8.0 8
1744738455246 9.0 9
1744738455281 10.0 10
1744738455307 11.0 11
1744738455332 12.0 12
1744738455356 13.0 13
1744738455386 14.0 14
1744738541350 0.0 0
1744738541377 1.0 1
1744738541404 2.0 2
1744738541428 3.0 3
1744738541453 4.0 4
1744738541478 5.0 5
1744738541502 6.0 6
1744738541525 7.0 7
1744738541551 8.0 8
1744738541575 9.0 9
1744738541598 10.0 10
1744738541623 11.0 11
1744738541647 12.0 12
1744738541671 13.0 13
1744738541697 14.0 14
1744738632004 0.0 0
1744738632031 1.0 1
1744738632059 2.0 2
1744738632087 3.0 3
1744738632116 4.0 4
1744738632149 5.0 5
1744738632178 6.0 6
1744738632209 7.0 7
1744738632246 8.0 8
1744738632273 9.0 9
1744738632300 10.0 10
1744738632327 11.0 11
1744738632357 12.0 12
1744738632384 13.0 13
1744738632411 14.0 14
1744738721011 0.0 0
1744738721036 1.0 1
1744738721061 2.0 2
1744738721085 3.0 3
1744738721110 4.0 4
1744738721134 5.0 5
1744738721164 6.0 6
1744738721198 7.0 7
1744738721229 8.0 8
1744738721260 9.0 9
1744738721286 10.0 10
1744738721310 11.0 11
1744738721334 12.0 12
1744738721360 13.0 13
1744738721385 14.0 14
1744738810833 0.0 0
1744738810879 1.0 1
1744738810919 2.0 2
1744738810960 3.0 3
1744738811004 4.0 4
1744738811047 5.0 5
1744738811092 6.0 6
1744738811147 7.0 7
1744738811185 8.0 8
1744738811223 9.0 9
1744738811264 10.0 10
1744738811317 11.0 11
1744738811357 12.0 12
1744738811395 13.0 13
1744738811434 14.0 14
1744738898894 0.0 0
1744738898920 1.0 1
1744738898944 2.0 2
1744738898968 3.0 3
1744738898994 4.0 4
1744738899019 5.0 5
1744738899045 6.0 6
1744738899071 7.0 7
1744738899102 8.0 8
1744738899126 9.0 9
1744738899151 10.0 10
1744738899176 11.0 11
1744738899200 12.0 12
1744738899226 13.0 13
1744738899253 14.0 14
1744738987837 0.0 0
1744738987879 1.0 1
1744738987908 2.0 2
1744738987936 3.0 3
1744738987966 4.0 4
1744738987994 5.0 5
1744738988023 6.0 6
1744738988052 7.0 7
1744738988079 8.0 8
1744738988108 9.0 9
1744738988135 10.0 10
1744738988164 11.0 11
1744738988192 12.0 12
1744738988219 13.0 13
1744738988247 14.0 14
1744739078171 0.0 0
1744739078195 1.0 1
1744739078219 2.0 2
1744739078243 3.0 3
1744739078267 4.0 4
1744739078298 5.0 5
1744739078326 6.0 6
1744739078353 7.0 7
1744739078378 8.0 8
1744739078402 9.0 9
1744739078425 10.0 10
1744739078448 11.0 11
1744739078472 12.0 12
1744739078498 13.0 13
1744739078521 14.0 14
1744739166403 0.0 0
1744739166428 1.0 1
1744739166457 2.0 2
1744739166485 3.0 3
1744739166511 4.0 4
1744739166542 5.0 5
1744739166567 6.0 6
1744739166593 7.0 7
1744739166625 8.0 8
1744739166662 9.0 9
1744739166686 10.0 10
1744739166711 11.0 11
1744739166736 12.0 12
1744739166760 13.0 13
1744739166785 14.0 14
1744739256827 0.0 0
1744739256868 1.0 1
1744739256908 2.0 2
1744739256947 3.0 3
1744739256988 4.0 4
1744739257031 5.0 5
1744739257071 6.0 6
1744739257116 7.0 7
1744739257158 8.0 8
1744739257209 9.0 9
1744739257249 10.0 10
1744739257288 11.0 11
1744739257329 12.0 12
1744739257368 13.0 13
1744739257416 14.0 14
1744739345651 0.0 0
1744739345675 1.0 1
1744739345700 2.0 2
1744739345725 3.0 3
1744739345753 4.0 4
1744739345780 5.0 5
1744739345805 6.0 6
1744739345829 7.0 7
1744739345853 8.0 8
1744739345877 9.0 9
1744739345901 10.0 10
1744739345926 11.0 11
1744739345951 12.0 12
1744739345975 13.0 13
1744739345999 14.0 14
1744739433734 0.0 0
1744739433759 1.0 1
1744739433784 2.0 2
1744739433808 3.0 3
1744739433835 4.0 4
1744739433859 5.0 5
1744739433884 6.0 6
1744739433909 7.0 7
1744739433934 8.0 8
1744739433958 9.0 9
1744739433982 10.0 10
1744739434007 11.0 11
1744739434031 12.0 12
1744739434057 13.0 13
1744739434085 14.0 14
1744739523757 0.0 0
1744739523786 1.0 1
1744739523817 2.0 2
1744739523845 3.0 3
1744739523879 4.0 4
1744739523913 5.0 5
1744739523941 6.0 6
1744739523969 7.0 7
1744739523998 8.0 8
1744739524027 9.0 9
1744739524055 10.0 10
1744739524092 11.0 11
1744739524124 12.0 12
1744739524151 13.0 13
1744739524179 14.0 14
1744739611578 0.0 0
1744739611602 1.0 1
1744739611626 2.0 2
1744739611651 3.0 3
1744739611675 4.0 4
1744739611701 5.0 5
1744739611725 6.0 6
1744739611750 7.0 7
1744739611775 8.0 8
1744739611803 9.0 9
1744739611827 10.0 10
1744739611850 11.0 11
1744739611874 12.0 12
1744739611898 13.0 13
1744739611925 14.0 14
1744739699016 0.0 0
1744739699056 1.0 1
1744739699093 2.0 2
1744739699138 3.0 3
1744739699178 4.0 4
1744739699224 5.0 5
1744739699260 6.0 6
1744739699299 7.0 7
1744739699336 8.0 8
1744739699376 9.0 9
1744739699415 10.0 10
1744739699451 11.0 11
1744739699488 12.0 12
1744739699523 13.0 13
1744739699559 14.0 14
1744739789530 0.0 0
1744739789554 1.0 1
1744739789579 2.0 2
1744739789603 3.0 3
1744739789631 4.0 4
1744739789656 5.0 5
1744739789681 6.0 6
1744739789705 7.0 7
1744739789733 8.0 8
1744739789760 9.0 9
1744739789786 10.0 10
1744739789811 11.0 11
1744739789836 12.0 12
1744739789861 13.0 13
1744739789886 14.0 14
1744739878588 0.0 0
1744739878617 1.0 1
1744739878645 2.0 2
1744739878678 3.0 3
1744739878708 4.0 4
1744739878736 5.0 5
1744739878768 6.0 6
1744739878795 7.0 7
1744739878822 8.0 8
1744739878850 9.0 9
1744739878877 10.0 10
1744739878909 11.0 11
1744739878937 12.0 12
1744739878975 13.0 13
1744739879007 14.0 14
1744739969454 0.0 0
1744739969483 1.0 1
1744739969510 2.0 2
1744739969538 3.0 3
1744739969566 4.0 4
1744739969597 5.0 5
1744739969627 6.0 6
1744739969656 7.0 7
1744739969685 8.0 8
1744739969710 9.0 9
1744739969735 10.0 10
1744739969759 11.0 11
1744739969784 12.0 12
1744739969811 13.0 13
1744739969844 14.0 14
1744740058380 0.0 0
1744740058406 1.0 1
1744740058430 2.0 2
1744740058468 3.0 3
1744740058499 4.0 4
1744740058525 5.0 5
1744740058549 6.0 6
1744740058574 7.0 7
1744740058600 8.0 8
1744740058625 9.0 9
1744740058648 10.0 10
1744740058673 11.0 11
1744740058697 12.0 12
1744740058720 13.0 13
1744740058744 14.0 14
1744740149131 0.0 0
1744740149160 1.0 1
1744740149188 2.0 2
1744740149214 3.0 3
1744740149243 4.0 4
1744740149273 5.0 5
1744740149299 6.0 6
1744740149326 7.0 7
1744740149352 8.0 8
1744740149381 9.0 9
1744740149409 10.0 10
1744740149437 11.0 11
1744740149467 12.0 12
1744740149496 13.0 13
1744740149524 14.0 14
1744740239254 0.0 0
1744740239279 1.0 1
1744740239305 2.0 2
1744740239331 3.0 3
1744740239356 4.0 4
1744740239387 5.0 5
1744740239411 6.0 6
1744740239435 7.0 7
1744740239460 8.0 8
1744740239485 9.0 9
1744740239509 10.0 10
1744740239532 11.0 11
1744740239557 12.0 12
1744740239582 13.0 13
1744740239606 14.0 14
1744740330465 0.0 0
1744740330490 1.0 1
1744740330515 2.0 2
1744740330539 3.0 3
1744740330566 4.0 4
1744740330595 5.0 5
1744740330626 6.0 6
1744740330654 7.0 7
1744740330678 8.0 8
1744740330702 9.0 9
1744740330727 10.0 10
1744740330751 11.0 11
1744740330774 12.0 12
1744740330800 13.0 13
1744740330824 14.0 14
1744740419840 0.0 0
1744740419875 1.0 1
1744740419908 2.0 2
1744740419938 3.0 3
1744740419964 4.0 4
1744740419991 5.0 5
1744740420021 6.0 6
1744740420049 7.0 7
1744740420079 8.0 8
1744740420108 9.0 9
1744740420136 10.0 10
1744740420167 11.0 11
1744740420195 12.0 12
1744740420225 13.0 13
1744740420253 14.0 14
1744740510789 0.0 0
1744740510814 1.0 1
1744740510839 2.0 2
1744740510870 3.0 3
1744740510895 4.0 4
1744740510920 5.0 5
1744740510945 6.0 6
1744740510972 7.0 7
1744740510998 8.0 8
1744740511036 9.0 9
1744740511063 10.0 10
1744740511089 11.0 11
1744740511117 12.0 12
1744740511146 13.0 13
1744740511177 14.0 14
1744740598629 0.0 0
1744740598657 1.0 1
1744740598683 2.0 2
1744740598711 3.0 3
1744740598742 4.0 4
1744740598771 5.0 5
1744740598799 6.0 6
1744740598828 7.0 7
1744740598855 8.0 8
1744740598882 9.0 9
1744740598921 10.0 10
1744740598949 11.0 11
1744740598975 12.0 12
1744740599002 13.0 13
1744740599032 14.0 14
1744740687958 0.0 0
1744740688004 1.0 1
1744740688053 2.0 2
1744740688097 3.0 3
1744740688142 4.0 4
1744740688184 5.0 5
1744740688230 6.0 6
1744740688269 7.0 7
1744740688318 8.0 8
1744740688375 9.0 9
1744740688420 10.0 10
1744740688473 11.0 11
1744740688538 12.0 12
1744740688586 13.0 13
1744740688628 14.0 14
1744740779725 0.0 0
1744740779750 1.0 1
1744740779775 2.0 2
1744740779803 3.0 3
1744740779832 4.0 4
1744740779860 5.0 5
1744740779890 6.0 6
1744740779915 7.0 7
1744740779943 8.0 8
1744740779982 9.0 9
1744740780009 10.0 10
1744740780036 11.0 11
1744740780061 12.0 12
1744740780085 13.0 13
1744740780113 14.0 14
1744740874678 0.0 0
1744740874703 1.0 1
1744740874730 2.0 2
1744740874757 3.0 3
1744740874783 4.0 4
1744740874807 5.0 5
1744740874833 6.0 6
1744740874862 7.0 7
1744740874895 8.0 8
1744740874926 9.0 9
1744740874957 10.0 10
1744740874987 11.0 11
1744740875017 12.0 12
1744740875048 13.0 13
1744740875080 14.0 14
1744740966537 0.0 0
1744740966566 1.0 1
1744740966599 2.0 2
1744740966629 3.0 3
1744740966658 4.0 4
1744740966688 5.0 5
1744740966719 6.0 6
1744740966751 7.0 7
1744740966783 8.0 8
1744740966815 9.0 9
1744740966848 10.0 10
1744740966882 11.0 11
1744740966913 12.0 12
1744740966943 13.0 13
1744740966972 14.0 14
1744741060948 0.0 0
1744741060979 1.0 1
1744741061010 2.0 2
1744741061044 3.0 3
1744741061086 4.0 4
1744741061120 5.0 5
1744741061150 6.0 6
1744741061181 7.0 7
1744741061214 8.0 8
1744741061250 9.0 9
1744741061277 10.0 10
1744741061302 11.0 11
1744741061327 12.0 12
1744741061352 13.0 13
1744741061384 14.0 14
1744741154604 0.0 0
1744741154630 1.0 1
1744741154654 2.0 2
1744741154680 3.0 3
1744741154704 4.0 4
1744741154730 5.0 5
1744741154755 6.0 6
1744741154784 7.0 7
1744741154809 8.0 8
1744741154833 9.0 9
1744741154858 10.0 10
1744741154883 11.0 11
1744741154909 12.0 12
1744741154935 13.0 13
1744741154961 14.0 14
1744741244131 0.0 0
1744741244160 1.0 1
1744741244189 2.0 2
1744741244221 3.0 3
1744741244253 4.0 4
1744741244282 5.0 5
1744741244310 6.0 6
1744741244351 7.0 7
1744741244380 8.0 8
1744741244409 9.0 9
1744741244440 10.0 10
1744741244469 11.0 11
1744741244497 12.0 12
1744741244531 13.0 13
1744741244562 14.0 14
1744741336162 0.0 0
1744741336193 1.0 1
1744741336221 2.0 2
1744741336253 3.0 3
1744741336281 4.0 4
1744741336309 5.0 5
1744741336335 6.0 6
1744741336362 7.0 7
1744741336389 8.0 8
1744741336417 9.0 9
1744741336449 10.0 10
1744741336476 11.0 11
1744741336511 12.0 12
1744741336544 13.0 13
1744741336572 14.0 14
1744741425640 0.0 0
1744741425670 1.0 1
1744741425698 2.0 2
1744741425727 3.0 3
1744741425759 4.0 4
1744741425787 5.0 5
1744741425825 6.0 6
1744741425854 7.0 7
1744741425884 8.0 8
1744741425912 9.0 9
1744741425941 10.0 10
1744741425971 11.0 11
1744741425999 12.0 12
1744741426028 13.0 13
1744741426059 14.0 14
1744741515137 0.0 0
1744741515162 1.0 1
1744741515186 2.0 2
1744741515209 3.0 3
1744741515233 4.0 4
1744741515257 5.0 5
1744741515287 6.0 6
1744741515312 7.0 7
1744741515336 8.0 8
1744741515362 9.0 9
1744741515397 10.0 10
1744741515422 11.0 11
1744741515446 12.0 12
1744741515470 13.0 13
1744741515495 14.0 14
1744741604155 0.0 0
1744741604185 1.0 1
1744741604213 2.0 2
1744741604241 3.0 3
1744741604280 4.0 4
1744741604314 5.0 5
1744741604342 6.0 6
1744741604369 7.0 7
1744741604398 8.0 8
1744741604427 9.0 9
1744741604457 10.0 10
1744741604488 11.0 11
1744741604515 12.0 12
1744741604542 13.0 13
1744741604569 14.0 14
1744741692647 0.0 0
1744741692682 1.0 1
1744741692716 2.0 2
1744741692755 3.0 3
1744741692791 4.0 4
1744741692825 5.0 5
1744741692860 6.0 6
1744741692895 7.0 7
1744741692930 8.0 8
1744741692976 9.0 9
1744741693018 10.0 10
1744741693059 11.0 11
1744741693097 12.0 12
1744741693139 13.0 13
1744741693177 14.0 14
1744741780194 0.0 0
1744741780224 1.0 1
1744741780253 2.0 2
1744741780286 3.0 3
1744741780317 4.0 4
1744741780345 5.0 5
1744741780373 6.0 6
1744741780400 7.0 7
1744741780429 8.0 8
1744741780455 9.0 9
1744741780485 10.0 10
1744741780512 11.0 11
1744741780539 12.0 12
1744741780566 13.0 13
1744741780593 14.0 14
1744741876256 0.0 0
1744741876293 1.0 1
1744741876333 2.0 2
1744741876372 3.0 3
1744741876409 4.0 4
1744741876447 5.0 5
1744741876485 6.0 6
1744741876522 7.0 7
1744741876557 8.0 8
1744741876593 9.0 9
1744741876630 10.0 10
1744741876664 11.0 11
1744741876703 12.0 12
1744741876737 13.0 13
1744741876778 14.0 14
1744741966572 0.0 0
1744741966597 1.0 1
1744741966622 2.0 2
1744741966646 3.0 3
1744741966671 4.0 4
1744741966698 5.0 5
1744741966722 6.0 6
1744741966746 7.0 7
1744741966772 8.0 8
1744741966797 9.0 9
1744741966821 10.0 10
1744741966845 11.0 11
1744741966869 12.0 12
1744741966892 13.0 13
1744741966918 14.0 14
1744742059031 0.0 0
1744742059059 1.0 1
1744742059090 2.0 2
1744742059122 3.0 3
1744742059157 4.0 4
1744742059184 5.0 5
1744742059212 6.0 6
1744742059252 7.0 7
1744742059280 8.0 8
1744742059308 9.0 9
1744742059341 10.0 10
1744742059369 11.0 11
1744742059396 12.0 12
1744742059425 13.0 13
1744742059461 14.0 14
