1744733061336 31.645465850830078 0
1744733061369 21.87492561340332 1
1744733061411 16.804546356201172 2
1744733061438 15.732100486755371 3
1744733061467 15.145655632019043 4
1744733061494 16.8876895904541 5
1744733061537 15.733797073364258 6
1744733061577 14.532808303833008 7
1744733061619 13.390484809875488 8
1744733061648 12.250445365905762 9
1744733061677 11.765962600708008 10
1744733061705 11.800575256347656 11
1744733061735 11.041983604431152 12
1744733061765 9.97872543334961 13
1744733061791 8.965524673461914 14
1744733160593 9.401535034179688 0
1744733160619 9.430959701538086 1
1744733160644 9.265430450439453 2
1744733160667 7.305968284606934 3
1744733160692 7.5199761390686035 4
1744733160721 7.571745872497559 5
1744733160761 7.119122505187988 6
1744733160798 7.439120292663574 7
1744733160836 6.998333930969238 8
1744733160870 5.996699333190918 9
1744733160906 6.158195972442627 10
1744733160945 5.421623706817627 11
1744733160988 5.854119300842285 12
1744733161031 5.432613372802734 13
1744733161071 5.317935943603516 14
1744733257092 5.165586471557617 0
1744733257118 5.622307777404785 1
1744733257145 5.712403297424316 2
1744733257170 4.962404727935791 3
1744733257194 5.16382360458374 4
1744733257219 5.152490615844727 5
1744733257247 4.8589186668396 6
1744733257275 4.9170451164245605 7
1744733257331 4.533839702606201 8
1744733257382 3.9726977348327637 9
1744733257423 4.161857604980469 10
1744733257482 4.078174591064453 11
1744733257529 4.1790452003479 12
1744733257572 4.156134128570557 13
1744733257622 3.55928635597229 14
1744733357196 3.4637033939361572 0
1744733357226 5.261340141296387 1
1744733357255 3.537822723388672 2
1744733357305 3.9176464080810547 3
1744733357347 4.127468109130859 4
1744733357392 3.795264482498169 5
1744733357434 3.3958675861358643 6
1744733357474 3.3064637184143066 7
1744733357517 3.5889475345611572 8
1744733357559 3.875828981399536 9
1744733357599 3.7912039756774902 10
1744733357640 3.3730223178863525 11
1744733357692 3.285698652267456 12
1744733357736 3.357245445251465 13
1744733357774 3.4192121028900146 14
1744733457362 3.6267812252044678 0
1744733457422 4.717962741851807 1
1744733457486 3.664632797241211 2
1744733457533 3.456900119781494 3
1744733457582 4.054870128631592 4
1744733457629 3.746509075164795 5
1744733457678 3.434577703475952 6
1744733457730 3.180799961090088 7
1744733457792 3.190915584564209 8
1744733457863 3.3739426136016846 9
1744733457918 3.094672441482544 10
1744733457972 3.1460177898406982 11
1744733458020 2.847299575805664 12
1744733458067 2.9861414432525635 13
1744733458108 3.207918882369995 14
1744733565138 3.1248555183410645 0
1744733565186 4.068863391876221 1
1744733565229 3.536109447479248 2
1744733565272 3.11523175239563 3
1744733565320 3.278472900390625 4
1744733565365 3.511652946472168 5
1744733565410 3.1177313327789307 6
1744733565473 2.8435962200164795 7
1744733565525 3.073852777481079 8
1744733565572 3.0593342781066895 9
1744733565626 3.2973392009735107 10
1744733565675 2.929231882095337 11
1744733565722 2.9902968406677246 12
1744733565774 2.906717300415039 13
1744733565823 2.8913779258728027 14
1744733669353 3.15307354927063 0
1744733669389 4.1523942947387695 1
1744733669426 3.7500267028808594 2
1744733669463 3.2150285243988037 3
1744733669499 3.4585087299346924 4
1744733669538 3.2717044353485107 5
1744733669573 3.0928773880004883 6
1744733669610 2.9572389125823975 7
1744733669656 2.892352342605591 8
1744733669691 2.940793037414551 9
1744733669734 2.941659450531006 10
1744733669775 3.1121912002563477 11
1744733669814 2.744870901107788 12
1744733669856 2.494978427886963 13
1744733669901 2.5250236988067627 14
1744733772169 3.0453569889068604 0
1744733772225 4.203042984008789 1
1744733772264 3.2026588916778564 2
1744733772304 3.024470806121826 3
1744733772344 3.3675992488861084 4
1744733772385 3.399218797683716 5
1744733772431 2.9888412952423096 6
1744733772473 2.619981050491333 7
1744733772514 2.786515474319458 8
1744733772558 3.143301486968994 9
1744733772596 2.830598831176758 10
1744733772636 2.7423436641693115 11
1744733772672 2.839362621307373 12
1744733772709 2.837602138519287 13
1744733772745 2.6528706550598145 14
1744733874177 2.549717426300049 0
1744733874213 4.2885518074035645 1
1744733874263 3.053192138671875 2
1744733874305 2.6235833168029785 3
1744733874358 3.27030873298645 4
1744733874396 3.16023325920105 5
1744733874435 3.205026388168335 6
1744733874477 2.8574657440185547 7
1744733874524 2.9767065048217773 8
1744733874571 3.515192985534668 9
1744733874608 3.0613415241241455 10
1744733874646 2.9420864582061768 11
1744733874682 2.6150686740875244 12
1744733874718 2.687192678451538 13
1744733874760 2.7049083709716797 14
1744733964942 2.4608800411224365 0
1744733964968 4.29111385345459 1
1744733964993 3.025900363922119 2
1744733965019 2.7906301021575928 3
1744733965043 3.6426162719726562 4
1744733965067 2.6913821697235107 5
1744733965091 3.104712963104248 6
1744733965116 2.7104270458221436 7
1744733965142 2.7430033683776855 8
1744733965166 2.917945146560669 9
1744733965193 2.8969039916992188 10
1744733965217 2.8972885608673096 11
1744733965241 2.5069026947021484 12
1744733965266 2.5825181007385254 13
1744733965290 2.7413687705993652 14
1744734056365 2.77138352394104 0
1744734056398 4.271840572357178 1
1744734056425 2.9332275390625 2
1744734056452 2.783857583999634 3
1744734056479 3.3401246070861816 4
1744734056507 3.3768436908721924 5
1744734056535 2.821571111679077 6
1744734056564 2.4792275428771973 7
1744734056599 2.936086654663086 8
1744734056644 2.72475004196167 9
1744734056685 2.880859136581421 10
1744734056728 2.611018180847168 11
1744734056770 2.583347797393799 12
1744734056820 2.6265077590942383 13
1744734056878 2.461169719696045 14
1744734151120 2.388366937637329 0
1744734151149 4.045719146728516 1
1744734151192 2.8395814895629883 2
1744734151222 2.8929708003997803 3
1744734151251 3.3289542198181152 4
1744734151287 2.905211925506592 5
1744734151318 2.647592067718506 6
1744734151346 2.4454188346862793 7
1744734151375 2.656385660171509 8
1744734151403 2.8625288009643555 9
1744734151433 2.927178144454956 10
1744734151466 2.6442389488220215 11
1744734151494 2.680878162384033 12
1744734151523 2.4962117671966553 13
1744734151553 2.395156145095825 14
1744734243239 2.4659664630889893 0
1744734243287 4.464420318603516 1
1744734243331 2.5666372776031494 2
1744734243377 2.7828469276428223 3
1744734243425 3.2937376499176025 4
1744734243472 2.8762643337249756 5
1744734243510 2.621528148651123 6
1744734243548 2.6585006713867188 7
1744734243587 2.8860371112823486 8
1744734243626 2.5763301849365234 9
1744734243666 2.6964046955108643 10
1744734243707 2.7456023693084717 11
1744734243738 2.2784318923950195 12
1744734243764 2.424745559692383 13
1744734243790 2.2346699237823486 14
1744734332699 2.490234613418579 0
1744734332726 3.7115235328674316 1
1744734332755 2.7439568042755127 2
1744734332784 2.9802675247192383 3
1744734332814 3.074869155883789 4
1744734332842 2.7050654888153076 5
1744734332873 2.5741734504699707 6
1744734332901 2.5814428329467773 7
1744734332928 2.7608158588409424 8
1744734332958 2.437542200088501 9
1744734332985 2.371255397796631 10
1744734333014 2.5956971645355225 11
1744734333041 2.305596351623535 12
1744734333069 2.201850414276123 13
1744734333099 2.4691081047058105 14
1744734422776 2.1221537590026855 0
1744734422804 3.584240674972534 1
1744734422837 2.5951671600341797 2
1744734422881 3.026966094970703 3
1744734422921 3.070302724838257 4
1744734422961 2.4440157413482666 5
1744734423006 2.688960552215576 6
1744734423052 2.3045387268066406 7
1744734423093 2.5061984062194824 8
1744734423137 2.3294103145599365 9
1744734423180 2.208401918411255 10
1744734423237 2.2359325885772705 11
1744734423277 2.2501163482666016 12
1744734423322 2.4757795333862305 13
1744734423362 2.297755241394043 14
1744734515197 2.42563533782959 0
1744734515224 3.748483896255493 1
1744734515251 2.780299663543701 2
1744734515281 2.4688332080841064 3
1744734515308 3.398059368133545 4
1744734515338 2.5108835697174072 5
1744734515367 2.5407354831695557 6
1744734515395 2.267570734024048 7
1744734515423 2.5715999603271484 8
1744734515450 2.0124940872192383 9
1744734515478 2.4525842666625977 10
1744734515504 2.3965585231781006 11
1744734515530 2.0537097454071045 12
1744734515557 2.3115150928497314 13
1744734515584 2.0941107273101807 14
1744734604344 2.5214149951934814 0
1744734604371 4.024643421173096 1
1744734604399 2.461219549179077 2
1744734604424 2.5510480403900146 3
1744734604449 2.744753122329712 4
1744734604474 2.7545557022094727 5
1744734604498 2.267465829849243 6
1744734604522 2.1164910793304443 7
1744734604548 2.4316999912261963 8
1744734604573 2.749798059463501 9
1744734604597 2.3914294242858887 10
1744734604623 1.9487247467041016 11
1744734604647 2.310015916824341 12
1744734604671 2.133702278137207 13
1744734604695 2.0772547721862793 14
1744734693232 2.264397144317627 0
1744734693272 3.28621244430542 1
1744734693308 2.3087687492370605 2
1744734693343 2.3187053203582764 3
1744734693381 2.8578426837921143 4
1744734693420 2.6177470684051514 5
1744734693460 1.9458998441696167 6
1744734693495 2.1161928176879883 7
1744734693531 2.2331459522247314 8
1744734693566 2.3343665599823 9
1744734693602 2.5232667922973633 10
1744734693644 1.9445397853851318 11
1744734693686 1.75481116771698 12
1744734693733 1.9993255138397217 13
1744734693776 2.4870481491088867 14
1744734785688 2.104562997817993 0
1744734785716 3.354588270187378 1
1744734785744 2.4128925800323486 2
1744734785770 2.179744243621826 3
1744734785796 2.694265842437744 4
1744734785827 2.6088054180145264 5
1744734785854 2.0581934452056885 6
1744734785880 2.1297130584716797 7
1744734785907 2.308563232421875 8
1744734785934 2.036257743835449 9
1744734785960 1.9876030683517456 10
1744734785989 2.073779821395874 11
1744734786018 2.104689598083496 12
1744734786054 2.0589795112609863 13
1744734786087 2.148254871368408 14
1744734875973 1.9750618934631348 0
1744734876020 3.7956151962280273 1
1744734876062 2.5155627727508545 2
1744734876108 2.4724252223968506 3
1744734876160 2.574423313140869 4
1744734876214 2.463812828063965 5
1744734876261 2.117645502090454 6
1744734876300 1.830751657485962 7
1744734876338 1.937056303024292 8
1744734876379 2.06953763961792 9
1744734876420 2.241213321685791 10
1744734876462 2.0695013999938965 11
1744734876499 1.7296220064163208 12
1744734876540 1.722691297531128 13
1744734876577 1.7656502723693848 14
1744734967513 1.8993409872055054 0
1744734967539 3.2634389400482178 1
1744734967563 2.0820600986480713 2
1744734967589 1.9872490167617798 3
1744734967619 2.9910085201263428 4
1744734967650 2.213137626647949 5
1744734967675 1.956211805343628 6
1744734967699 1.9081649780273438 7
1744734967723 2.1126139163970947 8
1744734967748 1.9075324535369873 9
1744734967775 2.144432783126831 10
1744734967799 2.022275447845459 11
1744734967822 1.6894869804382324 12
1744734967846 2.0634167194366455 13
1744734967872 2.0840539932250977 14
1744735056380 1.6523337364196777 0
1744735056418 3.4439597129821777 1
1744735056444 2.016681671142578 2
1744735056468 2.361766815185547 3
1744735056491 2.7729485034942627 4
1744735056516 2.435908794403076 5
1744735056546 1.8465224504470825 6
1744735056573 2.1939520835876465 7
1744735056599 1.922764539718628 8
1744735056627 1.745853066444397 9
1744735056654 1.9453173875808716 10
1744735056680 1.9149558544158936 11
1744735056707 1.786474347114563 12
1744735056734 1.8801939487457275 13
1744735056764 1.8683278560638428 14
1744735147339 1.605299949645996 0
1744735147371 3.1391069889068604 1
1744735147402 1.9652137756347656 2
1744735147431 2.163452625274658 3
1744735147471 2.3955700397491455 4
1744735147499 2.516242265701294 5
1744735147528 1.6766078472137451 6
1744735147556 1.9837416410446167 7
1744735147585 2.0257480144500732 8
1744735147614 2.0645573139190674 9
1744735147641 1.9850656986236572 10
1744735147669 1.7069013118743896 11
1744735147697 1.8313689231872559 12
1744735147728 1.762127161026001 13
1744735147755 1.7876733541488647 14
1744735236217 1.8310490846633911 0
1744735236240 3.1823787689208984 1
1744735236266 1.9611592292785645 2
1744735236291 1.6904841661453247 3
1744735236315 2.129328966140747 4
1744735236339 1.9876391887664795 5
1744735236366 1.7950910329818726 6
1744735236390 1.7149559259414673 7
1744735236415 1.7194750308990479 8
1744735236439 2.0657310485839844 9
1744735236464 1.7277588844299316 10
1744735236488 1.488853931427002 11
1744735236511 2.007810592651367 12
1744735236535 1.684110403060913 13
1744735236566 1.7954684495925903 14
1744735323422 1.6517753601074219 0
1744735323450 2.7705421447753906 1
1744735323478 1.9220821857452393 2
1744735323505 1.8531886339187622 3
1744735323531 1.9900591373443604 4
1744735323558 1.9457545280456543 5
1744735323586 1.7865276336669922 6
1744735323614 1.674886703491211 7
1744735323642 1.701942801475525 8
1744735323672 2.138303756713867 9
1744735323703 1.8835512399673462 10
1744735323740 1.5616048574447632 11
1744735323771 1.5965995788574219 12
1744735323799 1.8743491172790527 13
1744735323826 1.6952935457229614 14
1744735413876 1.6003515720367432 0
1744735413907 3.1406352519989014 1
1744735413935 1.748072624206543 2
1744735413965 1.8320220708847046 3
1744735413992 2.3051247596740723 4
1744735414019 1.9008047580718994 5
1744735414046 1.8308231830596924 6
1744735414075 1.5687499046325684 7
1744735414104 1.9787936210632324 8
1744735414132 1.6699326038360596 9
1744735414160 1.5090577602386475 10
1744735414187 1.6639535427093506 11
1744735414216 1.487656831741333 12
1744735414243 1.6372230052947998 13
1744735414273 1.847061038017273 14
1744735502851 1.7937246561050415 0
1744735502880 2.6304187774658203 1
1744735502903 1.5666418075561523 2
1744735502929 2.000842332839966 3
1744735502957 2.2967913150787354 4
1744735502986 1.8460818529129028 5
1744735503015 1.7108750343322754 6
1744735503044 1.6755257844924927 7
1744735503073 1.6933274269104004 8
1744735503100 1.7886987924575806 9
1744735503126 1.6869585514068604 10
1744735503150 1.6583517789840698 11
1744735503175 1.5776944160461426 12
1744735503199 1.5365688800811768 13
1744735503223 1.6994719505310059 14
1744735593946 1.4295079708099365 0
1744735593983 2.7585432529449463 1
1744735594028 1.5723378658294678 2
1744735594069 1.8152395486831665 3
1744735594109 1.9741530418395996 4
1744735594154 1.7140140533447266 5
1744735594200 1.6169235706329346 6
1744735594262 1.578049659729004 7
1744735594315 1.7184116840362549 8
1744735594361 1.6858749389648438 9
1744735594406 1.6243678331375122 10
1744735594447 1.4580276012420654 11
1744735594488 1.5563558340072632 12
1744735594529 1.6334797143936157 13
1744735594569 1.6033704280853271 14
1744735684288 1.5590453147888184 0
1744735684317 2.6819701194763184 1
1744735684344 1.587099313735962 2
1744735684375 1.6641387939453125 3
1744735684405 1.8679910898208618 4
1744735684445 1.866555094718933 5
1744735684474 1.734573483467102 6
1744735684503 1.6461988687515259 7
1744735684531 2.2561287879943848 8
1744735684558 1.6777809858322144 9
1744735684588 1.7955684661865234 10
1744735684617 1.6518168449401855 11
1744735684648 1.664172649383545 12
1744735684675 1.7055203914642334 13
1744735684706 1.6907379627227783 14
1744735773526 1.6805371046066284 0
1744735773567 2.3242368698120117 1
1744735773621 1.6972293853759766 2
1744735773663 1.9939554929733276 3
1744735773705 1.871790885925293 4
1744735773748 1.9290844202041626 5
1744735773788 1.415045142173767 6
1744735773830 1.6079248189926147 7
1744735773872 1.630584955215454 8
1744735773915 1.7545559406280518 9
1744735773962 1.4845329523086548 10
1744735774013 1.5573792457580566 11
1744735774061 1.4877924919128418 12
1744735774114 1.7270727157592773 13
1744735774159 1.4502547979354858 14
1744735863267 1.617948293685913 0
1744735863294 2.754944086074829 1
1744735863321 1.5456194877624512 2
1744735863347 1.6123719215393066 3
1744735863379 2.078871726989746 4
1744735863407 1.979961633682251 5
1744735863439 1.8007493019104004 6
1744735863464 1.5620731115341187 7
1744735863488 1.8079622983932495 8
1744735863512 1.8933043479919434 9
1744735863536 1.693108320236206 10
1744735863572 1.583077073097229 11
1744735863596 1.807486653327942 12
1744735863622 1.5630645751953125 13
1744735863651 1.581930160522461 14
1744735958024 1.5030097961425781 0
1744735958049 2.598008632659912 1
1744735958074 1.5348151922225952 2
1744735958099 1.778789758682251 3
1744735958122 2.080994129180908 4
1744735958147 1.7525079250335693 5
1744735958172 1.6131832599639893 6
1744735958197 1.6145161390304565 7
1744735958223 1.8736488819122314 8
1744735958251 1.9542757272720337 9
1744735958277 1.3011914491653442 10
1744735958303 1.4940738677978516 11
1744735958328 1.6470813751220703 12
1744735958353 1.4469983577728271 13
1744735958389 1.3873642683029175 14
1744736046173 1.5591928958892822 0
1744736046198 2.279236078262329 1
1744736046224 1.5018105506896973 2
1744736046249 1.448900818824768 3
1744736046275 2.0115604400634766 4
1744736046300 1.7487237453460693 5
1744736046328 1.3900460004806519 6
1744736046353 1.568265676498413 7
1744736046377 1.7472491264343262 8
1744736046402 1.582742691040039 9
1744736046428 1.626487374305725 10
1744736046455 1.3987823724746704 11
1744736046480 1.3118278980255127 12
1744736046506 1.390575647354126 13
1744736046533 1.4678668975830078 14
1744736135642 1.3255189657211304 0
1744736135677 2.3599114418029785 1
1744736135713 1.4634922742843628 2
1744736135747 1.6347625255584717 3
1744736135786 1.6219112873077393 4
1744736135824 1.6428899765014648 5
1744736135866 1.409665822982788 6
1744736135907 1.5561414957046509 7
1744736135948 1.452444076538086 8
1744736135985 1.5647048950195312 9
1744736136026 1.5612139701843262 10
1744736136076 1.4669703245162964 11
1744736136112 1.432627558708191 12
1744736136151 1.529019832611084 13
1744736136188 1.2952409982681274 14
1744736227039 1.3855469226837158 0
1744736227067 2.489863634109497 1
1744736227104 1.384223222732544 2
1744736227133 1.6422721147537231 3
1744736227158 2.030745506286621 4
1744736227185 1.5968024730682373 5
1744736227210 1.434545874595642 6
1744736227233 1.6379966735839844 7
1744736227258 1.7462639808654785 8
1744736227283 1.6088223457336426 9
1744736227309 1.5350453853607178 10
1744736227332 1.47078537940979 11
1744736227357 1.3476072549819946 12
1744736227384 1.461604118347168 13
1744736227408 1.5481079816818237 14
1744736320354 1.4791308641433716 0
1744736320392 2.221662998199463 1
1744736320425 1.5243339538574219 2
1744736320456 1.418755292892456 3
1744736320492 1.6766986846923828 4
1744736320521 1.835749626159668 5
1744736320551 1.447462797164917 6
1744736320581 1.7500494718551636 7
1744736320615 1.407784104347229 8
1744736320645 1.653003454208374 9
1744736320677 1.4409730434417725 10
1744736320706 1.3895578384399414 11
1744736320738 1.2483525276184082 12
1744736320770 1.55734384059906 13
1744736320804 1.3610337972640991 14
1744736411160 1.4013694524765015 0
1744736411186 2.301586866378784 1
1744736411211 1.4579648971557617 2
1744736411247 1.5759252309799194 3
1744736411271 1.7488408088684082 4
1744736411295 1.743171215057373 5
1744736411319 1.3607040643692017 6
1744736411344 1.365990161895752 7
1744736411369 1.5288159847259521 8
1744736411394 1.545306921005249 9
1744736411418 1.602120280265808 10
1744736411444 1.5106323957443237 11
1744736411471 1.413619875907898 12
1744736411497 1.3544901609420776 13
1744736411523 1.7042317390441895 14
1744736503119 1.4182205200195312 0
1744736503147 2.064444065093994 1
1744736503172 1.3887431621551514 2
1744736503199 1.5762956142425537 3
1744736503224 1.7550644874572754 4
1744736503251 1.556550145149231 5
1744736503280 1.4414350986480713 6
1744736503310 1.34293532371521 7
1744736503338 1.5591052770614624 8
1744736503366 1.3800148963928223 9
1744736503395 1.3760532140731812 10
1744736503422 1.4918251037597656 11
1744736503451 1.421105146408081 12
1744736503479 1.5451257228851318 13
1744736503510 1.4521629810333252 14
1744736591875 1.4207764863967896 0
1744736591900 2.112515449523926 1
1744736591925 1.4726674556732178 2
1744736591950 1.5667868852615356 3
1744736591975 1.716894268989563 4
1744736592000 1.6273831129074097 5
1744736592029 1.3667100667953491 6
1744736592066 1.3806183338165283 7
1744736592095 1.4577590227127075 8
1744736592120 1.5740888118743896 9
1744736592144 1.4126276969909668 10
1744736592169 1.3412882089614868 11
1744736592205 1.5171732902526855 12
1744736592245 1.46682608127594 13
1744736592283 1.4483380317687988 14
1744736682584 1.1977200508117676 0
1744736682624 2.2273478507995605 1
1744736682649 1.5688194036483765 2
1744736682673 1.6491225957870483 3
1744736682697 1.8288687467575073 4
1744736682722 1.4508867263793945 5
1744736682748 1.5182628631591797 6
1744736682772 1.4657211303710938 7
1744736682798 1.4141188859939575 8
1744736682826 1.454899787902832 9
1744736682854 1.6624424457550049 10
1744736682882 1.4475058317184448 11
1744736682909 1.3436472415924072 12
1744736682936 1.4183743000030518 13
1744736682962 1.3714038133621216 14
1744736770835 1.3814167976379395 0
1744736770863 1.8944536447525024 1
1744736770887 1.6353354454040527 2
1744736770911 1.4968008995056152 3
1744736770936 1.8089853525161743 4
1744736770963 1.8195040225982666 5
1744736770987 1.751993179321289 6
1744736771012 1.2980672121047974 7
1744736771036 1.8024405241012573 8
1744736771061 1.4752295017242432 9
1744736771085 1.5457476377487183 10
1744736771109 1.526963233947754 11
1744736771132 1.3750476837158203 12
1744736771159 1.7161662578582764 13
1744736771183 1.208044171333313 14
1744736860067 1.3404240608215332 0
1744736860095 2.286364793777466 1
1744736860128 1.6187219619750977 2
1744736860158 1.7617604732513428 3
1744736860186 1.80856192111969 4
1744736860215 1.5219817161560059 5
1744736860242 1.456040382385254 6
1744736860270 1.3870681524276733 7
1744736860296 1.3912858963012695 8
1744736860324 1.6176531314849854 9
1744736860352 1.362188458442688 10
1744736860378 1.0666826963424683 11
1744736860405 1.3364579677581787 12
1744736860433 1.2675267457962036 13
1744736860460 1.2866336107254028 14
1744736948317 1.2901623249053955 0
1744736948351 1.9164971113204956 1
1744736948386 1.3135591745376587 2
1744736948411 1.4226516485214233 3
1744736948435 1.7272911071777344 4
1744736948462 1.5966582298278809 5
1744736948487 1.4204366207122803 6
1744736948510 1.4712454080581665 7
1744736948534 1.431089162826538 8
1744736948557 1.3746775388717651 9
1744736948581 1.3315860033035278 10
1744736948605 1.3284010887145996 11
1744736948630 1.4635167121887207 12
1744736948655 1.353233814239502 13
1744736948681 1.3959720134735107 14
1744737034954 1.4509758949279785 0
1744737034991 2.000551462173462 1
1744737035040 1.5050867795944214 2
1744737035080 1.3815456628799438 3
1744737035125 1.7660835981369019 4
1744737035163 1.3096873760223389 5
1744737035200 1.1670680046081543 6
1744737035238 1.460216999053955 7
1744737035275 1.410715103149414 8
1744737035316 1.5623348951339722 9
1744737035361 1.3305652141571045 10
1744737035410 1.2886543273925781 11
1744737035450 1.3699395656585693 12
1744737035488 1.5393834114074707 13
1744737035527 1.3335347175598145 14
1744737125469 1.5140886306762695 0
1744737125494 1.8848704099655151 1
1744737125520 1.719828486442566 2
1744737125545 1.4593250751495361 3
1744737125569 1.792654037475586 4
1744737125593 1.7412428855895996 5
1744737125619 1.5297627449035645 6
1744737125645 1.1722323894500732 7
1744737125670 1.4728448390960693 8
1744737125695 1.2283822298049927 9
1744737125721 1.5017420053482056 10
1744737125746 1.4797286987304688 11
1744737125770 1.4761238098144531 12
1744737125794 1.4448442459106445 13
1744737125819 1.4522829055786133 14
1744737213328 1.2948884963989258 0
1744737213353 1.756098985671997 1
1744737213381 1.323594093322754 2
1744737213407 1.4306890964508057 3
1744737213431 1.4946717023849487 4
1744737213458 1.5966886281967163 5
1744737213483 1.1872187852859497 6
1744737213507 1.2679063081741333 7
1744737213532 1.3809750080108643 8
1744737213557 1.5088341236114502 9
1744737213582 1.3629788160324097 10
1744737213606 1.433476209640503 11
1744737213631 1.2004657983779907 12
1744737213657 1.431528925895691 13
1744737213681 1.3365987539291382 14
1744737304280 1.3342304229736328 0
1744737304308 2.1262805461883545 1
1744737304336 1.47380793094635 2
1744737304366 1.5086216926574707 3
1744737304401 1.679429054260254 4
1744737304430 1.5180668830871582 5
1744737304462 1.568713665008545 6
1744737304489 1.3992185592651367 7
1744737304517 1.7274084091186523 8
1744737304544 1.3940742015838623 9
1744737304573 1.291029930114746 10
1744737304603 1.282086968421936 11
1744737304632 1.2563377618789673 12
1744737304659 1.1998803615570068 13
1744737304689 1.2762250900268555 14
1744737393007 1.4650784730911255 0
1744737393034 1.9470627307891846 1
1744737393058 1.4162917137145996 2
1744737393082 1.6108086109161377 3
1744737393107 1.3997232913970947 4
1744737393136 1.6526899337768555 5
1744737393162 1.409051775932312 6
1744737393187 1.477005958557129 7
1744737393211 1.4193869829177856 8
1744737393236 1.4186389446258545 9
1744737393261 1.2473125457763672 10
1744737393286 1.3726922273635864 11
1744737393315 1.4100955724716187 12
1744737393342 1.3747713565826416 13
1744737393372 1.4881497621536255 14
1744737483145 1.3069602251052856 0
1744737483180 1.522921085357666 1
1744737483207 1.5643833875656128 2
1744737483232 1.816834568977356 3
1744737483260 1.777212142944336 4
1744737483289 1.3507401943206787 5
1744737483313 1.5147544145584106 6
1744737483338 1.38579261302948 7
1744737483363 1.605661153793335 8
1744737483387 1.742117166519165 9
1744737483416 1.3476561307907104 10
1744737483445 1.511983036994934 11
1744737483474 1.2774252891540527 12
1744737483508 1.5730839967727661 13
1744737483536 1.5745424032211304 14
1744737572493 1.2802324295043945 0
1744737572520 2.089763641357422 1
1744737572549 1.3805760145187378 2
1744737572576 1.504408597946167 3
1744737572603 1.5925837755203247 4
1744737572630 1.491618037223816 5
1744737572656 1.3634061813354492 6
1744737572687 1.354528784751892 7
1744737572716 1.670154333114624 8
1744737572754 1.5050108432769775 9
1744737572786 1.625855565071106 10
1744737572814 1.2819491624832153 11
1744737572842 1.2090367078781128 12
1744737572872 1.252349853515625 13
1744737572898 1.24209463596344 14
1744737662822 1.2878570556640625 0
1744737662847 1.8598990440368652 1
1744737662881 1.5088870525360107 2
1744737662904 1.328413724899292 3
1744737662931 1.7221802473068237 4
1744737662954 1.8343127965927124 5
1744737662979 1.3866136074066162 6
1744737663004 1.3284043073654175 7
1744737663032 1.571441411972046 8
1744737663058 1.4440819025039673 9
1744737663083 1.5032479763031006 10
1744737663108 1.3764688968658447 11
1744737663133 1.323083758354187 12
1744737663157 1.4904308319091797 13
1744737663181 1.3178737163543701 14
1744737750183 1.3211289644241333 0
1744737750211 1.8491325378417969 1
1744737750237 1.2521634101867676 2
1744737750265 1.531467318534851 3
1744737750292 1.4888622760772705 4
1744737750321 1.3802717924118042 5
1744737750348 1.3106184005737305 6
1744737750379 1.311967372894287 7
1744737750406 1.417758584022522 8
1744737750434 1.3921852111816406 9
1744737750462 1.2951864004135132 10
1744737750495 1.232651948928833 11
1744737750528 1.3676602840423584 12
1744737750559 1.3061169385910034 13
1744737750587 1.4800806045532227 14
1744737837851 1.338978886604309 0
1744737837878 2.1432480812072754 1
1744737837904 1.4228264093399048 2
1744737837933 1.6400704383850098 3
1744737837959 1.8200726509094238 4
1744737837985 1.5019128322601318 5
1744737838014 1.6578261852264404 6
1744737838044 1.5818960666656494 7
1744737838071 1.5487854480743408 8
1744737838098 1.717445969581604 9
1744737838126 1.4748904705047607 10
1744737838153 1.5033409595489502 11
1744737838180 1.3406198024749756 12
1744737838207 1.4068901538848877 13
1744737838236 1.4952367544174194 14
1744737926218 1.6080378293991089 0
1744737926244 1.6891860961914062 1
1744737926278 1.529802918434143 2
1744737926309 1.476698398590088 3
1744737926337 1.458005428314209 4
1744737926365 1.3556504249572754 5
1744737926392 1.5756173133850098 6
1744737926420 1.3101497888565063 7
1744737926448 1.4542882442474365 8
1744737926475 1.4212855100631714 9
1744737926502 1.3530073165893555 10
1744737926528 1.2563055753707886 11
1744737926554 1.5452914237976074 12
1744737926585 1.5126335620880127 13
1744737926613 1.4190911054611206 14
1744738014921 1.3320996761322021 0
1744738014946 1.6690038442611694 1
1744738014972 1.7697983980178833 2
1744738015003 1.4289638996124268 3
1744738015030 1.4527349472045898 4
1744738015058 1.5270564556121826 5
1744738015084 1.591547966003418 6
1744738015110 1.3834887742996216 7
1744738015138 1.413801908493042 8
1744738015168 1.5564348697662354 9
1744738015214 1.5962419509887695 10
1744738015242 1.4827802181243896 11
1744738015275 1.3976054191589355 12
1744738015303 1.360837697982788 13
1744738015329 1.4353954792022705 14
1744738102120 1.7102978229522705 0
1744738102161 1.8107545375823975 1
1744738102208 1.6136252880096436 2
1744738102245 1.5831680297851562 3
1744738102287 1.4651861190795898 4
1744738102324 1.3947731256484985 5
1744738102363 1.4022996425628662 6
1744738102414 1.3290668725967407 7
1744738102462 1.3572335243225098 8
1744738102508 1.3028674125671387 9
1744738102552 1.2333903312683105 10
1744738102596 1.2268201112747192 11
1744738102636 1.3659601211547852 12
1744738102680 1.188215970993042 13
1744738102719 1.2512531280517578 14
1744738190463 1.3919503688812256 0
1744738190487 1.621168851852417 1
1744738190510 1.631453514099121 2
1744738190534 1.4617255926132202 3
1744738190559 1.6106586456298828 4
1744738190583 1.5284477472305298 5
1744738190606 1.4478288888931274 6
1744738190630 1.6243021488189697 7
1744738190654 1.4639002084732056 8
1744738190680 1.391792893409729 9
1744738190703 1.4355305433273315 10
1744738190728 1.6026511192321777 11
1744738190751 1.5174851417541504 12
1744738190782 1.6382055282592773 13
1744738190810 1.5456750392913818 14
1744738277024 1.3758119344711304 0
1744738277048 1.986844778060913 1
1744738277072 1.2283031940460205 2
1744738277096 1.5490834712982178 3
1744738277123 1.449681043624878 4
1744738277147 1.8725675344467163 5
1744738277173 1.5273174047470093 6
1744738277199 1.5213251113891602 7
1744738277223 1.4333668947219849 8
1744738277247 1.6025400161743164 9
1744738277273 1.6404145956039429 10
1744738277297 1.7316815853118896 11
1744738277325 1.7355272769927979 12
1744738277361 1.962235927581787 13
1744738277386 1.612457036972046 14
1744738366685 1.5578117370605469 0
1744738366735 1.8941506147384644 1
1744738366776 1.5194599628448486 2
1744738366816 1.454948902130127 3
1744738366855 1.5957971811294556 4
1744738366894 1.5097649097442627 5
1744738366933 1.493735909461975 6
1744738366969 1.345178484916687 7
1744738366994 1.7007807493209839 8
1744738367019 1.5224285125732422 9
1744738367050 1.2784367799758911 10
1744738367075 1.4096319675445557 11
1744738367099 1.708608865737915 12
1744738367124 1.5194149017333984 13
1744738367148 1.177598476409912 14
1744738454981 2.021552085876465 0
1744738455021 1.9863715171813965 1
1744738455047 1.8590290546417236 2
1744738455075 1.4606478214263916 3
1744738455102 1.7241318225860596 4
1744738455135 1.634742259979248 5
1744738455169 1.4564342498779297 6
1744738455198 1.6041568517684937 7
1744738455223 1.59211003780365 8
1744738455246 1.6772525310516357 9
1744738455281 1.9140396118164062 10
1744738455307 1.8819897174835205 11
1744738455332 1.7270750999450684 12
1744738455356 1.7767373323440552 13
1744738455386 1.7287588119506836 14
1744738541350 1.7724121809005737 0
1744738541377 1.9027092456817627 1
1744738541404 1.6838243007659912 2
1744738541428 1.5989640951156616 3
1744738541453 1.405592679977417 4
1744738541478 1.815657615661621 5
1744738541502 1.4063465595245361 6
1744738541525 1.2765949964523315 7
1744738541551 1.4812374114990234 8
1744738541575 1.5117709636688232 9
1744738541598 1.5155575275421143 10
1744738541623 1.4752694368362427 11
1744738541647 1.6010583639144897 12
1744738541671 1.6090857982635498 13
1744738541697 1.3123888969421387 14
1744738632004 1.4582096338272095 0
1744738632031 1.5200003385543823 1
1744738632059 1.4716004133224487 2
1744738632087 1.6030974388122559 3
1744738632116 1.4891135692596436 4
1744738632149 1.6760904788970947 5
1744738632178 1.8297905921936035 6
1744738632209 1.602778434753418 7
1744738632246 1.6685359477996826 8
1744738632273 1.6691224575042725 9
1744738632300 1.5058867931365967 10
1744738632327 1.518653154373169 11
1744738632357 1.655489444732666 12
1744738632384 1.7768800258636475 13
1744738632411 1.4244366884231567 14
1744738721011 1.3660924434661865 0
1744738721036 1.7751593589782715 1
1744738721061 1.381453037261963 2
1744738721085 1.741887092590332 3
1744738721110 1.7674366235733032 4
1744738721134 1.6173672676086426 5
1744738721164 1.510775089263916 6
1744738721198 1.402430772781372 7
1744738721229 1.3735648393630981 8
1744738721260 1.6724207401275635 9
1744738721286 1.3951828479766846 10
1744738721310 1.946824312210083 11
1744738721334 1.422132968902588 12
1744738721360 1.73099684715271 13
1744738721385 1.4904940128326416 14
1744738810833 1.654205560684204 0
1744738810879 2.019454002380371 1
1744738810919 1.5348179340362549 2
1744738810960 1.589017391204834 3
1744738811004 1.6531784534454346 4
1744738811047 1.6216673851013184 5
1744738811092 1.693840503692627 6
1744738811147 1.468754529953003 7
1744738811185 1.7321882247924805 8
1744738811223 1.626659631729126 9
1744738811264 1.566727638244629 10
1744738811317 1.438976526260376 11
1744738811357 1.8737807273864746 12
1744738811395 1.336629867553711 13
1744738811434 1.791146993637085 14
1744738898894 1.6693111658096313 0
1744738898920 1.6795686483383179 1
1744738898944 1.6781039237976074 2
1744738898968 1.4724781513214111 3
1744738898994 1.568595051765442 4
1744738899019 1.6993718147277832 5
1744738899045 1.5657352209091187 6
1744738899071 1.6483900547027588 7
1744738899102 1.4459868669509888 8
1744738899126 1.2775616645812988 9
1744738899151 1.6623996496200562 10
1744738899176 1.5953364372253418 11
1744738899200 1.5307648181915283 12
1744738899226 1.6029400825500488 13
1744738899253 1.7117559909820557 14
1744738987837 1.6463873386383057 0
1744738987879 1.9813504219055176 1
1744738987908 1.36910879611969 2
1744738987936 1.8255281448364258 3
1744738987966 1.5754848718643188 4
1744738987994 1.4410803318023682 5
1744738988023 1.7279677391052246 6
1744738988052 1.8381797075271606 7
1744738988079 1.5011835098266602 8
1744738988108 1.4187452793121338 9
1744738988135 1.574911117553711 10
1744738988164 1.7804770469665527 11
1744738988192 1.6770501136779785 12
1744738988219 1.906543493270874 13
1744738988247 1.5675766468048096 14
1744739078171 1.642573595046997 0
1744739078195 2.033006191253662 1
1744739078219 1.4750933647155762 2
1744739078243 1.7479546070098877 3
1744739078267 1.7140438556671143 4
1744739078298 1.5063931941986084 5
1744739078326 1.8130292892456055 6
1744739078353 1.5128779411315918 7
1744739078378 1.3867172002792358 8
1744739078402 1.9017302989959717 9
1744739078425 1.5813932418823242 10
1744739078448 1.5538692474365234 11
1744739078472 1.5644352436065674 12
1744739078498 1.4869449138641357 13
1744739078521 1.6760461330413818 14
1744739166403 1.3226191997528076 0
1744739166428 1.5111503601074219 1
1744739166457 1.5328023433685303 2
1744739166485 1.755249261856079 3
1744739166511 1.5900993347167969 4
1744739166542 1.7271798849105835 5
1744739166567 1.7747572660446167 6
1744739166593 1.6723027229309082 7
1744739166625 1.6483726501464844 8
1744739166662 1.7496107816696167 9
1744739166686 1.7957961559295654 10
1744739166711 1.5646874904632568 11
1744739166736 1.9891622066497803 12
1744739166760 1.6843650341033936 13
1744739166785 1.5467114448547363 14
1744739256827 1.8161730766296387 0
1744739256868 2.086233139038086 1
1744739256908 1.5771408081054688 2
1744739256947 1.9387059211730957 3
1744739256988 1.8132637739181519 4
1744739257031 1.625760793685913 5
1744739257071 1.81598961353302 6
1744739257116 1.6373343467712402 7
1744739257158 1.5295634269714355 8
1744739257209 1.7986451387405396 9
1744739257249 1.7241301536560059 10
1744739257288 1.875673770904541 11
1744739257329 1.523730993270874 12
1744739257368 1.2446231842041016 13
1744739257416 1.7155861854553223 14
1744739345651 1.8986847400665283 0
1744739345675 1.8194468021392822 1
1744739345700 1.8665804862976074 2
1744739345725 1.9750211238861084 3
1744739345753 2.0509769916534424 4
1744739345780 1.7565386295318604 5
1744739345805 1.5900845527648926 6
1744739345829 1.8834128379821777 7
1744739345853 1.616663932800293 8
1744739345877 1.925511121749878 9
1744739345901 1.8823695182800293 10
1744739345926 1.6736910343170166 11
1744739345951 1.7750436067581177 12
1744739345975 1.4311776161193848 13
1744739345999 1.5124576091766357 14
1744739433734 1.4232823848724365 0
1744739433759 1.640584111213684 1
1744739433784 1.5715415477752686 2
1744739433808 1.942654013633728 3
1744739433835 1.9720563888549805 4
1744739433859 1.9553496837615967 5
1744739433884 1.5610718727111816 6
1744739433909 1.6732378005981445 7
1744739433934 1.894819736480713 8
1744739433958 1.7676482200622559 9
1744739433982 1.558983325958252 10
1744739434007 1.8788260221481323 11
1744739434031 1.8349156379699707 12
1744739434057 1.8266758918762207 13
1744739434085 1.9321134090423584 14
1744739523757 1.596946120262146 0
1744739523786 2.0736095905303955 1
1744739523817 1.538316011428833 2
1744739523845 1.767909049987793 3
1744739523879 2.073068857192993 4
1744739523913 1.8825390338897705 5
1744739523941 1.819995641708374 6
1744739523969 1.7941944599151611 7
1744739523998 1.884100317955017 8
1744739524027 1.8396106958389282 9
1744739524055 1.6672358512878418 10
1744739524092 1.8715169429779053 11
1744739524124 1.7062690258026123 12
1744739524151 1.984462857246399 13
1744739524179 2.0963516235351562 14
1744739611578 1.7998504638671875 0
1744739611602 2.0805859565734863 1
1744739611626 1.5856990814208984 2
1744739611651 2.1322684288024902 3
1744739611675 1.6929941177368164 4
1744739611701 1.7941960096359253 5
1744739611725 1.4220147132873535 6
1744739611750 2.010920286178589 7
1744739611775 1.6667954921722412 8
1744739611803 1.3305270671844482 9
1744739611827 1.5991263389587402 10
1744739611850 1.7368719577789307 11
1744739611874 1.4958341121673584 12
1744739611898 1.6639957427978516 13
1744739611925 1.2870416641235352 14
1744739699016 1.741706371307373 0
1744739699056 2.0430378913879395 1
1744739699093 1.4925187826156616 2
1744739699138 2.1364688873291016 3
1744739699178 2.2344515323638916 4
1744739699224 1.8289061784744263 5
1744739699260 1.627578854560852 6
1744739699299 1.5897064208984375 7
1744739699336 1.6558533906936646 8
1744739699376 1.731689691543579 9
1744739699415 1.9300545454025269 10
1744739699451 1.5610146522521973 11
1744739699488 1.6282169818878174 12
1744739699523 1.8194384574890137 13
1744739699559 1.7107735872268677 14
1744739789530 1.5269005298614502 0
1744739789554 1.8826375007629395 1
1744739789579 1.9052355289459229 2
1744739789603 1.8383543491363525 3
1744739789631 1.902108907699585 4
1744739789656 1.8440406322479248 5
1744739789681 1.927417516708374 6
1744739789705 2.0118844509124756 7
1744739789733 1.9042683839797974 8
1744739789760 1.7256755828857422 9
1744739789786 1.5611577033996582 10
1744739789811 1.7107064723968506 11
1744739789836 1.9773457050323486 12
1744739789861 1.7368167638778687 13
1744739789886 1.6751837730407715 14
1744739878588 2.0337984561920166 0
1744739878617 1.7257347106933594 1
1744739878645 1.7927120923995972 2
1744739878678 1.5964237451553345 3
1744739878708 2.0603835582733154 4
1744739878736 1.6077107191085815 5
1744739878768 1.9180351495742798 6
1744739878795 1.787966251373291 7
1744739878822 1.6795201301574707 8
1744739878850 1.7166292667388916 9
1744739878877 2.3120405673980713 10
1744739878909 1.7322396039962769 11
1744739878937 1.45650053024292 12
1744739878975 1.7594623565673828 13
1744739879007 1.7927477359771729 14
1744739969454 1.9891383647918701 0
1744739969483 2.2933361530303955 1
1744739969510 2.495327949523926 2
1744739969538 2.121572732925415 3
1744739969566 2.208202362060547 4
1744739969597 1.811746597290039 5
1744739969627 2.0548014640808105 6
1744739969656 1.7832179069519043 7
1744739969685 2.1664793491363525 8
1744739969710 2.1912100315093994 9
1744739969735 1.864351511001587 10
1744739969759 1.4886186122894287 11
1744739969784 1.90329909324646 12
1744739969811 1.857062816619873 13
1744739969844 2.10353684425354 14
1744740058380 2.204979419708252 0
1744740058406 1.7591876983642578 1
1744740058430 2.1772847175598145 2
1744740058468 1.706607460975647 3
1744740058499 2.154207706451416 4
1744740058525 2.0642447471618652 5
1744740058549 1.8500690460205078 6
1744740058574 1.5965322256088257 7
1744740058600 1.9099204540252686 8
1744740058625 2.092228412628174 9
1744740058648 1.2768114805221558 10
1744740058673 1.5557305812835693 11
1744740058697 2.119462251663208 12
1744740058720 1.6622849702835083 13
1744740058744 1.9094462394714355 14
1744740149131 2.068938970565796 0
1744740149160 2.0671627521514893 1
1744740149188 1.8666472434997559 2
1744740149214 1.8546257019042969 3
1744740149243 2.1964900493621826 4
1744740149273 1.9300825595855713 5
1744740149299 2.1077113151550293 6
1744740149326 1.6140353679656982 7
1744740149352 2.1506283283233643 8
1744740149381 2.609875202178955 9
1744740149409 1.7069175243377686 10
1744740149437 1.9250586032867432 11
1744740149467 1.8500189781188965 12
1744740149496 2.2027339935302734 13
1744740149524 1.8903138637542725 14
1744740239254 1.7795758247375488 0
1744740239279 2.0262808799743652 1
1744740239305 2.2299883365631104 2
1744740239331 2.030355215072632 3
1744740239356 2.1336331367492676 4
1744740239387 2.2636008262634277 5
1744740239411 1.8693788051605225 6
1744740239435 1.9227814674377441 7
1744740239460 1.9249672889709473 8
1744740239485 1.765268087387085 9
1744740239509 1.8304293155670166 10
1744740239532 1.9124424457550049 11
1744740239557 1.643775463104248 12
1744740239582 1.712101936340332 13
1744740239606 1.7037475109100342 14
1744740330465 1.9986907243728638 0
1744740330490 1.899857521057129 1
1744740330515 1.950380802154541 2
1744740330539 1.8060712814331055 3
1744740330566 1.8870487213134766 4
1744740330595 2.1315183639526367 5
1744740330626 1.8961405754089355 6
1744740330654 1.9833340644836426 7
1744740330678 2.107574224472046 8
1744740330702 1.9206476211547852 9
1744740330727 2.2735118865966797 10
1744740330751 1.523636817932129 11
1744740330774 1.721909523010254 12
1744740330800 1.9541022777557373 13
1744740330824 1.7977144718170166 14
1744740419840 1.865189552307129 0
1744740419875 2.0648207664489746 1
1744740419908 2.1947715282440186 2
1744740419938 2.6272804737091064 3
1744740419964 2.3630306720733643 4
1744740419991 2.2268755435943604 5
1744740420021 2.1439034938812256 6
1744740420049 1.869860053062439 7
1744740420079 2.0317859649658203 8
1744740420108 2.123347043991089 9
1744740420136 2.1956257820129395 10
1744740420167 1.7915325164794922 11
1744740420195 2.0405473709106445 12
1744740420225 1.7491419315338135 13
1744740420253 1.912111759185791 14
1744740510789 2.2864675521850586 0
1744740510814 2.553743839263916 1
1744740510839 1.6247611045837402 2
1744740510870 1.615180253982544 3
1744740510895 2.03141450881958 4
1744740510920 2.153515100479126 5
1744740510945 1.6655080318450928 6
1744740510972 1.876466989517212 7
1744740510998 1.6745599508285522 8
1744740511036 1.868187427520752 9
1744740511063 2.227917194366455 10
1744740511089 2.0849742889404297 11
1744740511117 1.4601722955703735 12
1744740511146 2.178666114807129 13
1744740511177 1.6893651485443115 14
1744740598629 2.522876739501953 0
1744740598657 2.0916123390197754 1
1744740598683 2.257763385772705 2
1744740598711 2.4882450103759766 3
1744740598742 2.473423957824707 4
1744740598771 2.3144068717956543 5
1744740598799 1.8882758617401123 6
1744740598828 1.8438632488250732 7
1744740598855 2.338819980621338 8
1744740598882 2.784249782562256 9
1744740598921 2.140040397644043 10
1744740598949 2.0485808849334717 11
1744740598975 2.0018954277038574 12
1744740599002 2.015439033508301 13
1744740599032 2.064321756362915 14
1744740687958 2.2157859802246094 0
1744740688004 2.3730721473693848 1
1744740688053 2.6663713455200195 2
1744740688097 2.0604844093322754 3
1744740688142 2.1204209327697754 4
1744740688184 2.2068982124328613 5
1744740688230 1.6947484016418457 6
1744740688269 2.2828919887542725 7
1744740688318 1.7907164096832275 8
1744740688375 2.679719924926758 9
1744740688420 1.9643738269805908 10
1744740688473 2.3272738456726074 11
1744740688538 1.7698638439178467 12
1744740688586 2.342738389968872 13
1744740688628 2.1146137714385986 14
1744740779725 2.12001895904541 0
1744740779750 2.0399866104125977 1
1744740779775 1.7462046146392822 2
1744740779803 2.1476199626922607 3
1744740779832 2.0250113010406494 4
1744740779860 1.7673817873001099 5
1744740779890 1.869814395904541 6
1744740779915 2.1278915405273438 7
1744740779943 2.5922365188598633 8
1744740779982 2.2199454307556152 9
1744740780009 2.5433146953582764 10
1744740780036 2.328763484954834 11
1744740780061 2.1449472904205322 12
1744740780085 1.9632112979888916 13
1744740780113 2.083709955215454 14
1744740874678 2.4997076988220215 0
1744740874703 1.9362497329711914 1
1744740874730 2.078256130218506 2
1744740874757 2.2098662853240967 3
1744740874783 2.367703914642334 4
1744740874807 2.4520649909973145 5
1744740874833 2.378420352935791 6
1744740874862 2.173654079437256 7
1744740874895 1.684460997581482 8
1744740874926 1.7482693195343018 9
1744740874957 2.946878433227539 10
1744740874987 2.101869583129883 11
1744740875017 2.0646095275878906 12
1744740875048 2.1322267055511475 13
1744740875080 2.1749114990234375 14
1744740966537 1.8757030963897705 0
1744740966566 2.152620315551758 1
1744740966599 2.2584164142608643 2
1744740966629 2.384732246398926 3
1744740966658 2.461613893508911 4
1744740966688 2.005791187286377 5
1744740966719 2.341400623321533 6
1744740966751 2.408623456954956 7
1744740966783 2.493032455444336 8
1744740966815 2.580787181854248 9
1744740966848 2.0414865016937256 10
1744740966882 1.7473018169403076 11
1744740966913 1.8842101097106934 12
1744740966943 1.975163221359253 13
1744740966972 1.8415780067443848 14
1744741060948 1.9951043128967285 0
1744741060979 2.506716251373291 1
1744741061010 2.790092945098877 2
1744741061044 2.329355239868164 3
1744741061086 2.8403091430664062 4
1744741061120 2.848121404647827 5
1744741061150 2.5300045013427734 6
1744741061181 1.9449529647827148 7
1744741061214 1.6365811824798584 8
1744741061250 2.9081978797912598 9
1744741061277 2.3292250633239746 10
1744741061302 1.8170437812805176 11
1744741061327 1.8542072772979736 12
1744741061352 2.765338182449341 13
1744741061384 2.280492067337036 14
1744741154604 2.7323527336120605 0
1744741154630 2.676745891571045 1
1744741154654 2.462606430053711 2
1744741154680 2.8175158500671387 3
1744741154704 3.164524793624878 4
1744741154730 2.2070391178131104 5
1744741154755 2.4670817852020264 6
1744741154784 2.274221897125244 7
1744741154809 2.26822566986084 8
1744741154833 2.6240198612213135 9
1744741154858 2.302955389022827 10
1744741154883 2.392237663269043 11
1744741154909 2.124553918838501 12
1744741154935 2.917339324951172 13
1744741154961 2.272772789001465 14
1744741244131 2.884049415588379 0
1744741244160 2.5395569801330566 1
1744741244189 2.6417298316955566 2
1744741244221 2.4944729804992676 3
1744741244253 3.0490736961364746 4
1744741244282 1.9006320238113403 5
1744741244310 2.597827911376953 6
1744741244351 2.207611560821533 7
1744741244380 2.101095199584961 8
1744741244409 2.0907809734344482 9
1744741244440 1.9508936405181885 10
1744741244469 2.910641670227051 11
1744741244497 2.16267728805542 12
1744741244531 1.9398398399353027 13
1744741244562 1.9958362579345703 14
1744741336162 1.8764394521713257 0
1744741336193 2.164297103881836 1
1744741336221 2.5317306518554688 2
1744741336253 2.18125581741333 3
1744741336281 2.0925521850585938 4
1744741336309 2.1902551651000977 5
1744741336335 2.526846170425415 6
1744741336362 2.377577304840088 7
1744741336389 3.041670322418213 8
1744741336417 2.668811321258545 9
1744741336449 2.622796058654785 10
1744741336476 2.639652729034424 11
1744741336511 2.8061702251434326 12
1744741336544 2.2621819972991943 13
1744741336572 2.6826257705688477 14
1744741425640 3.271061658859253 0
1744741425670 2.7793824672698975 1
1744741425698 2.3675405979156494 2
1744741425727 2.4103593826293945 3
1744741425759 1.9404608011245728 4
1744741425787 2.23000431060791 5
1744741425825 2.1029856204986572 6
1744741425854 2.126847267150879 7
1744741425884 2.417130470275879 8
1744741425912 2.0344271659851074 9
1744741425941 2.301692485809326 10
1744741425971 2.1382956504821777 11
1744741425999 2.5055997371673584 12
1744741426028 2.1475532054901123 13
1744741426059 2.675806999206543 14
1744741515137 1.7345223426818848 0
1744741515162 2.6969873905181885 1
1744741515186 2.503195285797119 2
1744741515209 2.2739057540893555 3
1744741515233 2.3723912239074707 4
1744741515257 2.145827054977417 5
1744741515287 2.692314863204956 6
1744741515312 1.9246673583984375 7
1744741515336 2.758092164993286 8
1744741515362 1.9967418909072876 9
1744741515397 1.9959157705307007 10
1744741515422 2.757582664489746 11
1744741515446 3.5124878883361816 12
1744741515470 2.0569534301757812 13
1744741515495 2.321549892425537 14
1744741604155 2.6985244750976562 0
1744741604185 3.347677230834961 1
1744741604213 2.4284605979919434 2
1744741604241 3.0773839950561523 3
1744741604280 2.3411450386047363 4
1744741604314 2.3370490074157715 5
1744741604342 2.7702245712280273 6
1744741604369 2.2946457862854004 7
1744741604398 2.0655438899993896 8
1744741604427 2.1846115589141846 9
1744741604457 2.6768574714660645 10
1744741604488 2.450444221496582 11
1744741604515 2.58790922164917 12
1744741604542 2.2919139862060547 13
1744741604569 2.7241172790527344 14
1744741692647 3.1812705993652344 0
1744741692682 3.356363534927368 1
1744741692716 3.0305283069610596 2
1744741692755 2.970421552658081 3
1744741692791 1.731230616569519 4
1744741692825 2.4024159908294678 5
1744741692860 2.725437641143799 6
1744741692895 3.052125930786133 7
1744741692930 2.907370090484619 8
1744741692976 2.4461276531219482 9
1744741693018 2.883369207382202 10
1744741693059 3.0460362434387207 11
1744741693097 1.707932949066162 12
1744741693139 2.670056104660034 13
1744741693177 2.0149126052856445 14
1744741780194 2.418006658554077 0
1744741780224 2.5273447036743164 1
1744741780253 3.136540412902832 2
1744741780286 2.678926706314087 3
1744741780317 3.493957757949829 4
1744741780345 3.297287940979004 5
1744741780373 3.0885322093963623 6
1744741780400 2.653409957885742 7
1744741780429 2.8345322608947754 8
1744741780455 3.0225489139556885 9
1744741780485 2.568206787109375 10
1744741780512 2.789790391921997 11
1744741780539 2.137641429901123 12
1744741780566 2.588456630706787 13
1744741780593 2.6077089309692383 14
1744741876256 2.922635555267334 0
1744741876293 3.3400840759277344 1
1744741876333 2.404801607131958 2
1744741876372 3.0924134254455566 3
1744741876409 2.9305877685546875 4
1744741876447 2.5459952354431152 5
1744741876485 2.29052472114563 6
1744741876522 3.0491442680358887 7
1744741876557 2.788881778717041 8
1744741876593 2.3206799030303955 9
1744741876630 2.4537386894226074 10
1744741876664 3.3398308753967285 11
1744741876703 2.5179901123046875 12
1744741876737 2.540154457092285 13
1744741876778 2.1847503185272217 14
1744741966572 3.122535228729248 0
1744741966597 2.374007225036621 1
1744741966622 3.1270089149475098 2
1744741966646 2.595858097076416 3
1744741966671 2.8929076194763184 4
1744741966698 3.5652060508728027 5
1744741966722 3.156559467315674 6
1744741966746 2.796708583831787 7
1744741966772 2.255782127380371 8
1744741966797 2.393967866897583 9
1744741966821 2.500875473022461 10
1744741966845 2.9351797103881836 11
1744741966869 2.3396565914154053 12
1744741966892 2.5798163414001465 13
1744741966918 3.3571128845214844 14
1744742059031 3.352518081665039 0
1744742059059 3.4132518768310547 1
1744742059090 3.5244784355163574 2
1744742059122 3.09835147857666 3
1744742059157 2.768162488937378 4
1744742059184 3.0364232063293457 5
1744742059212 3.1240005493164062 6
1744742059252 2.9999613761901855 7
1744742059280 2.800821542739868 8
1744742059308 2.9878203868865967 9
1744742059341 3.0402233600616455 10
1744742059369 2.618992328643799 11
1744742059396 1.8207707405090332 12
1744742059425 3.325904369354248 13
1744742059461 3.963420867919922 14
