1744733061336 102.52820587158203 0
1744733061369 70.28535461425781 1
1744733061411 53.20468521118164 2
1744733061438 49.679412841796875 3
1744733061467 47.683231353759766 4
1744733061494 53.56052017211914 5
1744733061537 49.70323944091797 6
1744733061577 45.50629425048828 7
1744733061619 41.7533073425293 8
1744733061648 38.3297233581543 9
1744733061677 36.59230041503906 10
1744733061705 36.67827606201172 11
1744733061735 34.030670166015625 12
1744733061765 30.4610538482666 13
1744733061791 27.40760612487793 14
1744733160593 28.5830078125 0
1744733160619 28.67691421508789 1
1744733160644 28.089004516601562 2
1744733160667 21.643138885498047 3
1744733160692 22.283924102783203 4
1744733160721 22.64356231689453 5
1744733160761 20.9864501953125 6
1744733160798 21.984189987182617 7
1744733160836 20.636138916015625 8
1744733160870 17.147600173950195 9
1744733160906 17.477285385131836 10
1744733160945 15.238144874572754 11
1744733160988 16.685548782348633 12
1744733161031 15.202178001403809 13
1744733161071 14.795917510986328 14
1744733257092 14.581975936889648 0
1744733257118 15.825399398803711 1
1744733257145 16.207826614379883 2
1744733257170 13.617157936096191 3
1744733257194 14.265665054321289 4
1744733257219 14.238851547241211 5
1744733257247 13.335092544555664 6
1744733257275 13.531678199768066 7
1744733257331 12.21348762512207 8
1744733257382 10.473047256469727 9
1744733257423 11.039752960205078 10
1744733257482 10.706563949584961 11
1744733257529 11.061544418334961 12
1744733257572 10.928289413452148 13
1744733257622 9.221627235412598 14
1744733357196 8.766714096069336 0
1744733357226 14.705370903015137 1
1744733357255 9.031939506530762 2
1744733357305 10.059603691101074 3
1744733357347 10.811655044555664 4
1744733357392 9.6696138381958 5
1744733357434 8.518229484558105 6
1744733357474 8.170550346374512 7
1744733357517 8.894722938537598 8
1744733357559 9.955572128295898 9
1744733357599 9.677265167236328 10
1744733357640 8.363862991333008 11
1744733357692 7.979596138000488 12
1744733357736 8.258315086364746 13
1744733357774 8.264059066772461 14
1744733457362 8.866872787475586 0
1744733457422 13.096784591674805 1
1744733457486 9.005600929260254 2
1744733457533 8.658451080322266 3
1744733457582 10.396037101745605 4
1744733457629 9.616209030151367 5
1744733457678 8.387773513793945 6
1744733457730 7.54444694519043 7
1744733457792 7.659608364105225 8
1744733457863 8.518354415893555 9
1744733457918 7.329875469207764 10
1744733457972 7.375670433044434 11
1744733458020 6.404991149902344 12
1744733458067 7.009061336517334 13
1744733458108 7.480646133422852 14
1744733565138 7.243048191070557 0
1744733565186 10.3866548538208 1
1744733565229 8.809588432312012 2
1744733565272 7.280205726623535 3
1744733565320 7.859328746795654 4
1744733565365 8.7846097946167 5
1744733565410 7.314721584320068 6
1744733565473 6.270933628082275 7
1744733565525 7.065525054931641 8
1744733565572 7.183424949645996 9
1744733565626 8.185620307922363 10
1744733565675 6.662207126617432 11
1744733565722 6.717809677124023 12
1744733565774 6.549654960632324 13
1744733565823 6.476619720458984 14
1744733669353 7.155623435974121 0
1744733669389 10.895124435424805 1
1744733669426 9.064141273498535 2
1744733669463 7.074637413024902 3
1744733669499 8.028092384338379 4
1744733669538 7.469380855560303 5
1744733669573 6.741351127624512 6
1744733669610 6.483794212341309 7
1744733669656 6.481695175170898 8
1744733669691 6.207456111907959 9
1744733669734 6.741802215576172 10
1744733669775 7.237903118133545 11
1744733669814 6.003037929534912 12
1744733669856 5.27475643157959 13
1744733669901 5.675360679626465 14
1744733772169 6.391009330749512 0
1744733772225 10.816271781921387 1
1744733772264 7.206582546234131 2
1744733772304 6.695290565490723 3
1744733772344 7.709721565246582 4
1744733772385 7.964376926422119 5
1744733772431 6.571324348449707 6
1744733772473 5.374682903289795 7
1744733772514 5.975579738616943 8
1744733772558 6.824635982513428 9
1744733772596 6.49802827835083 10
1744733772636 5.979035377502441 11
1744733772672 6.000948905944824 12
1744733772709 5.918155193328857 13
1744733772745 5.496243953704834 14
1744733874177 5.2552714347839355 0
1744733874213 10.750208854675293 1
1744733874263 6.7270307540893555 2
1744733874305 5.765908241271973 3
1744733874358 7.408524513244629 4
1744733874396 7.092756748199463 5
1744733874435 7.076839447021484 6
1744733874477 6.142004013061523 7
1744733874524 6.268113613128662 8
1744733874571 7.936403274536133 9
1744733874608 6.628880500793457 10
1744733874646 6.6405839920043945 11
1744733874682 5.594124794006348 12
1744733874718 5.477264404296875 13
1744733874760 5.615245342254639 14
1744733964942 5.033571720123291 0
1744733964968 10.158734321594238 1
1744733964993 6.585267066955566 2
1744733965019 6.2458577156066895 3
1744733965043 8.566474914550781 4
1744733965067 6.101260662078857 5
1744733965091 6.5010199546813965 6
1744733965116 5.657027244567871 7
1744733965142 5.493404865264893 8
1744733965166 5.468997001647949 9
1744733965193 5.6589674949646 10
1744733965217 5.96059513092041 11
1744733965241 4.848598957061768 12
1744733965266 4.795529365539551 13
1744733965290 4.932705402374268 14
1744734056365 5.606573104858398 0
1744734056398 10.498050689697266 1
1744734056425 6.008754730224609 2
1744734056452 5.663220405578613 3
1744734056479 7.095109939575195 4
1744734056507 7.629970073699951 5
1744734056535 5.523120880126953 6
1744734056564 4.910696983337402 7
1744734056599 5.642061710357666 8
1744734056644 5.068768501281738 9
1744734056685 5.954706192016602 10
1744734056728 5.2775726318359375 11
1744734056770 4.753642559051514 12
1744734056820 5.073000431060791 13
1744734056878 4.514579772949219 14
1744734151120 4.618656158447266 0
1744734151149 9.983220100402832 1
1744734151192 6.1558990478515625 2
1744734151222 5.425103664398193 3
1744734151251 7.2845139503479 4
1744734151287 6.261601448059082 5
1744734151318 4.95217227935791 6
1744734151346 5.07034969329834 7
1744734151375 4.944025993347168 8
1744734151403 5.906543731689453 9
1744734151433 5.297239303588867 10
1744734151466 4.6816086769104 11
1744734151494 4.663756847381592 12
1744734151523 4.3201003074646 13
1744734151553 4.216050148010254 14
1744734243239 4.379486560821533 0
1744734243287 11.36953067779541 1
1744734243331 5.267335891723633 2
1744734243377 4.990746021270752 3
1744734243425 6.906158447265625 4
1744734243472 5.916099548339844 5
1744734243510 4.965053558349609 6
1744734243548 4.653383255004883 7
1744734243587 5.836719989776611 8
1744734243626 4.484910488128662 9
1744734243666 4.959536075592041 10
1744734243707 4.385795593261719 11
1744734243738 4.269197463989258 12
1744734243764 4.03309440612793 13
1744734243790 4.076691627502441 14
1744734332699 4.398556709289551 0
1744734332726 8.6506986618042 1
1744734332755 5.121240615844727 2
1744734332784 5.752147674560547 3
1744734332814 6.496598720550537 4
1744734332842 4.944799900054932 5
1744734332873 4.041400909423828 6
1744734332901 4.276763439178467 7
1744734332928 4.598060607910156 8
1744734332958 4.1363043785095215 9
1744734332985 4.073537349700928 10
1744734333014 4.711167335510254 11
1744734333041 4.084933280944824 12
1744734333069 3.851017475128174 13
1744734333099 4.550553321838379 14
1744734422776 3.457397937774658 0
1744734422804 7.794790267944336 1
1744734422837 4.441019058227539 2
1744734422881 6.113489151000977 3
1744734422921 6.33750581741333 4
1744734422961 5.2360639572143555 5
1744734423006 4.459148406982422 6
1744734423052 3.915515899658203 7
1744734423093 4.474980354309082 8
1744734423137 4.072270393371582 9
1744734423180 3.7636871337890625 10
1744734423237 3.7801878452301025 11
1744734423277 3.805469036102295 12
1744734423322 4.311625003814697 13
1744734423362 3.866811513900757 14
1744734515197 4.2319512367248535 0
1744734515224 9.547968864440918 1
1744734515251 5.484619140625 2
1744734515281 4.46824836730957 3
1744734515308 7.407212734222412 4
1744734515338 4.835704803466797 5
1744734515367 4.119043350219727 6
1744734515395 4.252281665802002 7
1744734515423 4.264999866485596 8
1744734515450 3.3275017738342285 9
1744734515478 4.256084442138672 10
1744734515504 3.891624927520752 11
1744734515530 3.02964448928833 12
1744734515557 3.330605983734131 13
1744734515584 3.010202169418335 14
1744734604344 4.4650750160217285 0
1744734604371 9.711309432983398 1
1744734604399 5.088923931121826 2
1744734604424 4.559795379638672 3
1744734604449 5.284074783325195 4
1744734604474 6.014225006103516 5
1744734604498 4.259247779846191 6
1744734604522 3.9233431816101074 7
1744734604548 4.762594223022461 8
1744734604573 5.369760513305664 9
1744734604597 4.510347366333008 10
1744734604623 3.4158377647399902 11
1744734604647 3.780869245529175 12
1744734604671 3.6247034072875977 13
1744734604695 2.9893712997436523 14
1744734693232 3.65283203125 0
1744734693272 7.346065044403076 1
1744734693308 3.9852547645568848 2
1744734693343 3.8933663368225098 3
1744734693381 5.881660461425781 4
1744734693420 4.7094807624816895 5
1744734693460 3.1260640621185303 6
1744734693495 3.1068806648254395 7
1744734693531 3.8193421363830566 8
1744734693566 4.268784523010254 9
1744734693602 4.697235584259033 10
1744734693644 3.0836973190307617 11
1744734693686 2.7939553260803223 12
1744734693733 3.2603676319122314 13
1744734693776 3.9399452209472656 14
1744734785688 3.4942221641540527 0
1744734785716 7.018275737762451 1
1744734785744 4.600771903991699 2
1744734785770 3.488476037979126 3
1744734785796 5.353724002838135 4
1744734785827 5.012540817260742 5
1744734785854 3.3733837604522705 6
1744734785880 3.3909101486206055 7
1744734785907 4.303580284118652 8
1744734785934 3.5797231197357178 9
1744734785960 3.4345946311950684 10
1744734785989 3.3811821937561035 11
1744734786018 2.844221591949463 12
1744734786054 2.699810028076172 13
1744734786087 3.4157638549804688 14
1744734875973 2.9764630794525146 0
1744734876020 8.474832534790039 1
1744734876062 3.9471170902252197 2
1744734876108 4.284209251403809 3
1744734876160 5.092868804931641 4
1744734876214 4.289242744445801 5
1744734876261 3.485412836074829 6
1744734876300 2.8036584854125977 7
1744734876338 3.2695510387420654 8
1744734876379 3.8488593101501465 9
1744734876420 4.025481700897217 10
1744734876462 2.9608588218688965 11
1744734876499 2.7483973503112793 12
1744734876540 2.334151029586792 13
1744734876577 3.053360939025879 14
1744734967513 3.294801712036133 0
1744734967539 7.43984317779541 1
1744734967563 3.259180784225464 2
1744734967589 3.308617353439331 3
1744734967619 6.347679138183594 4
1744734967650 3.568751096725464 5
1744734967675 3.037475824356079 6
1744734967699 2.892296552658081 7
1744734967723 3.433816432952881 8
1744734967748 3.3557472229003906 9
1744734967775 3.1590657234191895 10
1744734967799 3.665221691131592 11
1744734967822 2.448617696762085 12
1744734967846 3.1425940990448 13
1744734967872 3.6637208461761475 14
1744735056380 2.7740864753723145 0
1744735056418 8.208189010620117 1
1744735056444 3.3175482749938965 2
1744735056468 4.2002482414245605 3
1744735056491 4.753053188323975 4
1744735056516 3.7301318645477295 5
1744735056546 2.2468008995056152 6
1744735056573 2.9164137840270996 7
1744735056599 3.0732972621917725 8
1744735056627 2.653383255004883 9
1744735056654 2.761869192123413 10
1744735056680 2.4782919883728027 11
1744735056707 2.8278493881225586 12
1744735056734 2.807154417037964 13
1744735056764 2.552412986755371 14
1744735147339 2.096709728240967 0
1744735147371 7.78510856628418 1
1744735147402 2.914461851119995 2
1744735147431 3.8447060585021973 3
1744735147471 4.374006748199463 4
1744735147499 4.278127193450928 5
1744735147528 2.4649345874786377 6
1744735147556 2.9891300201416016 7
1744735147585 3.2863409519195557 8
1744735147614 3.159213066101074 9
1744735147641 3.157930374145508 10
1744735147669 2.5974297523498535 11
1744735147697 2.392510175704956 12
1744735147728 2.7261126041412354 13
1744735147755 2.693093776702881 14
1744735236217 2.7062339782714844 0
1744735236240 7.5689802169799805 1
1744735236266 2.941030263900757 2
1744735236291 2.763289451599121 3
1744735236315 4.461017608642578 4
1744735236339 3.53867769241333 5
1744735236366 2.3666493892669678 6
1744735236390 2.3581676483154297 7
1744735236415 2.664292573928833 8
1744735236439 3.944880723953247 9
1744735236464 2.9621975421905518 10
1744735236488 2.2137084007263184 11
1744735236511 2.4939234256744385 12
1744735236535 2.369779109954834 13
1744735236566 2.2337775230407715 14
1744735323422 2.1177432537078857 0
1744735323450 6.047523498535156 1
1744735323478 2.7710342407226562 2
1744735323505 2.431239604949951 3
1744735323531 3.3377647399902344 4
1744735323558 3.274907350540161 5
1744735323586 2.3403687477111816 6
1744735323614 2.3203630447387695 7
1744735323642 3.0975425243377686 8
1744735323672 3.8334202766418457 9
1744735323703 3.056988477706909 10
1744735323740 2.1985654830932617 11
1744735323771 2.0730865001678467 12
1744735323799 2.8663554191589355 13
1744735323826 2.58058762550354 14
1744735413876 1.9681135416030884 0
1744735413907 6.985747337341309 1
1744735413935 2.5854570865631104 2
1744735413965 2.8508968353271484 3
1744735413992 3.75781512260437 4
1744735414019 2.955960512161255 5
1744735414046 2.2514231204986572 6
1744735414075 2.33376407623291 7
1744735414104 3.024599552154541 8
1744735414132 2.3390281200408936 9
1744735414160 2.0263562202453613 10
1744735414187 1.9924986362457275 11
1744735414216 1.80724036693573 12
1744735414243 1.8558783531188965 13
1744735414273 2.2543556690216064 14
1744735502851 2.067902088165283 0
1744735502880 5.830752372741699 1
1744735502903 2.293405055999756 2
1744735502929 2.9939284324645996 3
1744735502957 3.7081918716430664 4
1744735502986 2.917210102081299 5
1744735503015 2.1185739040374756 6
1744735503044 2.1137053966522217 7
1744735503073 2.4735605716705322 8
1744735503100 2.610292434692383 9
1744735503126 2.0447168350219727 10
1744735503150 1.872493028640747 11
1744735503175 1.9944177865982056 12
1744735503199 2.105701208114624 13
1744735503223 1.8150657415390015 14
1744735593946 1.9739373922348022 0
1744735593983 5.557212829589844 1
1744735594028 1.9906166791915894 2
1744735594069 2.9496169090270996 3
1744735594109 3.4250011444091797 4
1744735594154 2.3915529251098633 5
1744735594200 1.772101640701294 6
1744735594262 2.051896095275879 7
1744735594315 2.0254933834075928 8
1744735594361 2.3141162395477295 9
1744735594406 1.8843460083007812 10
1744735594447 1.7610194683074951 11
1744735594488 2.081409454345703 12
1744735594529 1.9390299320220947 13
1744735594569 2.177842617034912 14
1744735684288 1.7689781188964844 0
1744735684317 5.859736442565918 1
1744735684344 2.3071014881134033 2
1744735684375 2.6493396759033203 3
1744735684405 3.5136873722076416 4
1744735684445 3.0933470726013184 5
1744735684474 2.0376675128936768 6
1744735684503 2.381784439086914 7
1744735684531 4.446087837219238 8
1744735684558 2.383070230484009 9
1744735684588 2.2963132858276367 10
1744735684617 1.9760653972625732 11
1744735684648 2.0104808807373047 12
1744735684675 2.1060311794281006 13
1744735684706 2.1261162757873535 14
1744735773526 1.800870418548584 0
1744735773567 4.591393947601318 1
1744735773621 2.208087205886841 2
1744735773663 2.989055633544922 3
1744735773705 3.0083792209625244 4
1744735773748 2.793262481689453 5
1744735773788 1.7438197135925293 6
1744735773830 1.9526216983795166 7
1744735773872 2.1867477893829346 8
1744735773915 2.2282872200012207 9
1744735773962 1.9514868259429932 10
1744735774013 1.9695661067962646 11
1744735774061 1.5277286767959595 12
1744735774114 1.6588447093963623 13
1744735774159 1.7600317001342773 14
1744735863267 1.4851899147033691 0
1744735863294 5.604321479797363 1
1744735863321 1.784101128578186 2
1744735863347 2.4611425399780273 3
1744735863379 3.890465497970581 4
1744735863407 3.368957042694092 5
1744735863439 1.7905757427215576 6
1744735863464 1.8451220989227295 7
1744735863488 2.9651107788085938 8
1744735863512 3.0778846740722656 9
1744735863536 2.095627784729004 10
1744735863572 1.6075363159179688 11
1744735863596 2.0830628871917725 12
1744735863622 2.000800609588623 13
1744735863651 1.6984496116638184 14
1744735958024 1.5324538946151733 0
1744735958049 5.205138206481934 1
1744735958074 1.8398232460021973 2
1744735958099 2.265803337097168 3
1744735958122 3.1559932231903076 4
1744735958147 2.1161789894104004 5
1744735958172 1.6701364517211914 6
1744735958197 1.7605204582214355 7
1744735958223 2.5521950721740723 8
1744735958251 2.2790157794952393 9
1744735958277 1.4840493202209473 10
1744735958303 1.4730234146118164 11
1744735958328 1.768699288368225 12
1744735958353 1.4951140880584717 13
1744735958389 1.670471429824829 14
1744736046173 1.5207656621932983 0
1744736046198 4.278098106384277 1
1744736046224 1.6336863040924072 2
1744736046249 1.8863930702209473 3
1744736046275 3.3189618587493896 4
1744736046300 2.192178726196289 5
1744736046328 1.4753680229187012 6
1744736046353 1.6932251453399658 7
1744736046377 2.2257206439971924 8
1744736046402 1.7909235954284668 9
1744736046428 1.4264353513717651 10
1744736046455 1.2927576303482056 11
1744736046480 1.191878318786621 12
1744736046506 1.0572898387908936 13
1744736046533 1.3316879272460938 14
1744736135642 1.2067207098007202 0
1744736135677 4.6725897789001465 1
1744736135713 1.6052844524383545 2
1744736135747 2.6696901321411133 3
1744736135786 2.7007410526275635 4
1744736135824 1.8873111009597778 5
1744736135866 1.5316126346588135 6
1744736135907 1.815577507019043 7
1744736135948 1.804868459701538 8
1744736135985 1.7087249755859375 9
1744736136026 1.6833192110061646 10
1744736136076 1.4795271158218384 11
1744736136112 1.4609498977661133 12
1744736136151 1.2630172967910767 13
1744736136188 1.2466440200805664 14
1744736227039 1.3128633499145508 0
1744736227067 5.079672336578369 1
1744736227104 1.4976922273635864 2
1744736227133 1.811214804649353 3
1744736227158 3.1483585834503174 4
1744736227185 2.455930233001709 5
1744736227210 1.8219212293624878 6
1744736227233 1.8208372592926025 7
1744736227258 1.8984370231628418 8
1744736227283 2.029909610748291 9
1744736227309 1.2946867942810059 10
1744736227332 1.684014081954956 11
1744736227357 1.2026305198669434 12
1744736227384 1.5983370542526245 13
1744736227408 1.672540545463562 14
1744736320354 1.508439064025879 0
1744736320392 4.324028015136719 1
1744736320425 1.7084510326385498 2
1744736320456 1.8654556274414062 3
1744736320492 2.5570969581604004 4
1744736320521 2.30161190032959 5
1744736320551 1.271652102470398 6
1744736320581 1.5634639263153076 7
1744736320615 1.7094438076019287 8
1744736320645 1.9079573154449463 9
1744736320677 1.3747014999389648 10
1744736320706 1.0664739608764648 11
1744736320738 1.4682180881500244 12
1744736320770 1.310205340385437 13
1744736320804 1.1645355224609375 14
1744736411160 1.0394937992095947 0
1744736411186 3.6053168773651123 1
1744736411211 1.3124613761901855 2
1744736411247 1.9347634315490723 3
1744736411271 2.1840598583221436 4
1744736411295 1.9832285642623901 5
1744736411319 1.3069396018981934 6
1744736411344 1.4162927865982056 7
1744736411369 1.9315307140350342 8
1744736411394 2.1730220317840576 9
1744736411418 1.7825084924697876 10
1744736411444 1.4241843223571777 11
1744736411471 1.3418833017349243 12
1744736411497 1.1217315196990967 13
1744736411523 1.754756212234497 14
1744736503119 1.3854457139968872 0
1744736503147 3.588104724884033 1
1744736503172 1.3757860660552979 2
1744736503199 1.735872507095337 3
1744736503224 1.8235810995101929 4
1744736503251 2.0986363887786865 5
1744736503280 1.400057315826416 6
1744736503310 1.6271545886993408 7
1744736503338 1.4703288078308105 8
1744736503366 1.7275930643081665 9
1744736503395 1.4498512744903564 10
1744736503422 1.2677773237228394 11
1744736503451 1.3785874843597412 12
1744736503479 1.377647042274475 13
1744736503510 1.479952335357666 14
1744736591875 0.9578652381896973 0
1744736591900 4.156867980957031 1
1744736591925 1.3463549613952637 2
1744736591950 1.9810596704483032 3
1744736591975 2.4129810333251953 4
1744736592000 1.9189376831054688 5
1744736592029 1.1182093620300293 6
1744736592066 1.3934953212738037 7
1744736592095 1.9565187692642212 8
1744736592120 2.2452735900878906 9
1744736592144 1.4607763290405273 10
1744736592169 1.344810128211975 11
1744736592205 1.430834412574768 12
1744736592245 1.266634464263916 13
1744736592283 1.3914453983306885 14
1744736682584 0.8783396482467651 0
1744736682624 3.749267578125 1
1744736682649 1.361452579498291 2
1744736682673 1.3759331703186035 3
1744736682697 2.6067938804626465 4
1744736682722 1.781170129776001 5
1744736682748 1.5031158924102783 6
1744736682772 1.2544639110565186 7
1744736682798 1.439934492111206 8
1744736682826 1.3845443725585938 9
1744736682854 1.922595739364624 10
1744736682882 1.3819878101348877 11
1744736682909 1.0815258026123047 12
1744736682936 1.0187439918518066 13
1744736682962 1.5273739099502563 14
1744736770835 1.192526936531067 0
1744736770863 3.0256059169769287 1
1744736770887 1.9926578998565674 2
1744736770911 1.3407436609268188 3
1744736770936 2.3992505073547363 4
1744736770963 1.71359121799469 5
1744736770987 1.667809009552002 6
1744736771012 1.3514260053634644 7
1744736771036 2.6104605197906494 8
1744736771061 1.5683276653289795 9
1744736771085 1.3141109943389893 10
1744736771109 1.1280200481414795 11
1744736771132 1.051579236984253 12
1744736771159 1.5629854202270508 13
1744736771183 0.8919225931167603 14
1744736860067 0.8526778817176819 0
1744736860095 3.3785011768341064 1
1744736860128 1.4395731687545776 2
1744736860158 1.871515154838562 3
1744736860186 1.9554715156555176 4
1744736860215 1.567094326019287 5
1744736860242 1.1484744548797607 6
1744736860270 1.200639009475708 7
1744736860296 1.3693089485168457 8
1744736860324 2.193148612976074 9
1744736860352 1.3582793474197388 10
1744736860378 0.9666646122932434 11
1744736860405 0.9114571809768677 12
1744736860433 1.0821707248687744 13
1744736860460 1.1094251871109009 14
1744736948317 0.9336988925933838 0
1744736948351 2.7971413135528564 1
1744736948386 1.2168867588043213 2
1744736948411 1.1627219915390015 3
1744736948435 2.0290210247039795 4
1744736948462 1.2932103872299194 5
1744736948487 1.0104777812957764 6
1744736948510 1.1915221214294434 7
1744736948534 1.1447714567184448 8
1744736948557 1.2538520097732544 9
1744736948581 1.1652706861495972 10
1744736948605 1.0282166004180908 11
1744736948630 1.1725704669952393 12
1744736948655 1.1752463579177856 13
1744736948681 1.1180018186569214 14
1744737034954 0.9457260370254517 0
1744737034991 3.1573948860168457 1
1744737035040 1.6694997549057007 2
1744737035080 1.4066141843795776 3
1744737035125 1.9783906936645508 4
1744737035163 1.3422503471374512 5
1744737035200 0.9045237898826599 6
1744737035238 1.0845412015914917 7
1744737035275 1.1576168537139893 8
1744737035316 1.5826101303100586 9
1744737035361 1.1423909664154053 10
1744737035410 0.9306131601333618 11
1744737035450 1.0847532749176025 12
1744737035488 1.2738304138183594 13
1744737035527 0.9841008186340332 14
1744737125469 1.3687312602996826 0
1744737125494 2.483614444732666 1
1744737125520 2.359276294708252 2
1744737125545 1.2432987689971924 3
1744737125569 1.9141525030136108 4
1744737125593 1.7299872636795044 5
1744737125619 1.1725021600723267 6
1744737125645 0.8383238315582275 7
1744737125670 1.4031269550323486 8
1744737125695 1.0873762369155884 9
1744737125721 1.1966590881347656 10
1744737125746 0.8975311517715454 11
1744737125770 0.9264346361160278 12
1744737125794 0.7161678075790405 13
1744737125819 1.0077736377716064 14
1744737213328 0.7349756956100464 0
1744737213353 2.889577865600586 1
1744737213381 0.9806298613548279 2
1744737213407 1.1782219409942627 3
1744737213431 1.7206449508666992 4
1744737213458 1.2246944904327393 5
1744737213483 0.7199475765228271 6
1744737213507 0.9423906803131104 7
1744737213532 1.3282251358032227 8
1744737213557 1.3812389373779297 9
1744737213582 0.8346154689788818 10
1744737213606 0.956716001033783 11
1744737213631 0.800586462020874 12
1744737213657 0.9374583959579468 13
1744737213681 1.2816070318222046 14
1744737304280 0.9673125743865967 0
1744737304308 3.0157294273376465 1
1744737304336 0.7929511070251465 2
1744737304366 1.384489893913269 3
1744737304401 1.5130326747894287 4
1744737304430 1.3157687187194824 5
1744737304462 0.9511750936508179 6
1744737304489 1.0210145711898804 7
1744737304517 1.3804923295974731 8
1744737304544 1.0126005411148071 9
1744737304573 0.7724322080612183 10
1744737304603 0.7465435266494751 11
1744737304632 0.7578563690185547 12
1744737304659 0.8073786497116089 13
1744737304689 0.9659364223480225 14
1744737393007 0.7996205687522888 0
1744737393034 2.4694807529449463 1
1744737393058 0.9129907488822937 2
1744737393082 1.292860507965088 3
1744737393107 1.5318357944488525 4
1744737393136 1.3318374156951904 5
1744737393162 0.9503122568130493 6
1744737393187 1.1603045463562012 7
1744737393211 1.0019240379333496 8
1744737393236 1.2158474922180176 9
1744737393261 0.8693456649780273 10
1744737393286 0.7636076211929321 11
1744737393315 0.9157000780105591 12
1744737393342 0.9968937635421753 13
1744737393372 0.9817132949829102 14
1744737483145 1.139305830001831 0
1744737483180 1.682660698890686 1
1744737483207 1.667680025100708 2
1744737483232 1.6077218055725098 3
1744737483260 1.7512173652648926 4
1744737483289 1.0668448209762573 5
1744737483313 1.162259578704834 6
1744737483338 1.128038763999939 7
1744737483363 1.2789440155029297 8
1744737483387 1.6213223934173584 9
1744737483416 0.6643435955047607 10
1744737483445 0.830590009689331 11
1744737483474 0.8094302415847778 12
1744737483508 0.6941405534744263 13
1744737483536 0.7436262369155884 14
1744737572493 0.6945565938949585 0
1744737572520 3.029381036758423 1
1744737572549 0.9964504241943359 2
1744737572576 1.1425942182540894 3
1744737572603 1.5125927925109863 4
1744737572630 1.2389206886291504 5
1744737572656 0.9865413904190063 6
1744737572687 0.8971441388130188 7
1744737572716 1.316520094871521 8
1744737572754 1.0903679132461548 9
1744737572786 0.9860986471176147 10
1744737572814 0.9472700357437134 11
1744737572842 0.6793081164360046 12
1744737572872 0.7759190201759338 13
1744737572898 0.9942194223403931 14
1744737662822 0.6784809827804565 0
1744737662847 2.235654830932617 1
1744737662881 0.8664671182632446 2
1744737662904 0.8787057399749756 3
1744737662931 1.6634575128555298 4
1744737662954 1.809370517730713 5
1744737662979 0.9276057481765747 6
1744737663004 0.8169246912002563 7
1744737663032 1.566458821296692 8
1744737663058 1.2348673343658447 9
1744737663083 0.9876614809036255 10
1744737663108 0.8181887865066528 11
1744737663133 0.9106721878051758 12
1744737663157 1.0222564935684204 13
1744737663181 0.8478065729141235 14
1744737750183 0.7351930141448975 0
1744737750211 2.2564873695373535 1
1744737750237 0.7744344472885132 2
1744737750265 1.3828637599945068 3
1744737750292 1.3578424453735352 4
1744737750321 0.9324836134910583 5
1744737750348 0.7434709668159485 6
1744737750379 0.7321324348449707 7
1744737750406 0.706524133682251 8
1744737750434 0.7705228328704834 9
1744737750462 0.6528104543685913 10
1744737750495 0.5840655565261841 11
1744737750528 0.6487530469894409 12
1744737750559 0.6921839714050293 13
1744737750587 0.5013132095336914 14
1744737837851 0.49779388308525085 0
1744737837878 2.824176788330078 1
1744737837904 0.7237197160720825 2
1744737837933 1.0423181056976318 3
1744737837959 1.4706814289093018 4
1744737837985 1.0743522644042969 5
1744737838014 0.9030821323394775 6
1744737838044 0.8864378929138184 7
1744737838071 1.120309591293335 8
1744737838098 1.231604814529419 9
1744737838126 0.6868289113044739 10
1744737838153 0.6539931297302246 11
1744737838180 0.538611650466919 12
1744737838207 0.7775959968566895 13
1744737838236 0.9700760841369629 14
1744737926218 0.9685953259468079 0
1744737926244 1.7788782119750977 1
1744737926278 1.110621452331543 2
1744737926309 0.902948260307312 3
1744737926337 1.2071017026901245 4
1744737926365 0.7371517419815063 5
1744737926392 0.8604159355163574 6
1744737926420 0.9878588318824768 7
1744737926448 0.9958925247192383 8
1744737926475 0.8224496841430664 9
1744737926502 0.9327035546302795 10
1744737926528 0.534738302230835 11
1744737926554 0.5703268051147461 12
1744737926585 0.5786288976669312 13
1744737926613 0.9916094541549683 14
1744738014921 0.7651243209838867 0
1744738014946 1.421799898147583 1
1744738014972 1.5829691886901855 2
1744738015003 0.9638762474060059 3
1744738015030 1.1550724506378174 4
1744738015058 1.0332822799682617 5
1744738015084 0.9691301584243774 6
1744738015110 1.1235177516937256 7
1744738015138 0.9686126708984375 8
1744738015168 0.9153631925582886 9
1744738015214 1.282963752746582 10
1744738015242 0.8402635455131531 11
1744738015275 0.6634848117828369 12
1744738015303 0.651064395904541 13
1744738015329 0.6992164850234985 14
1744738102120 0.7235797047615051 0
1744738102161 1.831262469291687 1
1744738102208 0.7231852412223816 2
1744738102245 0.6238188743591309 3
1744738102287 1.1700749397277832 4
1744738102324 0.8437105417251587 5
1744738102363 0.705111563205719 6
1744738102414 0.6230266094207764 7
1744738102462 0.8270416259765625 8
1744738102508 0.80161052942276 9
1744738102552 0.8263154625892639 10
1744738102596 0.6031429171562195 11
1744738102636 0.564327597618103 12
1744738102680 0.6581448316574097 13
1744738102719 0.7918215990066528 14
1744738190463 0.9560151100158691 0
1744738190487 1.8850609064102173 1
1744738190510 0.7862157821655273 2
1744738190534 0.8077092170715332 3
1744738190559 1.3133623600006104 4
1744738190583 1.0266575813293457 5
1744738190606 0.6780251264572144 6
1744738190630 0.8402115106582642 7
1744738190654 0.7777273654937744 8
1744738190680 0.6665384769439697 9
1744738190703 0.777809202671051 10
1744738190728 0.6469539403915405 11
1744738190751 0.5534952878952026 12
1744738190782 0.8520596027374268 13
1744738190810 0.6674630045890808 14
1744738277024 0.5615638494491577 0
1744738277048 1.9830148220062256 1
1744738277072 0.512951672077179 2
1744738277096 0.9299116134643555 3
1744738277123 1.0990148782730103 4
1744738277147 1.4827265739440918 5
1744738277173 1.1512727737426758 6
1744738277199 1.155151605606079 7
1744738277223 0.5446203947067261 8
1744738277247 0.9182798862457275 9
1744738277273 0.9851054549217224 10
1744738277297 0.6595495939254761 11
1744738277325 0.5301563739776611 12
1744738277361 0.6220396161079407 13
1744738277386 1.172396183013916 14
1744738366685 0.8428640961647034 0
1744738366735 1.8245203495025635 1
1744738366776 0.7111191153526306 2
1744738366816 0.785229504108429 3
1744738366855 1.6000094413757324 4
1744738366894 1.0719305276870728 5
1744738366933 0.6623907685279846 6
1744738366969 0.509304940700531 7
1744738366994 0.6943755745887756 8
1744738367019 0.7022265195846558 9
1744738367050 0.7702924013137817 10
1744738367075 0.5795786380767822 11
1744738367099 0.9439085721969604 12
1744738367124 0.4956248104572296 13
1744738367148 0.4982208013534546 14
1744738454981 0.5067741870880127 0
1744738455021 2.3776283264160156 1
1744738455047 0.7025380730628967 2
1744738455075 0.9585853815078735 3
1744738455102 1.1828123331069946 4
1744738455135 0.961532473564148 5
1744738455169 0.6597903370857239 6
1744738455198 0.9106991291046143 7
1744738455223 0.8631557822227478 8
1744738455246 0.6632513999938965 9
1744738455281 1.4872263669967651 10
1744738455307 0.7144176363945007 11
1744738455332 0.8311962485313416 12
1744738455356 0.9215641021728516 13
1744738455386 0.6026201844215393 14
1744738541350 0.9055503606796265 0
1744738541377 1.8943487405776978 1
1744738541404 0.9082375764846802 2
1744738541428 0.6072578430175781 3
1744738541453 1.1590319871902466 4
1744738541478 1.1258127689361572 5
1744738541502 0.5914381146430969 6
1744738541525 0.7287273406982422 7
1744738541551 0.8327169418334961 8
1744738541575 0.628711998462677 9
1744738541598 0.5650181770324707 10
1744738541623 0.6069389581680298 11
1744738541647 0.47177135944366455 12
1744738541671 0.4358143210411072 13
1744738541697 0.5450431704521179 14
1744738632004 0.5458519458770752 0
1744738632031 1.5048511028289795 1
1744738632059 0.8947688341140747 2
1744738632087 0.8349842429161072 3
1744738632116 0.8043090105056763 4
1744738632149 0.8147104978561401 5
1744738632178 0.9180405139923096 6
1744738632209 0.6988998651504517 7
1744738632246 1.1379656791687012 8
1744738632273 0.637687087059021 9
1744738632300 0.5683469772338867 10
1744738632327 0.5698716640472412 11
1744738632357 0.5301992297172546 12
1744738632384 0.5041835308074951 13
1744738632411 0.4604935646057129 14
1744738721011 0.5175775289535522 0
1744738721036 1.6705902814865112 1
1744738721061 0.5753905773162842 2
1744738721085 0.6945828199386597 3
1744738721110 1.2306209802627563 4
1744738721134 1.029822826385498 5
1744738721164 0.6961991786956787 6
1744738721198 0.5374274253845215 7
1744738721229 0.7120532989501953 8
1744738721260 0.9262155294418335 9
1744738721286 0.49352869391441345 10
1744738721310 0.7051358222961426 11
1744738721334 0.5669650435447693 12
1744738721360 0.7201639413833618 13
1744738721385 0.6840246319770813 14
1744738810833 0.6243658065795898 0
1744738810879 1.2842177152633667 1
1744738810919 0.984174370765686 2
1744738810960 0.6780481338500977 3
1744738811004 1.0015199184417725 4
1744738811047 0.9292163848876953 5
1744738811092 0.9757981300354004 6
1744738811147 0.6139615774154663 7
1744738811185 0.7918952703475952 8
1744738811223 0.6472030878067017 9
1744738811264 0.8118118643760681 10
1744738811317 0.7327383756637573 11
1744738811357 0.7721837759017944 12
1744738811395 0.6938441395759583 13
1744738811434 0.7666068077087402 14
1744738898894 0.6830679178237915 0
1744738898920 1.1868892908096313 1
1744738898944 0.6736981272697449 2
1744738898968 0.6600997447967529 3
1744738898994 0.7312723398208618 4
1744738899019 1.0006591081619263 5
1744738899045 0.7289459109306335 6
1744738899071 0.5990517139434814 7
1744738899102 0.8379057049751282 8
1744738899126 0.7804814577102661 9
1744738899151 0.6967015266418457 10
1744738899176 0.6036521792411804 11
1744738899200 0.5792394280433655 12
1744738899226 0.5012508630752563 13
1744738899253 0.4612378776073456 14
1744738987837 0.5350838899612427 0
1744738987879 1.2641634941101074 1
1744738987908 0.8513959646224976 2
1744738987936 0.7106908559799194 3
1744738987966 0.8890312910079956 4
1744738987994 0.9989218711853027 5
1744738988023 0.6843991279602051 6
1744738988052 0.5595294237136841 7
1744738988079 0.7777266502380371 8
1744738988108 0.763587474822998 9
1744738988135 0.9262473583221436 10
1744738988164 0.7025227546691895 11
1744738988192 0.6288811564445496 12
1744738988219 0.43612951040267944 13
1744738988247 0.665203332901001 14
1744739078171 0.7218946218490601 0
1744739078195 1.2906537055969238 1
1744739078219 0.8500726222991943 2
1744739078243 0.7751386165618896 3
1744739078267 0.8822760581970215 4
1744739078298 0.7044335603713989 5
1744739078326 0.6521856784820557 6
1744739078353 0.6215263605117798 7
1744739078378 0.5952283143997192 8
1744739078402 0.6785295605659485 9
1744739078425 0.6674870848655701 10
1744739078448 0.5066221952438354 11
1744739078472 0.5186798572540283 12
1744739078498 0.46778836846351624 13
1744739078521 0.5239558219909668 14
1744739166403 0.7206586599349976 0
1744739166428 1.031982660293579 1
1744739166457 0.6322433352470398 2
1744739166485 0.6913819909095764 3
1744739166511 0.7769949436187744 4
1744739166542 0.8382701873779297 5
1744739166567 0.7602169513702393 6
1744739166593 0.5929290056228638 7
1744739166625 0.5982021689414978 8
1744739166662 0.6957910060882568 9
1744739166686 0.47018709778785706 10
1744739166711 0.5460394620895386 11
1744739166736 0.6475498080253601 12
1744739166760 0.6287386417388916 13
1744739166785 0.614961564540863 14
1744739256827 0.7033677697181702 0
1744739256868 1.248482584953308 1
1744739256908 0.8091803789138794 2
1744739256947 0.5816038846969604 3
1744739256988 0.8446382284164429 4
1744739257031 0.7867555618286133 5
1744739257071 0.5494390726089478 6
1744739257116 0.5679517984390259 7
1744739257158 0.6349555253982544 8
1744739257209 0.6657994985580444 9
1744739257249 0.5333355665206909 10
1744739257288 0.6127307415008545 11
1744739257329 0.5766854286193848 12
1744739257368 0.6464451551437378 13
1744739257416 0.5542573928833008 14
1744739345651 0.646705150604248 0
1744739345675 1.189196228981018 1
1744739345700 0.7118527293205261 2
1744739345725 0.6694383025169373 3
1744739345753 1.0450313091278076 4
1744739345780 0.752425491809845 5
1744739345805 0.7958972454071045 6
1744739345829 0.5306106805801392 7
1744739345853 0.6151336431503296 8
1744739345877 0.732944667339325 9
1744739345901 1.0145046710968018 10
1744739345926 0.6674084663391113 11
1744739345951 0.6887269616127014 12
1744739345975 0.7704630494117737 13
1744739345999 0.5901724100112915 14
1744739433734 0.4426936209201813 0
1744739433759 1.140955924987793 1
1744739433784 0.8655745983123779 2
1744739433808 0.6963979601860046 3
1744739433835 0.7726222276687622 4
1744739433859 0.8087234497070312 5
1744739433884 0.7468295097351074 6
1744739433909 0.6665253043174744 7
1744739433934 0.7058776617050171 8
1744739433958 0.7798784971237183 9
1744739433982 0.6004886031150818 10
1744739434007 0.5569741129875183 11
1744739434031 0.5666582584381104 12
1744739434057 0.6075751781463623 13
1744739434085 0.7007380723953247 14
1744739523757 0.5599995851516724 0
1744739523786 1.3934202194213867 1
1744739523817 0.9948664307594299 2
1744739523845 0.6867045164108276 3
1744739523879 0.8291377425193787 4
1744739523913 0.8469232320785522 5
1744739523941 0.8009815216064453 6
1744739523969 0.6259902119636536 7
1744739523998 0.5691630840301514 8
1744739524027 0.7016787528991699 9
1744739524055 0.638059139251709 10
1744739524092 0.6210392713546753 11
1744739524124 0.5095434188842773 12
1744739524151 0.42779380083084106 13
1744739524179 0.5147124528884888 14
1744739611578 0.6181277632713318 0
1744739611602 1.049769639968872 1
1744739611626 0.8921774625778198 2
1744739611651 0.6919999122619629 3
1744739611675 0.8876806497573853 4
1744739611701 0.795548677444458 5
1744739611725 0.7438210248947144 6
1744739611750 0.5474028587341309 7
1744739611775 0.4751916825771332 8
1744739611803 0.5624542236328125 9
1744739611827 0.4986957907676697 10
1744739611850 0.4880324900150299 11
1744739611874 0.502591073513031 12
1744739611898 0.47930747270584106 13
1744739611925 0.48306331038475037 14
1744739699016 0.5267471075057983 0
1744739699056 1.3039990663528442 1
1744739699093 0.6879790425300598 2
1744739699138 0.48828011751174927 3
1744739699178 0.716271162033081 4
1744739699224 0.7140278816223145 5
1744739699260 0.5645207166671753 6
1744739699299 0.6806588172912598 7
1744739699336 0.5920524597167969 8
1744739699376 0.5514757633209229 9
1744739699415 0.5706702470779419 10
1744739699451 0.6420378684997559 11
1744739699488 0.6548628807067871 12
1744739699523 0.5676771402359009 13
1744739699559 0.45319363474845886 14
1744739789530 0.4079137444496155 0
1744739789554 1.1671222448349 1
1744739789579 0.5803536176681519 2
1744739789603 0.4922911524772644 3
1744739789631 0.6465877294540405 4
1744739789656 0.637261152267456 5
1744739789681 0.6007161736488342 6
1744739789705 0.4780893325805664 7
1744739789733 0.5930395126342773 8
1744739789760 0.7726821899414062 9
1744739789786 0.5601701736450195 10
1744739789811 0.4897805452346802 11
1744739789836 0.4588058590888977 12
1744739789861 0.41644665598869324 13
1744739789886 0.3915245234966278 14
1744739878588 0.39638862013816833 0
1744739878617 1.47639000415802 1
1744739878645 0.7121165990829468 2
1744739878678 0.6294856667518616 3
1744739878708 0.6868199706077576 4
1744739878736 0.6699264049530029 5
1744739878768 0.5624614953994751 6
1744739878795 0.4973730742931366 7
1744739878822 0.6523563861846924 8
1744739878850 0.7167268395423889 9
1744739878877 0.8308851718902588 10
1744739878909 0.6319961547851562 11
1744739878937 0.6746156215667725 12
1744739878975 0.6495789885520935 13
1744739879007 0.497634619474411 14
1744739969454 0.3896518349647522 0
1744739969483 1.33366858959198 1
1744739969510 0.926474928855896 2
1744739969538 0.8170311450958252 3
1744739969566 0.8260598182678223 4
1744739969597 0.7852974534034729 5
1744739969627 0.795952558517456 6
1744739969656 0.5800400972366333 7
1744739969685 0.6882649660110474 8
1744739969710 0.6534320116043091 9
1744739969735 0.5488267540931702 10
1744739969759 0.625330924987793 11
1744739969784 0.40587568283081055 12
1744739969811 0.4406205415725708 13
1744739969844 0.4211559593677521 14
1744740058380 0.4916989803314209 0
1744740058406 1.0483688116073608 1
1744740058430 0.7732193470001221 2
1744740058468 0.4810466170310974 3
1744740058499 0.8566601276397705 4
1744740058525 0.8899710178375244 5
1744740058549 0.750780463218689 6
1744740058574 0.6858723759651184 7
1744740058600 0.6561094522476196 8
1744740058625 0.5347433090209961 9
1744740058648 0.6957374811172485 10
1744740058673 0.6358245611190796 11
1744740058697 0.5063672065734863 12
1744740058720 0.5600361824035645 13
1744740058744 0.48512640595436096 14
1744740149131 0.5756875276565552 0
1744740149160 0.9839363098144531 1
1744740149188 0.808311402797699 2
1744740149214 0.5992953777313232 3
1744740149243 0.6557685136795044 4
1744740149273 0.6996176838874817 5
1744740149299 0.6407071948051453 6
1744740149326 0.6312212944030762 7
1744740149352 0.5922992825508118 8
1744740149381 0.6032814979553223 9
1744740149409 0.6133040189743042 10
1744740149437 0.5330897569656372 11
1744740149467 0.5311020016670227 12
1744740149496 0.528658390045166 13
1744740149524 0.6340368986129761 14
1744740239254 0.5726226568222046 0
1744740239279 0.9447332620620728 1
1744740239305 0.5279847383499146 2
1744740239331 0.577935516834259 3
1744740239356 0.616492748260498 4
1744740239387 0.9835811257362366 5
1744740239411 0.893855094909668 6
1744740239435 0.6876353025436401 7
1744740239460 0.6011256575584412 8
1744740239485 0.8480563759803772 9
1744740239509 0.5833142995834351 10
1744740239532 0.3780319094657898 11
1744740239557 0.43888774514198303 12
1744740239582 0.32454800605773926 13
1744740239606 0.4438352584838867 14
1744740330465 0.4253106415271759 0
1744740330490 0.9182251691818237 1
1744740330515 0.6574355363845825 2
1744740330539 0.6780975461006165 3
1744740330566 0.6454429626464844 4
1744740330595 0.606791615486145 5
1744740330626 0.5559921264648438 6
1744740330654 0.5456476211547852 7
1744740330678 0.4877300560474396 8
1744740330702 0.4972117245197296 9
1744740330727 0.6329470276832581 10
1744740330751 0.5032155513763428 11
1744740330774 0.5070495009422302 12
1744740330800 0.5066808462142944 13
1744740330824 0.46714627742767334 14
1744740419840 0.4629592001438141 0
1744740419875 0.9602529406547546 1
1744740419908 0.5066190958023071 2
1744740419938 0.5697837471961975 3
1744740419964 0.884159505367279 4
1744740419991 0.8583021759986877 5
1744740420021 0.7141884565353394 6
1744740420049 0.6077598333358765 7
1744740420079 0.5248091220855713 8
1744740420108 0.5505467653274536 9
1744740420136 0.5339697599411011 10
1744740420167 0.6711714267730713 11
1744740420195 0.41269323229789734 12
1744740420225 0.4680124521255493 13
1744740420253 0.411088228225708 14
1744740510789 0.4400324523448944 0
1744740510814 1.0783782005310059 1
1744740510839 0.5963567495346069 2
1744740510870 0.5147029161453247 3
1744740510895 0.6872453689575195 4
1744740510920 0.6493984460830688 5
1744740510945 0.6033854484558105 6
1744740510972 0.5557608604431152 7
1744740510998 0.6035381555557251 8
1744740511036 0.48480769991874695 9
1744740511063 0.4250602722167969 10
1744740511089 0.42432984709739685 11
1744740511117 0.6126885414123535 12
1744740511146 0.6999107599258423 13
1744740511177 0.5879431962966919 14
1744740598629 0.5087082982063293 0
1744740598657 1.1570550203323364 1
1744740598683 0.8823260068893433 2
1744740598711 0.5073416233062744 3
1744740598742 0.7493851184844971 4
1744740598771 0.7876118421554565 5
1744740598799 0.6427335739135742 6
1744740598828 0.658640444278717 7
1744740598855 0.6780029535293579 8
1744740598882 0.6006220579147339 9
1744740598921 0.6297706365585327 10
1744740598949 0.529252290725708 11
1744740598975 0.5375711917877197 12
1744740599002 0.5123454332351685 13
1744740599032 0.47175097465515137 14
1744740687958 0.4408286213874817 0
1744740688004 1.085685133934021 1
1744740688053 0.7349836826324463 2
1744740688097 0.5619059205055237 3
1744740688142 0.666217029094696 4
1744740688184 0.621414840221405 5
1744740688230 0.5170776844024658 6
1744740688269 0.6401431560516357 7
1744740688318 0.6136639714241028 8
1744740688375 0.5771939754486084 9
1744740688420 0.5845308303833008 10
1744740688473 0.4727352261543274 11
1744740688538 0.5774027705192566 12
1744740688586 0.5562138557434082 13
1744740688628 0.4382342994213104 14
1744740779725 0.5750908851623535 0
1744740779750 0.9551702737808228 1
1744740779775 0.562505841255188 2
1744740779803 0.5344880819320679 3
1744740779832 0.6783217191696167 4
1744740779860 0.8035656213760376 5
1744740779890 0.6529425978660583 6
1744740779915 0.5682810544967651 7
1744740779943 0.4852142930030823 8
1744740779982 0.49030306935310364 9
1744740780009 0.45669853687286377 10
1744740780036 0.4706883132457733 11
1744740780061 0.5458712577819824 12
1744740780085 0.5676259994506836 13
1744740780113 0.5226876139640808 14
1744740874678 0.45374709367752075 0
1744740874703 1.3134361505508423 1
1744740874730 0.8744354248046875 2
1744740874757 0.6580750942230225 3
1744740874783 0.5248054265975952 4
1744740874807 0.5364111065864563 5
1744740874833 0.5738905072212219 6
1744740874862 0.6586538553237915 7
1744740874895 0.6381863355636597 8
1744740874926 0.4910632371902466 9
1744740874957 0.6344305872917175 10
1744740874987 0.5861392617225647 11
1744740875017 0.5980957746505737 12
1744740875048 0.5851480960845947 13
1744740875080 0.4943549335002899 14
1744740966537 0.4263231158256531 0
1744740966566 0.9525586366653442 1
1744740966599 0.7421301603317261 2
1744740966629 0.5866604447364807 3
1744740966658 0.6321898102760315 4
1744740966688 0.5630964040756226 5
1744740966719 0.7491410374641418 6
1744740966751 0.6554923057556152 7
1744740966783 0.7155659198760986 8
1744740966815 0.7532949447631836 9
1744740966848 0.7921561002731323 10
1744740966882 0.5301494002342224 11
1744740966913 0.4666307270526886 12
1744740966943 0.429967999458313 13
1744740966972 0.42230501770973206 14
1744741060948 0.41021013259887695 0
1744741060979 1.0450084209442139 1
1744741061010 1.0128047466278076 2
1744741061044 0.7496538162231445 3
1744741061086 0.7632232308387756 4
1744741061120 0.7329927086830139 5
1744741061150 0.7381967306137085 6
1744741061181 0.7219805717468262 7
1744741061214 0.5089884996414185 8
1744741061250 0.7216955423355103 9
1744741061277 0.7123870849609375 10
1744741061302 0.538399338722229 11
1744741061327 0.5014845132827759 12
1744741061352 0.43334969878196716 13
1744741061384 0.43011319637298584 14
1744741154604 0.4955654442310333 0
1744741154630 1.2928597927093506 1
1744741154654 0.8549414277076721 2
1744741154680 0.7770364284515381 3
1744741154704 0.6901074051856995 4
1744741154730 0.6299681067466736 5
1744741154755 0.6960328817367554 6
1744741154784 0.6938338279724121 7
1744741154809 0.49646398425102234 8
1744741154833 0.5761353969573975 9
1744741154858 0.5783075094223022 10
1744741154883 0.4367581903934479 11
1744741154909 0.58589106798172 12
1744741154935 0.5843728184700012 13
1744741154961 0.45521631836891174 14
1744741244131 0.5660431385040283 0
1744741244160 1.1518522500991821 1
1744741244189 1.035484790802002 2
1744741244221 0.7496702671051025 3
1744741244253 0.6651175618171692 4
1744741244282 0.6809048056602478 5
1744741244310 0.6261523365974426 6
1744741244351 0.568500280380249 7
1744741244380 0.7253829836845398 8
1744741244409 0.6752097010612488 9
1744741244440 0.6308311223983765 10
1744741244469 0.530759334564209 11
1744741244497 0.5193362236022949 12
1744741244531 0.5096873044967651 13
1744741244562 0.5676831603050232 14
1744741336162 0.5313990116119385 0
1744741336193 1.1469179391860962 1
1744741336221 0.8429203033447266 2
1744741336253 0.5341504812240601 3
1744741336281 0.49657711386680603 4
1744741336309 0.5873395204544067 5
1744741336335 0.5250887870788574 6
1744741336362 0.5308299660682678 7
1744741336389 0.8391777276992798 8
1744741336417 0.7994993329048157 9
1744741336449 1.0434879064559937 10
1744741336476 1.0570576190948486 11
1744741336511 0.8482413291931152 12
1744741336544 0.6185962557792664 13
1744741336572 0.5580028295516968 14
1744741425640 0.4591499865055084 0
1744741425670 1.4439196586608887 1
1744741425698 0.9479621052742004 2
1744741425727 0.8251685500144958 3
1744741425759 0.5990908145904541 4
1744741425787 0.5698517560958862 5
1744741425825 0.4470714032649994 6
1744741425854 0.45921990275382996 7
1744741425884 0.5264672040939331 8
1744741425912 0.6398411989212036 9
1744741425941 0.6425094604492188 10
1744741425971 0.7256077527999878 11
1744741425999 0.6319940090179443 12
1744741426028 0.6706401109695435 13
1744741426059 0.6341661214828491 14
1744741515137 0.6473335027694702 0
1744741515162 0.8567345142364502 1
1744741515186 0.5716524720191956 2
1744741515209 0.46058952808380127 3
1744741515233 0.5827246904373169 4
1744741515257 0.7541382312774658 5
1744741515287 0.66841721534729 6
1744741515312 0.6016743183135986 7
1744741515336 1.0342175960540771 8
1744741515362 0.7439813613891602 9
1744741515397 0.6878906488418579 10
1744741515422 0.5920115113258362 11
1744741515446 0.5748785734176636 12
1744741515470 0.6192371845245361 13
1744741515495 0.6289330720901489 14
1744741604155 0.6333550810813904 0
1744741604185 1.6861183643341064 1
1744741604213 1.1026244163513184 2
1744741604241 0.7881369590759277 3
1744741604280 0.7391746044158936 4
1744741604314 0.571611225605011 5
1744741604342 0.40479776263237 6
1744741604369 0.446149617433548 7
1744741604398 0.5085035562515259 8
1744741604427 0.4990975558757782 9
1744741604457 0.5506130456924438 10
1744741604488 0.591174304485321 11
1744741604515 0.8315048217773438 12
1744741604542 0.7920825481414795 13
1744741604569 0.9208642840385437 14
1744741692647 0.545748233795166 0
1744741692682 1.8297536373138428 1
1744741692716 1.7176077365875244 2
1744741692755 0.9797625541687012 3
1744741692791 0.6707884073257446 4
1744741692825 0.7039670944213867 5
1744741692860 0.7009416818618774 6
1744741692895 0.605348527431488 7
1744741692930 0.6501917839050293 8
1744741692976 0.9299389123916626 9
1744741693018 1.0593947172164917 10
1744741693059 1.2909483909606934 11
1744741693097 0.8986970782279968 12
1744741693139 0.8553661108016968 13
1744741693177 0.7207237482070923 14
1744741780194 0.6672520041465759 0
1744741780224 0.937475323677063 1
1744741780253 1.0026013851165771 2
1744741780286 0.8730969429016113 3
1744741780317 1.0738987922668457 4
1744741780345 0.8508288860321045 5
1744741780373 1.0915310382843018 6
1744741780400 0.945631742477417 7
1744741780429 0.7646249532699585 8
1744741780455 0.8518713712692261 9
1744741780485 0.8594951033592224 10
1744741780512 0.6879284381866455 11
1744741780539 0.656177282333374 12
1744741780566 0.6145516633987427 13
1744741780593 0.4698253870010376 14
1744741876256 0.5416672229766846 0
1744741876293 1.2579383850097656 1
1744741876333 1.0342442989349365 2
1744741876372 1.079481601715088 3
1744741876409 0.8606621026992798 4
1744741876447 0.7635282278060913 5
1744741876485 0.537876546382904 6
1744741876522 0.7201403379440308 7
1744741876557 0.7428008317947388 8
1744741876593 0.6673802137374878 9
1744741876630 0.7644720673561096 10
1744741876664 0.8242135047912598 11
1744741876703 0.833197295665741 12
1744741876737 0.6466599702835083 13
1744741876778 0.6340261697769165 14
1744741966572 0.6034594178199768 0
1744741966597 1.5508604049682617 1
1744741966622 1.053850531578064 2
1744741966646 0.6820210218429565 3
1744741966671 0.6416236162185669 4
1744741966698 0.6495929956436157 5
1744741966722 0.626131534576416 6
1744741966746 0.8654972314834595 7
1744741966772 0.7802437543869019 8
1744741966797 0.7638963460922241 9
1744741966821 0.8314093947410583 10
1744741966845 0.7013330459594727 11
1744741966869 0.6256076097488403 12
1744741966892 0.5573264956474304 13
1744741966918 0.5373902320861816 14
1744742059031 0.647614598274231 0
1744742059059 1.0858575105667114 1
1744742059090 1.2762196063995361 2
1744742059122 1.1316074132919312 3
1744742059157 0.7991037368774414 4
1744742059184 0.7885723114013672 5
1744742059212 0.6306166648864746 6
1744742059252 0.4788464307785034 7
1744742059280 0.523822546005249 8
1744742059308 0.6163694262504578 9
1744742059341 0.7336246967315674 10
1744742059369 0.6501575708389282 11
1744742059396 0.5486708879470825 12
1744742059425 0.8867015838623047 13
1744742059461 0.7844274640083313 14
