1744733061841 3.0 1
1744733161126 3.0 2
1744733257680 3.0 3
1744733357827 3.0 4
1744733458173 3.0 5
1744733565881 3.0 6
1744733669954 3.0 7
1744733772798 3.0 8
1744733874816 3.0 9
1744733965327 3.0 10
1744734056935 3.0 11
1744734151589 3.0 12
1744734243823 3.0 13
1744734333136 3.0 14
1744734423421 3.0 15
1744734515620 3.0 16
1744734604730 3.0 17
1744734693835 3.0 18
1744734786131 3.0 19
1744734876637 3.0 20
1744734967909 3.0 21
1744735056805 3.0 22
1744735147795 3.0 23
1744735236610 3.0 24
1744735323867 3.0 25
1744735414312 3.0 26
1744735503263 3.0 27
1744735594639 3.0 28
1744735684758 3.0 29
1744735774233 3.0 30
1744735863691 3.0 31
1744735958435 3.0 32
1744736046572 3.0 33
1744736136260 3.0 34
1744736227449 3.0 35
1744736320865 3.0 36
1744736411567 3.0 37
1744736503569 3.0 38
1744736592358 3.0 39
1744736683004 3.0 40
1744736771231 3.0 41
1744736860508 3.0 42
1744736948725 3.0 43
1744737035607 3.0 44
1744737125865 3.0 45
1744737213726 3.0 46
1744737304738 3.0 47
1744737393423 3.0 48
1744737483587 3.0 49
1744737572946 3.0 50
1744737663229 3.0 51
1744737750638 3.0 52
1744737838294 3.0 53
1744737926665 3.0 54
1744738015380 3.0 55
1744738102809 3.0 56
1744738190859 3.0 57
1744738277441 3.0 58
1744738367198 3.0 59
1744738455440 3.0 60
1744738541748 3.0 61
1744738632465 3.0 62
1744738721440 3.0 63
1744738811529 3.0 64
1744738899306 3.0 65
1744738988304 3.0 66
1744739078573 3.0 67
1744739166843 3.0 68
1744739257510 3.0 69
1744739346060 3.0 70
1744739434145 3.0 71
1744739524238 3.0 72
1744739611979 3.0 73
1744739699656 3.0 74
1744739789943 3.0 75
1744739879065 3.0 76
1744739969905 3.0 77
1744740058822 3.0 78
1744740149584 3.0 79
1744740239664 3.0 80
1744740330882 3.0 81
1744740420314 3.0 82
1744740511238 3.0 83
1744740599102 3.0 84
1744740688731 3.0 85
1744740780174 3.0 86
1744740875156 3.0 87
1744740967041 3.0 88
1744741061449 3.0 89
1744741155026 3.0 90
1744741244628 3.0 91
1744741336636 3.0 92
1744741426129 3.0 93
1744741515559 3.0 94
1744741604637 3.0 95
1744741693304 3.0 96
1744741780665 3.0 97
1744741876889 3.0 98
1744741966998 3.0 99
1744742059528 3.0 100
