1744733061841 0.0 1
1744733161126 0.0 2
1744733257680 0.0 3
1744733357827 0.0 4
1744733458173 0.0 5
1744733565881 0.0 6
1744733669954 0.0 7
1744733772798 0.0 8
1744733874816 0.0 9
1744733965327 0.0 10
1744734056935 0.0 11
1744734151589 0.0 12
1744734243823 0.0 13
1744734333136 0.0 14
1744734423421 0.0 15
1744734515620 0.0 16
1744734604730 0.0 17
1744734693835 0.0 18
1744734786131 0.0 19
1744734876637 0.0 20
1744734967909 0.0 21
1744735056805 0.0 22
1744735147795 0.0 23
1744735236610 0.0 24
1744735323867 0.0 25
1744735414312 0.0 26
1744735503263 0.0 27
1744735594639 0.0 28
1744735684758 0.0 29
1744735774233 0.0 30
1744735863691 0.0 31
1744735958435 0.0 32
1744736046572 0.0 33
1744736136260 0.0 34
1744736227449 0.0 35
1744736320865 0.0 36
1744736411567 0.0 37
1744736503569 0.0 38
1744736592358 0.0 39
1744736683004 0.0 40
1744736771231 0.0 41
1744736860508 0.0 42
1744736948725 0.0 43
1744737035607 0.0 44
1744737125865 0.0 45
1744737213726 0.0 46
1744737304738 0.0 47
1744737393423 0.0 48
1744737483587 0.0 49
1744737572946 0.0 50
1744737663229 0.0 51
1744737750638 0.0 52
1744737838294 0.0 53
1744737926665 0.0 54
1744738015380 0.0 55
1744738102809 0.0 56
1744738190859 0.0 57
1744738277441 0.0 58
1744738367198 0.0 59
1744738455440 0.0 60
1744738541748 0.0 61
1744738632465 0.0 62
1744738721440 0.0 63
1744738811529 0.0 64
1744738899306 0.0 65
1744738988304 0.0 66
1744739078573 0.0 67
1744739166843 0.0 68
1744739257510 0.0 69
1744739346060 0.0 70
1744739434145 0.0 71
1744739524238 0.0 72
1744739611979 0.0 73
1744739699656 0.0 74
1744739789943 0.0 75
1744739879065 0.0 76
1744739969905 0.0 77
1744740058822 0.0 78
1744740149584 0.0 79
1744740239664 0.0 80
1744740330882 0.0 81
1744740420314 0.0 82
1744740511238 0.0 83
1744740599102 0.0 84
1744740688731 0.0 85
1744740780174 0.0 86
1744740875156 0.0 87
1744740967041 0.0 88
1744741061449 0.0 89
1744741155026 0.0 90
1744741244628 0.0 91
1744741336636 0.0 92
1744741426129 0.0 93
1744741515559 0.0 94
1744741604637 0.0 95
1744741693304 0.0 96
1744741780665 0.0 97
1744741876889 0.0 98
1744741966998 0.0 99
1744742059528 0.0 100
