1744733061841 1.0 1
1744733161126 2.0 2
1744733257680 3.0 3
1744733357827 4.0 4
1744733458173 5.0 5
1744733565881 6.0 6
1744733669954 7.0 7
1744733772798 8.0 8
1744733874816 9.0 9
1744733965327 10.0 10
1744734056935 11.0 11
1744734151589 12.0 12
1744734243823 13.0 13
1744734333136 14.0 14
1744734423421 15.0 15
1744734515620 16.0 16
1744734604730 17.0 17
1744734693835 18.0 18
1744734786131 19.0 19
1744734876637 20.0 20
1744734967909 21.0 21
1744735056805 22.0 22
1744735147795 23.0 23
1744735236610 24.0 24
1744735323867 25.0 25
1744735414312 26.0 26
1744735503263 27.0 27
1744735594639 28.0 28
1744735684758 29.0 29
1744735774233 30.0 30
1744735863691 31.0 31
1744735958435 32.0 32
1744736046572 33.0 33
1744736136260 34.0 34
1744736227449 35.0 35
1744736320865 36.0 36
1744736411567 37.0 37
1744736503569 38.0 38
1744736592358 39.0 39
1744736683004 40.0 40
1744736771231 41.0 41
1744736860508 42.0 42
1744736948725 43.0 43
1744737035607 44.0 44
1744737125865 45.0 45
1744737213726 46.0 46
1744737304738 47.0 47
1744737393423 48.0 48
1744737483587 49.0 49
1744737572946 50.0 50
1744737663229 51.0 51
1744737750638 52.0 52
1744737838294 53.0 53
1744737926665 54.0 54
1744738015380 55.0 55
1744738102809 56.0 56
1744738190859 57.0 57
1744738277441 58.0 58
1744738367198 59.0 59
1744738455440 60.0 60
1744738541748 61.0 61
1744738632465 62.0 62
1744738721440 63.0 63
1744738811529 64.0 64
1744738899306 65.0 65
1744738988304 66.0 66
1744739078573 67.0 67
1744739166843 68.0 68
1744739257510 69.0 69
1744739346060 70.0 70
1744739434145 71.0 71
1744739524238 72.0 72
1744739611979 73.0 73
1744739699656 74.0 74
1744739789943 75.0 75
1744739879065 76.0 76
1744739969905 77.0 77
1744740058822 78.0 78
1744740149584 79.0 79
1744740239664 80.0 80
1744740330882 81.0 81
1744740420314 82.0 82
1744740511238 83.0 83
1744740599102 84.0 84
1744740688731 85.0 85
1744740780174 86.0 86
1744740875156 87.0 87
1744740967041 88.0 88
1744741061449 89.0 89
1744741155026 90.0 90
1744741244628 91.0 91
1744741336636 92.0 92
1744741426129 93.0 93
1744741515559 94.0 94
1744741604637 95.0 95
1744741693304 96.0 96
1744741780665 97.0 97
1744741876889 98.0 98
1744741966998 99.0 99
1744742059528 100.0 100
