1744733061841 42.0 1
1744733161126 42.0 2
1744733257680 42.0 3
1744733357827 42.0 4
1744733458173 42.0 5
1744733565881 42.0 6
1744733669954 42.0 7
1744733772798 42.0 8
1744733874816 42.0 9
1744733965327 42.0 10
1744734056935 42.0 11
1744734151589 42.0 12
1744734243823 42.0 13
1744734333136 42.0 14
1744734423421 42.0 15
1744734515620 42.0 16
1744734604730 42.0 17
1744734693835 42.0 18
1744734786131 42.0 19
1744734876637 42.0 20
1744734967909 42.0 21
1744735056805 42.0 22
1744735147795 42.0 23
1744735236610 42.0 24
1744735323867 42.0 25
1744735414312 42.0 26
1744735503263 42.0 27
1744735594639 42.0 28
1744735684758 42.0 29
1744735774233 42.0 30
1744735863691 42.0 31
1744735958435 42.0 32
1744736046572 42.0 33
1744736136260 42.0 34
1744736227449 42.0 35
1744736320865 42.0 36
1744736411567 42.0 37
1744736503569 42.0 38
1744736592358 42.0 39
1744736683004 42.0 40
1744736771231 42.0 41
1744736860508 42.0 42
1744736948725 42.0 43
1744737035607 42.0 44
1744737125865 42.0 45
1744737213726 42.0 46
1744737304738 42.0 47
1744737393423 42.0 48
1744737483587 42.0 49
1744737572946 42.0 50
1744737663229 42.0 51
1744737750638 42.0 52
1744737838294 42.0 53
1744737926665 42.0 54
1744738015380 42.0 55
1744738102809 42.0 56
1744738190859 42.0 57
1744738277441 42.0 58
1744738367198 42.0 59
1744738455440 42.0 60
1744738541748 42.0 61
1744738632465 42.0 62
1744738721440 42.0 63
1744738811529 42.0 64
1744738899306 42.0 65
1744738988304 42.0 66
1744739078573 42.0 67
1744739166843 42.0 68
1744739257510 42.0 69
1744739346060 42.0 70
1744739434145 42.0 71
1744739524238 42.0 72
1744739611979 42.0 73
1744739699656 42.0 74
1744739789943 42.0 75
1744739879065 42.0 76
1744739969905 42.0 77
1744740058822 42.0 78
1744740149584 42.0 79
1744740239664 42.0 80
1744740330882 42.0 81
1744740420314 42.0 82
1744740511238 42.0 83
1744740599102 42.0 84
1744740688731 42.0 85
1744740780174 42.0 86
1744740875156 42.0 87
1744740967041 42.0 88
1744741061449 42.0 89
1744741155026 42.0 90
1744741244628 42.0 91
1744741336636 42.0 92
1744741426129 42.0 93
1744741515559 42.0 94
1744741604637 42.0 95
1744741693304 42.0 96
1744741780665 42.0 97
1744741876889 42.0 98
1744741966998 42.0 99
1744742059528 42.0 100
