1738152541848 0.0 0
1738152541861 1.0 1
1738152541875 2.0 2
1738152541888 3.0 3
1738152541903 4.0 4
1738152541917 5.0 5
1738152541930 6.0 6
1738152541943 7.0 7
1738152541956 8.0 8
1738152541970 9.0 9
1738152633326 0.0 0
1738152633344 1.0 1
1738152633359 2.0 2
1738152633373 3.0 3
1738152633392 4.0 4
1738152633471 5.0 5
1738152633569 6.0 6
1738152633623 7.0 7
1738152633667 8.0 8
1738152633682 9.0 9
1738152713878 0.0 0
1738152713899 1.0 1
1738152713921 2.0 2
1738152713940 3.0 3
1738152713955 4.0 4
1738152713970 5.0 5
1738152713985 6.0 6
1738152714007 7.0 7
1738152714024 8.0 8
1738152714040 9.0 9
