1738152541848 0.0 0
1738152541861 0.0 1
1738152541875 0.0 2
1738152541888 0.0 3
1738152541903 0.0 4
1738152541917 0.0 5
1738152541930 0.0 6
1738152541943 0.0 7
1738152541956 0.0 8
1738152541970 0.0 9
1738152633326 0.0 0
1738152633344 0.0 1
1738152633359 0.0 2
1738152633373 0.0 3
1738152633392 0.0 4
1738152633471 0.0 5
1738152633569 0.0 6
1738152633623 0.0 7
1738152633667 0.0 8
1738152633682 0.0 9
1738152713878 0.0 0
1738152713899 0.0 1
1738152713921 0.0 2
1738152713940 0.0 3
1738152713955 0.0 4
1738152713970 0.0 5
1738152713985 0.0 6
1738152714007 0.0 7
1738152714024 0.0 8
1738152714040 0.0 9
