1744670439125 0.6894250512123108 0
1744670439171 0.660030722618103 1
1744670439208 0.6474276781082153 2
1744670439240 0.6280355453491211 3
1744670439271 0.5932886600494385 4
1744670439290 0.5773391127586365 5
1744670439308 0.5864181518554688 6
1744670439326 0.5824756026268005 7
1744670439343 0.562228262424469 8
1744670439362 0.5373181700706482 9
1744670439379 0.5650507807731628 10
1744670439397 0.6112899780273438 11
1744670439414 0.6086762547492981 12
1744670439432 0.5535308122634888 13
1744670439450 0.6493831872940063 14
