1744670439125 0.544265866279602 0
1744670439171 0.5471469163894653 1
1744670439208 0.6258824467658997 2
1744670439240 0.5761722326278687 3
1744670439271 0.5130046010017395 4
1744670439290 0.42057597637176514 5
1744670439308 0.7456518411636353 6
1744670439326 0.6364161968231201 7
1744670439343 0.5372457504272461 8
1744670439362 0.5804970860481262 9
1744670439379 0.5323599576950073 10
1744670439397 0.6609140038490295 11
1744670439414 0.517435610294342 12
1744670439432 0.5906631350517273 13
1744670439450 0.6844878792762756 14
