1744670439125 35.563255310058594 0
1744670439171 20.637252807617188 1
1744670439208 16.717540740966797 2
1744670439240 15.409807205200195 3
1744670439271 15.099955558776855 4
1744670439290 14.513898849487305 5
1744670439308 16.119081497192383 6
1744670439326 15.111324310302734 7
1744670439343 13.072298049926758 8
1744670439362 11.779613494873047 9
1744670439379 11.593482971191406 10
1744670439397 10.965217590332031 11
1744670439414 10.261974334716797 12
1744670439432 10.177860260009766 13
1744670439450 10.122772216796875 14
