1744670439125 116.08649444580078 0
1744670439171 66.35098266601562 1
1744670439208 53.03459167480469 2
1744670439240 48.859283447265625 3
1744670439271 48.069435119628906 4
1744670439290 46.43888854980469 5
1744670439308 50.69743728637695 6
1744670439326 47.70604705810547 7
1744670439343 41.258758544921875 8
1744670439362 36.82889175415039 9
1744670439379 36.34302520751953 10
1744670439397 33.777137756347656 11
1744670439414 31.913694381713867 12
1744670439432 31.440696716308594 13
1744670439450 30.854854583740234 14
