1744467972076 0.6961736679077148 0
1744467972102 0.6749257445335388 1
1744467972140 0.68375164270401 2
1744467972173 0.6311603784561157 3
1744467972205 0.6325005292892456 4
1744467972236 0.6255340576171875 5
1744467972264 0.5877264142036438 6
1744467972288 0.6262549161911011 7
1744467972311 0.5895319581031799 8
1744467972334 0.5754635334014893 9
1744468014658 0.6053929924964905 0
1744468014680 0.551946222782135 1
1744468014704 0.5586229562759399 2
1744468014741 0.5936242341995239 3
1744468014778 0.589585542678833 4
1744468014815 0.5525939464569092 5
1744468014849 0.5964390635490417 6
1744468014884 0.5734008550643921 7
1744468014922 0.6328442096710205 8
1744468014962 0.662471354007721 9
1744468057870 0.6315577626228333 0
1744468057910 0.6176897883415222 1
1744468057947 0.6189255118370056 2
1744468057984 0.6794691681861877 3
1744468058017 0.6732558608055115 4
1744468058049 0.6337786316871643 5
1744468058093 0.6827580332756042 6
1744468058128 0.6482784748077393 7
1744468058173 0.7141584157943726 8
1744468058209 0.6323334574699402 9
1744468107202 0.6248903870582581 0
1744468107240 0.6228057146072388 1
1744468107285 0.6503032445907593 2
1744468107322 0.7361020445823669 3
1744468107359 0.6329610347747803 4
1744468107396 0.7021020650863647 5
1744468107428 0.703741729259491 6
1744468107461 0.7346903085708618 7
1744468107500 0.8565289378166199 8
1744468107539 0.7221062183380127 9
1744468157578 0.7923120856285095 0
1744468157614 0.735365629196167 1
1744468157652 0.7737556099891663 2
1744468157686 0.8604539036750793 3
1744468157723 0.8369749784469604 4
1744468157758 0.7699717283248901 5
1744468157793 0.7944863438606262 6
1744468157826 0.8275496959686279 7
1744468157862 0.7195061445236206 8
1744468157895 0.9285566806793213 9
