1744467972076 0.5218403935432434 0
1744467972102 0.695769727230072 1
1744467972140 0.4753938913345337 2
1744467972173 0.5665059685707092 3
1744467972205 0.8139946460723877 4
1744467972236 0.5563965439796448 5
1744467972264 0.5718618035316467 6
1744467972288 0.7319552302360535 7
1744467972311 0.4372178614139557 8
1744467972334 0.6916161775588989 9
1744468014658 0.548514187335968 0
1744468014680 0.526043713092804 1
1744468014704 0.39323946833610535 2
1744468014741 0.6389105319976807 3
1744468014778 0.6754477620124817 4
1744468014815 0.6602348685264587 5
1744468014849 0.5650589466094971 6
1744468014884 0.542041540145874 7
1744468014922 0.5077733397483826 8
1744468014962 0.3748316764831543 9
1744468057870 0.49897509813308716 0
1744468057910 0.40702974796295166 1
1744468057947 0.3069658577442169 2
1744468057984 0.32546865940093994 3
1744468058017 0.5006999373435974 4
1744468058049 0.6325932145118713 5
1744468058093 0.47908979654312134 6
1744468058128 0.5323190093040466 7
1744468058173 0.37645086646080017 8
1744468058209 0.5533989071846008 9
1744468107202 0.33641523122787476 0
1744468107240 0.6194543838500977 1
1744468107285 0.4765196144580841 2
1744468107322 0.4390287697315216 3
1744468107359 0.4623923599720001 4
1744468107396 0.6596949696540833 5
1744468107428 0.5731672644615173 6
1744468107461 0.6872203350067139 7
1744468107500 0.4660016596317291 8
1744468107539 0.7339929342269897 9
1744468157578 0.5270788669586182 0
1744468157614 0.6666059494018555 1
1744468157652 0.34736940264701843 2
1744468157686 0.4787549674510956 3
1744468157723 0.4321804344654083 4
1744468157758 0.5379517674446106 5
1744468157793 0.7187660932540894 6
1744468157826 0.7009382247924805 7
1744468157862 0.5434305667877197 8
1744468157895 0.3424280285835266 9
