1744467972076 0.0 0
1744467972102 1.0 1
1744467972140 2.0 2
1744467972173 3.0 3
1744467972205 4.0 4
1744467972236 5.0 5
1744467972264 6.0 6
1744467972288 7.0 7
1744467972311 8.0 8
1744467972334 9.0 9
1744468014658 0.0 0
1744468014680 1.0 1
1744468014704 2.0 2
1744468014741 3.0 3
1744468014778 4.0 4
1744468014815 5.0 5
1744468014849 6.0 6
1744468014884 7.0 7
1744468014922 8.0 8
1744468014962 9.0 9
1744468057870 0.0 0
1744468057910 1.0 1
1744468057947 2.0 2
1744468057984 3.0 3
1744468058017 4.0 4
1744468058049 5.0 5
1744468058093 6.0 6
1744468058128 7.0 7
1744468058173 8.0 8
1744468058209 9.0 9
1744468107202 0.0 0
1744468107240 1.0 1
1744468107285 2.0 2
1744468107322 3.0 3
1744468107359 4.0 4
1744468107396 5.0 5
1744468107428 6.0 6
1744468107461 7.0 7
1744468107500 8.0 8
1744468107539 9.0 9
1744468157578 0.0 0
1744468157614 1.0 1
1744468157652 2.0 2
1744468157686 3.0 3
1744468157723 4.0 4
1744468157758 5.0 5
1744468157793 6.0 6
1744468157826 7.0 7
1744468157862 8.0 8
1744468157895 9.0 9
