1744467972076 17.226821899414062 0
1744467972102 11.84269905090332 1
1744467972140 8.505451202392578 2
1744467972173 7.989418029785156 3
1744467972205 8.956132888793945 4
1744467972236 7.208601951599121 5
1744467972264 7.24399471282959 6
1744467972288 6.743222236633301 7
1744467972311 7.017484664916992 8
1744467972334 6.631412982940674 9
1744468014658 5.766918182373047 0
1744468014680 6.109192371368408 1
1744468014704 5.728204727172852 2
1744468014741 5.105364799499512 3
1744468014778 5.311652660369873 4
1744468014815 5.06821870803833 5
1744468014849 4.795155048370361 6
1744468014884 4.506042003631592 7
1744468014922 4.188604831695557 8
1744468014962 3.849350929260254 9
1744468057870 3.8424012660980225 0
1744468057910 4.233758449554443 1
1744468057947 3.5541675090789795 2
1744468057984 3.4637866020202637 3
1744468058017 3.3630857467651367 4
1744468058049 3.7506282329559326 5
1744468058093 3.3794503211975098 6
1744468058128 3.410539150238037 7
1744468058173 2.825259208679199 8
1744468058209 2.9392776489257812 9
1744468107202 2.716074228286743 0
1744468107240 3.523719310760498 1
1744468107285 2.9876134395599365 2
1744468107322 2.538675308227539 3
1744468107359 2.7449374198913574 4
1744468107396 3.002117395401001 5
1744468107428 2.6779592037200928 6
1744468107461 2.609555959701538 7
1744468107500 2.6267058849334717 8
1744468107539 2.7470831871032715 9
1744468157578 2.5450448989868164 0
1744468157614 3.205033540725708 1
1744468157652 2.2313802242279053 2
1744468157686 2.367415428161621 3
1744468157723 2.3888516426086426 4
1744468157758 2.4686408042907715 5
1744468157793 2.4727869033813477 6
1744468157826 2.2834646701812744 7
1744468157862 2.215167999267578 8
1744468157895 2.0088682174682617 9
