1744467972076 110.43830871582031 0
1744467972102 73.4129638671875 1
1744467972140 52.622047424316406 2
1744467972173 48.64453125 3
1744467972205 53.43758773803711 4
1744467972236 43.51398849487305 5
1744467972264 43.69725036621094 6
1744467972288 39.240108489990234 7
1744467972311 43.082401275634766 8
1744467972334 38.83135986328125 9
1744468014658 33.9821662902832 0
1744468014680 36.48506164550781 1
1744468014704 34.82160568237305 2
1744468014741 28.984861373901367 3
1744468014778 30.121915817260742 4
1744468014815 28.649765014648438 5
1744468014849 27.405384063720703 6
1744468014884 25.662134170532227 7
1744468014922 23.695083618164062 8
1744468014962 22.280166625976562 9
1744468057870 21.447429656982422 0
1744468057910 24.687936782836914 1
1744468057947 20.822776794433594 2
1744468057984 20.016159057617188 3
1744468058017 18.18489646911621 4
1744468058049 19.941862106323242 5
1744468058093 18.425392150878906 6
1744468058128 18.323762893676758 7
1744468058173 15.373176574707031 8
1744468058209 15.06274700164795 9
1744468107202 15.031205177307129 0
1744468107240 18.53135871887207 1
1744468107285 15.873553276062012 2
1744468107322 13.016173362731934 3
1744468107359 14.373019218444824 4
1744468107396 14.680013656616211 5
1744468107428 13.093624114990234 6
1744468107461 11.835983276367188 7
1744468107500 13.262655258178711 8
1744468107539 12.457792282104492 9
1744468157578 12.396689414978027 0
1744468157614 15.942363739013672 1
1744468157652 11.528398513793945 2
1744468157686 11.44379711151123 3
1744468157723 11.928508758544922 4
1744468157758 11.84463119506836 5
1744468157793 10.634157180786133 6
1744468157826 9.44677734375 7
1744468157862 10.185574531555176 8
1744468157895 9.871525764465332 9
