1737716224077 0.0 0
1737716224099 1.0 1
1737716224118 2.0 2
1737716224138 3.0 3
1737716224159 4.0 4
1737716224180 5.0 5
1737716224194 6.0 6
1737716224207 7.0 7
1737716224220 8.0 8
1737716224233 9.0 9
1737716260905 0.0 0
1737716260925 1.0 1
1737716260944 2.0 2
1737716260964 3.0 3
1737716260984 4.0 4
1737716261003 5.0 5
1737716261032 6.0 6
1737716261058 7.0 7
1737716261078 8.0 8
1737716261101 9.0 9
1737716296058 0.0 0
1737716296080 1.0 1
1737716296106 2.0 2
1737716296134 3.0 3
1737716296158 4.0 4
1737716296185 5.0 5
1737716296215 6.0 6
1737716296239 7.0 7
1737716296266 8.0 8
1737716296294 9.0 9
1737716336189 0.0 0
1737716336209 1.0 1
1737716336229 2.0 2
1737716336249 3.0 3
1737716336271 4.0 4
1737716336291 5.0 5
1737716336315 6.0 6
1737716336335 7.0 7
1737716336354 8.0 8
1737716336374 9.0 9
1737716371584 0.0 0
1737716371610 1.0 1
1737716371635 2.0 2
1737716371664 3.0 3
1737716371699 4.0 4
1737716371731 5.0 5
1737716371763 6.0 6
1737716371797 7.0 7
1737716371824 8.0 8
1737716371852 9.0 9
1737716409130 0.0 0
1737716409150 1.0 1
1737716409169 2.0 2
1737716409188 3.0 3
1737716409209 4.0 4
1737716409230 5.0 5
1737716409255 6.0 6
1737716409280 7.0 7
1737716409299 8.0 8
1737716409325 9.0 9
1737716434097 0.0 0
1737716434110 1.0 1
1737716434123 2.0 2
1737716434136 3.0 3
1737716434148 4.0 4
1737716434161 5.0 5
1737716434174 6.0 6
1737716434187 7.0 7
1737716434200 8.0 8
1737716434213 9.0 9
1737716459957 0.0 0
1737716459972 1.0 1
1737716459988 2.0 2
1737716460003 3.0 3
1737716460017 4.0 4
1737716460032 5.0 5
1737716460047 6.0 6
1737716460062 7.0 7
1737716460076 8.0 8
1737716460091 9.0 9
1737716485269 0.0 0
1737716485289 1.0 1
1737716485309 2.0 2
1737716485329 3.0 3
1737716485348 4.0 4
1737716485373 5.0 5
1737716485393 6.0 6
1737716485412 7.0 7
1737716485432 8.0 8
1737716485451 9.0 9
1737716512933 0.0 0
1737716512947 1.0 1
1737716512962 2.0 2
1737716512976 3.0 3
1737716512990 4.0 4
1737716513004 5.0 5
1737716513017 6.0 6
1737716513030 7.0 7
1737716513043 8.0 8
1737716513056 9.0 9
