1737716224077 0.0 0
1737716224099 0.0 1
1737716224118 0.0 2
1737716224138 0.0 3
1737716224159 0.0 4
1737716224180 0.0 5
1737716224194 0.0 6
1737716224207 0.0 7
1737716224220 0.0 8
1737716224233 0.0 9
1737716260905 0.0 0
1737716260925 0.0 1
1737716260944 0.0 2
1737716260964 0.0 3
1737716260984 0.0 4
1737716261003 0.0 5
1737716261032 0.0 6
1737716261058 0.0 7
1737716261078 0.0 8
1737716261101 0.0 9
1737716296058 0.0 0
1737716296080 0.0 1
1737716296106 0.0 2
1737716296134 0.0 3
1737716296158 0.0 4
1737716296185 0.0 5
1737716296215 0.0 6
1737716296239 0.0 7
1737716296266 0.0 8
1737716296294 0.0 9
1737716336189 0.0 0
1737716336209 0.0 1
1737716336229 0.0 2
1737716336249 0.0 3
1737716336271 0.0 4
1737716336291 0.0 5
1737716336315 0.0 6
1737716336335 0.0 7
1737716336354 0.0 8
1737716336374 0.0 9
1737716371584 0.0 0
1737716371610 0.0 1
1737716371635 0.0 2
1737716371664 0.0 3
1737716371699 0.0 4
1737716371731 0.0 5
1737716371763 0.0 6
1737716371797 0.0 7
1737716371824 0.0 8
1737716371852 0.0 9
1737716409130 0.0 0
1737716409150 0.0 1
1737716409169 0.0 2
1737716409188 0.0 3
1737716409209 0.0 4
1737716409230 0.0 5
1737716409255 0.0 6
1737716409280 0.0 7
1737716409299 0.0 8
1737716409325 0.0 9
1737716434097 0.0 0
1737716434110 0.0 1
1737716434123 0.0 2
1737716434136 0.0 3
1737716434148 0.0 4
1737716434161 0.0 5
1737716434174 0.0 6
1737716434187 0.0 7
1737716434200 0.0 8
1737716434213 0.0 9
1737716459957 0.0 0
1737716459972 0.0 1
1737716459988 0.0 2
1737716460003 0.0 3
1737716460017 0.0 4
1737716460032 0.0 5
1737716460047 0.0 6
1737716460062 0.0 7
1737716460076 0.0 8
1737716460091 0.0 9
1737716485269 0.0 0
1737716485289 0.0 1
1737716485309 0.0 2
1737716485329 0.0 3
1737716485348 0.0 4
1737716485373 0.0 5
1737716485393 0.0 6
1737716485412 0.0 7
1737716485432 0.0 8
1737716485451 0.0 9
1737716512933 0.0 0
1737716512947 0.0 1
1737716512962 0.0 2
1737716512976 0.0 3
1737716512990 0.0 4
1737716513004 0.0 5
1737716513017 0.0 6
1737716513030 0.0 7
1737716513043 0.0 8
1737716513056 0.0 9
