1738279839333 0.48199906945228577 0
1738279839352 0.695501983165741 1
1738279839368 0.5414742231369019 2
1738279839384 0.4150882363319397 3
1738279839399 0.5752749443054199 4
1738279839413 0.6038068532943726 5
1738279839427 0.7076056599617004 6
1738279839443 0.4063800275325775 7
1738279839461 0.4695935547351837 8
1738279839476 0.30962875485420227 9
1738279850203 0.46143633127212524 0
1738279850226 0.49708372354507446 1
1738279850247 0.2587662935256958 2
1738279850266 0.2544761896133423 3
1738279850289 0.3126879036426544 4
1738279850310 0.19671472907066345 5
1738279850330 0.23994995653629303 6
1738279850351 0.31086447834968567 7
1738279850371 0.23573146760463715 8
1738279850392 0.2551209628582001 9
