1744476370274 0.7541065216064453 0
1744476370305 0.7210164666175842 1
1744476370331 0.7037597894668579 2
1744476370354 0.6654676198959351 3
1744476370380 0.6470188498497009 4
1744476370405 0.6252476572990417 5
1744476370430 0.6220967173576355 6
1744476370455 0.5791501998901367 7
1744476370485 0.5990522503852844 8
1744476370522 0.5550655126571655 9
1744476370557 0.5934562087059021 10
1744476370592 0.5768523812294006 11
1744476370618 0.5715959072113037 12
1744476370645 0.5891446471214294 13
1744476370671 0.5623277425765991 14
1744476444600 0.5837849378585815 0
1744476444641 0.5835430026054382 1
1744476444680 0.5436288118362427 2
1744476444715 0.6202869415283203 3
1744476444752 0.6013104915618896 4
1744476444787 0.6533806324005127 5
1744476444823 0.6428595185279846 6
1744476444848 0.6419004201889038 7
1744476444873 0.6429658532142639 8
1744476444924 0.6921735405921936 9
1744476444962 0.6872263550758362 10
1744476444998 0.665080726146698 11
1744476445033 0.6298688650131226 12
1744476445068 0.6467829942703247 13
1744476445104 0.6770358681678772 14
1744476519506 0.6932560801506042 0
1744476519542 0.7351318001747131 1
1744476519587 0.7068907618522644 2
1744476519626 0.7133620381355286 3
1744476519666 0.6918656229972839 4
1744476519700 0.6564412713050842 5
1744476519736 0.6989392042160034 6
1744476519771 0.6834498047828674 7
1744476519806 0.7078762054443359 8
1744476519842 0.7810397744178772 9
1744476519883 0.6887128353118896 10
1744476519938 0.7095854878425598 11
1744476519990 0.7829013466835022 12
1744476520023 0.6153578162193298 13
1744476520056 0.7111161947250366 14
1744476601405 0.7309485673904419 0
1744476601443 0.7529802322387695 1
1744476601479 0.7833040952682495 2
1744476601514 0.7233114838600159 3
1744476601555 0.7925392389297485 4
1744476601595 0.770342230796814 5
1744476601629 0.7486931681632996 6
1744476601663 0.8611227869987488 7
1744476601697 0.8570032715797424 8
1744476601734 0.8308088779449463 9
1744476601770 0.8700835704803467 10
1744476601804 0.9558342695236206 11
1744476601839 0.9264433979988098 12
1744476601877 0.7790676355361938 13
1744476601920 0.8244787454605103 14
1744476685022 0.7672204375267029 0
1744476685060 1.0742849111557007 1
1744476685100 1.0158661603927612 2
1744476685151 0.8951517343521118 3
1744476685190 1.1383055448532104 4
1744476685226 0.8190027475357056 5
1744476685267 0.9998092651367188 6
1744476685301 1.1096011400222778 7
1744476685341 1.309993028640747 8
1744476685377 1.2671362161636353 9
1744476685413 1.0252808332443237 10
1744476685447 1.1461517810821533 11
1744476685491 1.0957365036010742 12
1744476685538 1.1980732679367065 13
1744476685583 1.2426395416259766 14
1744476776730 1.2011595964431763 0
1744476776766 0.970974326133728 1
1744476776801 0.9387216567993164 2
1744476776835 1.2502611875534058 3
1744476776872 1.197082757949829 4
1744476776916 1.0048006772994995 5
1744476776968 1.1448394060134888 6
1744476777006 1.06564462184906 7
1744476777044 1.0828874111175537 8
1744476777079 1.0743319988250732 9
1744476777124 1.151841163635254 10
1744476777166 1.1587700843811035 11
1744476777199 1.342042088508606 12
1744476777234 0.9582837820053101 13
1744476777268 0.9350655674934387 14
