1744476370274 0.650536835193634 0
1744476370305 0.5844520330429077 1
1744476370331 0.3447137176990509 2
1744476370354 0.5044280886650085 3
1744476370380 0.39151984453201294 4
1744476370405 0.44592273235321045 5
1744476370430 0.5989250540733337 6
1744476370455 0.5358039140701294 7
1744476370485 0.4319906532764435 8
1744476370522 0.7137457132339478 9
1744476370557 0.7712594270706177 10
1744476370592 0.6404438614845276 11
1744476370618 0.7394542098045349 12
1744476370645 0.7607335448265076 13
1744476370671 0.5385221242904663 14
1744476444600 0.36880236864089966 0
1744476444641 0.7341511845588684 1
1744476444680 0.6840296387672424 2
1744476444715 0.3007771074771881 3
1744476444752 0.5879522562026978 4
1744476444787 0.7315154671669006 5
1744476444823 0.401816725730896 6
1744476444848 0.9567951560020447 7
1744476444873 0.6295191049575806 8
1744476444924 0.45167678594589233 9
1744476444962 0.5759937763214111 10
1744476444998 0.799033522605896 11
1744476445033 0.3378290832042694 12
1744476445068 0.3682251572608948 13
1744476445104 0.9417858719825745 14
1744476519506 0.5045055150985718 0
1744476519542 0.6655044555664062 1
1744476519587 0.32510873675346375 2
1744476519626 0.6961965560913086 3
1744476519666 0.35829979181289673 4
1744476519700 0.5867533087730408 5
1744476519736 0.3770633041858673 6
1744476519771 0.6955130696296692 7
1744476519806 0.4945584833621979 8
1744476519842 0.6202741265296936 9
1744476519883 0.6134777665138245 10
1744476519938 1.1663026809692383 11
1744476519990 0.6364122629165649 12
1744476520023 0.48730483651161194 13
1744476520056 0.5335155129432678 14
1744476601405 0.5321133136749268 0
1744476601443 0.6918262839317322 1
1744476601479 0.8462746143341064 2
1744476601514 0.3517875075340271 3
1744476601555 1.050372838973999 4
1744476601595 1.047120451927185 5
1744476601629 1.0522936582565308 6
1744476601663 0.2899484634399414 7
1744476601697 0.48248255252838135 8
1744476601734 1.3931491374969482 9
1744476601770 0.3432716131210327 10
1744476601804 0.5602546334266663 11
1744476601839 0.4080880582332611 12
1744476601877 0.6882814764976501 13
1744476601920 0.3443465530872345 14
1744476685022 0.3430320620536804 0
1744476685060 0.4054662883281708 1
1744476685100 0.584520161151886 2
1744476685151 0.8906213045120239 3
1744476685190 0.4011823534965515 4
1744476685226 0.9271050095558167 5
1744476685267 0.5653546452522278 6
1744476685301 0.5676663517951965 7
1744476685341 1.002354383468628 8
1744476685377 0.22981776297092438 9
1744476685413 0.8819242119789124 10
1744476685447 1.0636062622070312 11
1744476685491 0.830713152885437 12
1744476685538 0.7275956869125366 13
1744476685583 0.4712403118610382 14
1744476776730 0.9359284043312073 0
1744476776766 0.4493512809276581 1
1744476776801 0.3307642936706543 2
1744476776835 0.2876444160938263 3
1744476776872 0.5143970847129822 4
1744476776916 0.28334563970565796 5
1744476776968 0.9044691920280457 6
1744476777006 1.2332854270935059 7
1744476777044 0.6514192819595337 8
1744476777079 0.9428478479385376 9
1744476777124 0.5826308727264404 10
1744476777166 0.9362106323242188 11
1744476777199 0.5825525522232056 12
1744476777234 0.532877504825592 13
1744476777268 1.0364471673965454 14
