1744476370274 0.0 0
1744476370305 1.0 1
1744476370331 2.0 2
1744476370354 3.0 3
1744476370380 4.0 4
1744476370405 5.0 5
1744476370430 6.0 6
1744476370455 7.0 7
1744476370485 8.0 8
1744476370522 9.0 9
1744476370557 10.0 10
1744476370592 11.0 11
1744476370618 12.0 12
1744476370645 13.0 13
1744476370671 14.0 14
1744476444600 0.0 0
1744476444641 1.0 1
1744476444680 2.0 2
1744476444715 3.0 3
1744476444752 4.0 4
1744476444787 5.0 5
1744476444823 6.0 6
1744476444848 7.0 7
1744476444873 8.0 8
1744476444924 9.0 9
1744476444962 10.0 10
1744476444998 11.0 11
1744476445033 12.0 12
1744476445068 13.0 13
1744476445104 14.0 14
1744476519506 0.0 0
1744476519542 1.0 1
1744476519587 2.0 2
1744476519626 3.0 3
1744476519666 4.0 4
1744476519700 5.0 5
1744476519736 6.0 6
1744476519771 7.0 7
1744476519806 8.0 8
1744476519842 9.0 9
1744476519883 10.0 10
1744476519938 11.0 11
1744476519990 12.0 12
1744476520023 13.0 13
1744476520056 14.0 14
1744476601405 0.0 0
1744476601443 1.0 1
1744476601479 2.0 2
1744476601514 3.0 3
1744476601555 4.0 4
1744476601595 5.0 5
1744476601629 6.0 6
1744476601663 7.0 7
1744476601697 8.0 8
1744476601734 9.0 9
1744476601770 10.0 10
1744476601804 11.0 11
1744476601839 12.0 12
1744476601877 13.0 13
1744476601920 14.0 14
1744476685022 0.0 0
1744476685060 1.0 1
1744476685100 2.0 2
1744476685151 3.0 3
1744476685190 4.0 4
1744476685226 5.0 5
1744476685267 6.0 6
1744476685301 7.0 7
1744476685341 8.0 8
1744476685377 9.0 9
1744476685413 10.0 10
1744476685447 11.0 11
1744476685491 12.0 12
1744476685538 13.0 13
1744476685583 14.0 14
1744476776730 0.0 0
1744476776766 1.0 1
1744476776801 2.0 2
1744476776835 3.0 3
1744476776872 4.0 4
1744476776916 5.0 5
1744476776968 6.0 6
1744476777006 7.0 7
1744476777044 8.0 8
1744476777079 9.0 9
1744476777124 10.0 10
1744476777166 11.0 11
1744476777199 12.0 12
1744476777234 13.0 13
1744476777268 14.0 14
