1744476370274 39.295928955078125 0
1744476370305 24.392070770263672 1
1744476370331 16.59836769104004 2
1744476370354 15.328116416931152 3
1744476370380 14.639312744140625 4
1744476370405 15.409828186035156 5
1744476370430 16.126964569091797 6
1744476370455 16.922222137451172 7
1744476370485 14.428885459899902 8
1744476370522 14.010677337646484 9
1744476370557 12.688234329223633 10
1744476370592 12.26657772064209 11
1744476370618 10.490880012512207 12
1744476370645 11.354837417602539 13
1744476370671 9.878005027770996 14
1744476444600 9.071189880371094 0
1744476444641 9.689805030822754 1
1744476444680 9.811416625976562 2
1744476444715 8.701708793640137 3
1744476444752 8.512929916381836 4
1744476444787 8.460017204284668 5
1744476444823 7.39093017578125 6
1744476444848 8.208359718322754 7
1744476444873 7.1084675788879395 8
1744476444924 6.682712554931641 9
1744476444962 6.480588436126709 10
1744476444998 6.427606582641602 11
1744476445033 5.477537631988525 12
1744476445068 5.277495861053467 13
1744476445104 6.408031463623047 14
1744476519506 5.212390422821045 0
1744476519542 6.564006805419922 1
1744476519587 5.272096633911133 2
1744476519626 5.47031831741333 3
1744476519666 5.44932222366333 4
1744476519700 4.96993350982666 5
1744476519736 4.767115116119385 6
1744476519771 4.873877048492432 7
1744476519806 4.388432025909424 8
1744476519842 4.380573749542236 9
1744476519883 4.552358627319336 10
1744476519938 5.005541801452637 11
1744476519990 3.920588254928589 12
1744476520023 3.7212884426116943 13
1744476520056 3.915592670440674 14
1744476601405 3.9199066162109375 0
1744476601443 5.621458053588867 1
1744476601479 4.393953323364258 2
1744476601514 3.5368764400482178 3
1744476601555 4.765059947967529 4
1744476601595 4.767575740814209 5
1744476601629 4.088077068328857 6
1744476601663 3.001009464263916 7
1744476601697 3.6244075298309326 8
1744476601734 4.2673258781433105 9
1744476601770 3.428586721420288 10
1744476601804 3.3565073013305664 11
1744476601839 3.114795207977295 12
1744476601877 3.4972684383392334 13
1744476601920 2.9603357315063477 14
1744476685022 3.0683114528656006 0
1744476685060 5.172694206237793 1
1744476685100 3.4838151931762695 2
1744476685151 3.8344309329986572 3
1744476685190 3.771233081817627 4
1744476685226 4.114351272583008 5
1744476685267 3.4870994091033936 6
1744476685301 3.146150588989258 7
1744476685341 3.8420557975769043 8
1744476685377 2.9188735485076904 9
1744476685413 3.5518641471862793 10
1744476685447 3.767266273498535 11
1744476685491 3.2807986736297607 12
1744476685538 3.663886785507202 13
1744476685583 3.0337746143341064 14
1744476776730 3.5700740814208984 0
1744476776766 4.232922077178955 1
1744476776801 3.0579404830932617 2
1744476776835 3.2485122680664062 3
1744476776872 3.4328341484069824 4
1744476776916 3.1077282428741455 5
1744476776968 3.7236146926879883 6
1744476777006 3.6357831954956055 7
1744476777044 3.1893773078918457 8
1744476777079 3.3661911487579346 9
1744476777124 3.647817373275757 10
1744476777166 3.3303298950195312 11
1744476777199 3.0649735927581787 12
1744476777234 2.6239242553710938 13
1744476777268 3.212352752685547 14
