1744476370274 128.1141357421875 0
1744476370305 78.68577575683594 1
1744476370331 53.522003173828125 2
1744476370354 48.79119110107422 3
1744476370380 46.888755798339844 4
1744476370405 49.29611587524414 5
1744476370430 51.17950439453125 6
1744476370455 54.080848693847656 7
1744476370485 46.097198486328125 8
1744476370522 43.8050422668457 9
1744476370557 39.16935348510742 10
1744476370592 38.21538162231445 11
1744476370618 31.971263885498047 12
1744476370645 34.76380920410156 13
1744476370671 30.60677146911621 14
1744476444600 28.463090896606445 0
1744476444641 29.307538986206055 1
1744476444680 29.917236328125 2
1744476444715 27.42416763305664 3
1744476444752 25.855365753173828 4
1744476444787 25.151851654052734 5
1744476444823 22.697040557861328 6
1744476444848 23.572772979736328 7
1744476444873 20.99639320373535 8
1744476444924 20.12409019470215 9
1744476444962 19.040569305419922 10
1744476444998 18.14116668701172 11
1744476445033 16.544483184814453 12
1744476445068 15.760570526123047 13
1744476445104 17.588918685913086 14
1744476519506 15.045909881591797 0
1744476519542 18.97555160522461 1
1744476519587 15.830195426940918 2
1744476519626 15.247934341430664 3
1744476519666 16.32433319091797 4
1744476519700 13.99792194366455 5
1744476519736 13.981162071228027 6
1744476519771 13.289993286132812 7
1744476519806 12.318892478942871 8
1744476519842 11.805360794067383 9
1744476519883 12.486804008483887 10
1744476519938 12.135183334350586 11
1744476519990 10.216545104980469 12
1744476520023 10.205611228942871 13
1744476520056 10.609882354736328 14
1744476601405 10.610424995422363 0
1744476601443 15.729323387145996 1
1744476601479 11.094511032104492 2
1744476601514 9.941871643066406 3
1744476601555 11.642585754394531 4
1744476601595 11.682531356811523 5
1744476601629 9.420496940612793 6
1744476601663 8.233155250549316 7
1744476601697 9.673213958740234 8
1744476601734 8.805168151855469 9
1744476601770 9.472305297851562 10
1744476601804 8.428730010986328 11
1744476601839 8.157676696777344 12
1744476601877 8.636159896850586 13
1744476601920 7.9504499435424805 14
1744476685022 8.368191719055176 0
1744476685060 14.888093948364258 1
1744476685100 8.716175079345703 2
1744476685151 8.97722339630127 3
1744476685190 10.171083450317383 4
1744476685226 9.859750747680664 5
1744476685267 8.805994033813477 6
1744476685301 7.559319496154785 7
1744476685341 8.243011474609375 8
1744476685377 7.780858516693115 9
1744476685413 7.94287109375 10
1744476685447 7.942457675933838 11
1744476685491 7.144264221191406 12
1744476685538 8.669435501098633 13
1744476685583 7.381983757019043 14
1744476776730 7.659402847290039 0
1744476776766 11.705658912658691 1
1744476776801 8.214446067810059 2
1744476776835 8.702649116516113 3
1744476776872 8.610845565795898 4
1744476776916 8.476794242858887 5
1744476776968 8.328634262084961 6
1744476777006 7.013724327087402 7
1744476777044 7.449165344238281 8
1744476777079 7.075100898742676 9
1744476777124 9.142236709594727 10
1744476777166 6.898878574371338 11
1744476777199 7.022163391113281 12
1744476777234 6.07575798034668 13
1744476777268 6.380290508270264 14
