1737748269246 0.0 0
1737748269277 1.0 1
1737748269303 2.0 2
1737748269326 3.0 3
1737748269351 4.0 4
1737748269371 5.0 5
1737748269392 6.0 6
1737748269414 7.0 7
1737748269439 8.0 8
1737748269459 9.0 9
1737748330229 0.0 0
1737748330250 1.0 1
1737748330271 2.0 2
1737748330293 3.0 3
1737748330314 4.0 4
1737748330338 5.0 5
1737748330362 6.0 6
1737748330383 7.0 7
1737748330409 8.0 8
1737748330431 9.0 9
1737748393496 0.0 0
1737748393515 1.0 1
1737748393535 2.0 2
1737748393554 3.0 3
1737748393573 4.0 4
1737748393604 5.0 5
1737748393631 6.0 6
1737748393656 7.0 7
1737748393677 8.0 8
1737748393700 9.0 9
1737748457572 0.0 0
1737748457591 1.0 1
1737748457617 2.0 2
1737748457643 3.0 3
1737748457662 4.0 4
1737748457683 5.0 5
1737748457704 6.0 6
1737748457726 7.0 7
1737748457744 8.0 8
1737748457763 9.0 9
1737748516516 0.0 0
1737748516536 1.0 1
1737748516555 2.0 2
1737748516575 3.0 3
1737748516598 4.0 4
1737748516619 5.0 5
1737748516641 6.0 6
1737748516662 7.0 7
1737748516684 8.0 8
1737748516707 9.0 9
1737748563573 0.0 0
1737748563586 1.0 1
1737748563600 2.0 2
1737748563614 3.0 3
1737748563627 4.0 4
1737748563641 5.0 5
1737748563654 6.0 6
1737748563667 7.0 7
1737748563680 8.0 8
1737748563693 9.0 9
1737748607244 0.0 0
1737748607258 1.0 1
1737748607272 2.0 2
1737748607286 3.0 3
1737748607300 4.0 4
1737748607314 5.0 5
1737748607329 6.0 6
1737748607343 7.0 7
1737748607357 8.0 8
1737748607371 9.0 9
1737748650666 0.0 0
1737748650688 1.0 1
1737748650714 2.0 2
1737748650734 3.0 3
1737748650757 4.0 4
1737748650777 5.0 5
1737748650799 6.0 6
1737748650822 7.0 7
1737748650842 8.0 8
1737748650864 9.0 9
1737748694255 0.0 0
1737748694269 1.0 1
1737748694283 2.0 2
1737748694301 3.0 3
1737748694323 4.0 4
1737748694341 5.0 5
1737748694356 6.0 6
1737748694369 7.0 7
1737748694383 8.0 8
1737748694398 9.0 9
1737748739295 0.0 0
1737748739311 1.0 1
1737748739325 2.0 2
1737748739339 3.0 3
1737748739354 4.0 4
1737748739369 5.0 5
1737748739383 6.0 6
1737748739397 7.0 7
1737748739412 8.0 8
1737748739428 9.0 9
