1737748269246 0.0 0
1737748269277 0.0 1
1737748269303 0.0 2
1737748269326 0.0 3
1737748269351 0.0 4
1737748269371 0.0 5
1737748269392 0.0 6
1737748269414 0.0 7
1737748269439 0.0 8
1737748269459 0.0 9
1737748330229 0.0 0
1737748330250 0.0 1
1737748330271 0.0 2
1737748330293 0.0 3
1737748330314 0.0 4
1737748330338 0.0 5
1737748330362 0.0 6
1737748330383 0.0 7
1737748330409 0.0 8
1737748330431 0.0 9
1737748393496 0.0 0
1737748393515 0.0 1
1737748393535 0.0 2
1737748393554 0.0 3
1737748393573 0.0 4
1737748393604 0.0 5
1737748393631 0.0 6
1737748393656 0.0 7
1737748393677 0.0 8
1737748393700 0.0 9
1737748457572 0.0 0
1737748457591 0.0 1
1737748457617 0.0 2
1737748457643 0.0 3
1737748457662 0.0 4
1737748457683 0.0 5
1737748457704 0.0 6
1737748457726 0.0 7
1737748457744 0.0 8
1737748457763 0.0 9
1737748516516 0.0 0
1737748516536 0.0 1
1737748516555 0.0 2
1737748516575 0.0 3
1737748516598 0.0 4
1737748516619 0.0 5
1737748516641 0.0 6
1737748516662 0.0 7
1737748516684 0.0 8
1737748516707 0.0 9
1737748563573 0.0 0
1737748563586 0.0 1
1737748563600 0.0 2
1737748563614 0.0 3
1737748563627 0.0 4
1737748563641 0.0 5
1737748563654 0.0 6
1737748563667 0.0 7
1737748563680 0.0 8
1737748563693 0.0 9
1737748607244 0.0 0
1737748607258 0.0 1
1737748607272 0.0 2
1737748607286 0.0 3
1737748607300 0.0 4
1737748607314 0.0 5
1737748607329 0.0 6
1737748607343 0.0 7
1737748607357 0.0 8
1737748607371 0.0 9
1737748650666 0.0 0
1737748650688 0.0 1
1737748650714 0.0 2
1737748650734 0.0 3
1737748650757 0.0 4
1737748650777 0.0 5
1737748650799 0.0 6
1737748650822 0.0 7
1737748650842 0.0 8
1737748650864 0.0 9
1737748694255 0.0 0
1737748694269 0.0 1
1737748694283 0.0 2
1737748694301 0.0 3
1737748694323 0.0 4
1737748694341 0.0 5
1737748694356 0.0 6
1737748694369 0.0 7
1737748694383 0.0 8
1737748694398 0.0 9
1737748739295 0.0 0
1737748739311 0.0 1
1737748739325 0.0 2
1737748739339 0.0 3
1737748739354 0.0 4
1737748739369 0.0 5
1737748739383 0.0 6
1737748739397 0.0 7
1737748739412 0.0 8
1737748739428 0.0 9
