1744469234565 0.6903412342071533 0
1744469234600 0.7017768025398254 1
1744469234624 0.6820591688156128 2
1744469234648 0.653041422367096 3
1744469234672 0.62515789270401 4
1744469234697 0.6027717590332031 5
1744469234721 0.6522631049156189 6
1744469234746 0.6089082956314087 7
1744469234771 0.5991570353507996 8
1744469234805 0.594569981098175 9
1744469274647 0.6106556057929993 0
1744469274695 0.6142821907997131 1
1744469274745 0.5664611458778381 2
1744469274794 0.6295522451400757 3
1744469274834 0.6364879012107849 4
1744469274881 0.6489072442054749 5
1744469274919 0.6106631755828857 6
1744469274957 0.6803879141807556 7
1744469274992 0.7064104080200195 8
1744469275028 0.6510525941848755 9
1744469317406 0.6590226292610168 0
1744469317441 0.6903935670852661 1
1744469317474 0.6527765989303589 2
1744469317509 0.6593494415283203 3
1744469317542 0.649336576461792 4
1744469317575 0.6639918684959412 5
1744469317609 0.6661911010742188 6
1744469317648 0.5562511086463928 7
1744469317696 0.8156828284263611 8
1744469317736 0.6613765358924866 9
1744469368025 0.7032260894775391 0
1744469368062 0.6748478412628174 1
1744469368095 0.679956316947937 2
1744469368138 0.7529960870742798 3
1744469368196 0.7973474860191345 4
1744469368245 0.7269482016563416 5
1744469368287 0.8970062732696533 6
1744469368323 0.7278589606285095 7
1744469368359 0.8823198080062866 8
1744469368394 0.7928139567375183 9
1744469419960 0.8057329654693604 0
1744469420008 0.6256901621818542 1
1744469420047 0.7536346912384033 2
1744469420091 0.8733504414558411 3
1744469420125 0.8660714030265808 4
1744469420166 0.9144530892372131 5
1744469420203 0.71524578332901 6
1744469420251 0.9187307953834534 7
1744469420304 0.7685511708259583 8
1744469420368 0.8850210905075073 9
