1744469234565 0.36747312545776367 0
1744469234600 0.7399060726165771 1
1744469234624 0.47800901532173157 2
1744469234648 0.5399814248085022 3
1744469234672 0.495470255613327 4
1744469234697 0.5468226671218872 5
1744469234721 0.42248931527137756 6
1744469234746 0.8167892694473267 7
1744469234771 0.5916784405708313 8
1744469234805 0.2985400855541229 9
1744469274647 0.5290352702140808 0
1744469274695 0.3511658310890198 1
1744469274745 0.8623230457305908 2
1744469274794 0.9274241328239441 3
1744469274834 0.47838452458381653 4
1744469274881 0.6533045172691345 5
1744469274919 0.44694456458091736 6
1744469274957 0.3847903907299042 7
1744469274992 0.43204399943351746 8
1744469275028 0.27386224269866943 9
1744469317406 0.6780145168304443 0
1744469317441 0.4980633854866028 1
1744469317474 0.5686218738555908 2
1744469317509 0.44615438580513 3
1744469317542 0.6020872592926025 4
1744469317575 0.5825544595718384 5
1744469317609 0.663248598575592 6
1744469317648 0.4729442596435547 7
1744469317696 0.32104751467704773 8
1744469317736 0.22154219448566437 9
1744469368025 0.6445316076278687 0
1744469368062 0.7343789339065552 1
1744469368095 0.48763445019721985 2
1744469368138 0.5678911209106445 3
1744469368196 0.46832385659217834 4
1744469368245 0.8324667811393738 5
1744469368287 0.4374299645423889 6
1744469368323 0.5988035798072815 7
1744469368359 0.5026903748512268 8
1744469368394 0.550847053527832 9
1744469419960 0.43505144119262695 0
1744469420008 0.3767452538013458 1
1744469420047 0.723457932472229 2
1744469420091 0.3120039701461792 3
1744469420125 0.1996254026889801 4
1744469420166 0.5970042943954468 5
1744469420203 0.7494755387306213 6
1744469420251 0.8139611482620239 7
1744469420304 0.9493887424468994 8
1744469420368 0.6727075576782227 9
