1744469234565 0.0 0
1744469234600 1.0 1
1744469234624 2.0 2
1744469234648 3.0 3
1744469234672 4.0 4
1744469234697 5.0 5
1744469234721 6.0 6
1744469234746 7.0 7
1744469234771 8.0 8
1744469234805 9.0 9
1744469274647 0.0 0
1744469274695 1.0 1
1744469274745 2.0 2
1744469274794 3.0 3
1744469274834 4.0 4
1744469274881 5.0 5
1744469274919 6.0 6
1744469274957 7.0 7
1744469274992 8.0 8
1744469275028 9.0 9
1744469317406 0.0 0
1744469317441 1.0 1
1744469317474 2.0 2
1744469317509 3.0 3
1744469317542 4.0 4
1744469317575 5.0 5
1744469317609 6.0 6
1744469317648 7.0 7
1744469317696 8.0 8
1744469317736 9.0 9
1744469368025 0.0 0
1744469368062 1.0 1
1744469368095 2.0 2
1744469368138 3.0 3
1744469368196 4.0 4
1744469368245 5.0 5
1744469368287 6.0 6
1744469368323 7.0 7
1744469368359 8.0 8
1744469368394 9.0 9
1744469419960 0.0 0
1744469420008 1.0 1
1744469420047 2.0 2
1744469420091 3.0 3
1744469420125 4.0 4
1744469420166 5.0 5
1744469420203 6.0 6
1744469420251 7.0 7
1744469420304 8.0 8
1744469420368 9.0 9
