1744469234565 24.06598472595215 0
1744469234600 16.7731990814209 1
1744469234624 10.98994255065918 2
1744469234648 10.408782005310059 3
1744469234672 10.80765438079834 4
1744469234697 10.977068901062012 5
1744469234721 9.603283882141113 6
1744469234746 10.297882080078125 7
1744469234771 9.156967163085938 8
1744469234805 9.03526496887207 9
1744469274647 8.133666038513184 0
1744469274695 7.528727054595947 1
1744469274745 7.692535400390625 2
1744469274794 7.8627519607543945 3
1744469274834 6.841740608215332 4
1744469274881 6.814361572265625 5
1744469274919 5.654554843902588 6
1744469274957 5.323655605316162 7
1744469274992 5.360972881317139 8
1744469275028 4.832611560821533 9
1744469317406 5.082224369049072 0
1744469317441 5.65575647354126 1
1744469317474 5.021778583526611 2
1744469317509 4.566092491149902 3
1744469317542 4.141511917114258 4
1744469317575 4.464962482452393 5
1744469317609 4.556450366973877 6
1744469317648 4.114086151123047 7
1744469317696 3.715414524078369 8
1744469317736 3.3697917461395264 9
1744469368025 3.726193428039551 0
1744469368062 4.648967266082764 1
1744469368095 3.6894805431365967 2
1744469368138 3.402315616607666 3
1744469368196 3.233029842376709 4
1744469368245 3.845705509185791 5
1744469368287 3.0220632553100586 6
1744469368323 2.919839859008789 7
1744469368359 2.719778299331665 8
1744469368394 2.9836435317993164 9
1744469419960 2.824086904525757 0
1744469420008 3.8374502658843994 1
1744469420047 3.1630237102508545 2
1744469420091 2.53916072845459 3
1744469420125 2.5505151748657227 4
1744469420166 3.0411465167999268 5
1744469420203 2.9167628288269043 6
1744469420251 2.849087715148926 7
1744469420304 2.958709239959717 8
1744469420368 2.770660400390625 9
