1744469234565 118.14738464355469 0
1744469234600 79.81558227539062 1
1744469234624 52.21863555908203 2
1744469234648 49.017478942871094 3
1744469234672 51.24834060668945 4
1744469234697 51.84984588623047 5
1744469234721 45.57783889770508 6
1744469234746 47.10100555419922 7
1744469234771 42.52686309814453 8
1744469234805 43.3863410949707 9
1744469274647 37.71782302856445 0
1744469274695 35.580665588378906 1
1744469274745 33.867828369140625 2
1744469274794 34.36186218261719 3
1744469274834 31.498537063598633 4
1744469274881 30.480831146240234 5
1744469274919 25.73271942138672 6
1744469274957 24.354129791259766 7
1744469274992 24.291439056396484 8
1744469275028 22.468217849731445 9
1744469317406 21.69153594970703 0
1744469317441 25.443267822265625 1
1744469317474 21.939393997192383 2
1744469317509 20.2700138092041 3
1744469317542 17.372453689575195 4
1744469317575 19.08004379272461 5
1744469317609 19.13291358947754 6
1744469317648 17.92758560180664 7
1744469317696 16.563993453979492 8
1744469317736 15.410560607910156 9
1744469368025 15.056695938110352 0
1744469368062 19.235517501831055 1
1744469368095 15.669252395629883 2
1744469368138 13.795624732971191 3
1744469368196 13.42485523223877 4
1744469368245 14.702719688415527 5
1744469368287 12.474662780761719 6
1744469368323 11.241251945495605 7
1744469368359 10.644279479980469 8
1744469368394 11.76757526397705 9
1744469419960 11.54231071472168 0
1744469420008 16.990680694580078 1
1744469420047 11.821012496948242 2
1744469420091 10.69910717010498 3
1744469420125 11.321412086486816 4
1744469420166 11.763484954833984 5
1744469420203 10.478813171386719 6
1744469420251 9.716266632080078 7
1744469420304 9.66232681274414 8
1744469420368 10.047252655029297 9
