1744565010679 0.6939235925674438 0
1744565010711 0.6964473128318787 1
1744565010734 0.6474069952964783 2
1744565010757 0.6651321649551392 3
1744565010781 0.6078013181686401 4
1744565010805 0.6230780482292175 5
1744565010829 0.5949686765670776 6
1744565010852 0.6007276773452759 7
1744565010880 0.5734025835990906 8
1744565010917 0.5656083822250366 9
1744565010950 0.5682488083839417 10
1744565010984 0.578841507434845 11
1744565011026 0.6050184369087219 12
1744565011049 0.6099815964698792 13
1744565011074 0.5756715536117554 14
1744565189168 0.5848092436790466 0
1744565189207 0.6313295960426331 1
1744565189243 0.6137144565582275 2
1744565189276 0.63370680809021 3
1744565189309 0.5884962677955627 4
1744565189356 0.5534546375274658 5
1744565189412 0.6377112865447998 6
1744565189454 0.6334558725357056 7
1744565189495 0.6590878963470459 8
1744565189530 0.7098589539527893 9
1744565189563 0.6379428505897522 10
1744565189597 0.7024091482162476 11
1744565189631 0.6920079588890076 12
1744565189672 0.6654773950576782 13
1744565189715 0.7162587642669678 14
1744565380088 0.6482850313186646 0
1744565380128 0.8969763517379761 1
1744565380162 0.8514187335968018 2
1744565380197 0.7317337393760681 3
1744565380231 0.700063943862915 4
1744565380268 0.702315092086792 5
1744565380306 0.8506564497947693 6
1744565380357 0.7906674742698669 7
1744565380396 0.8371074199676514 8
1744565380431 0.7745023369789124 9
1744565380483 1.0572251081466675 10
1744565380523 0.9323186874389648 11
1744565380565 0.9005833864212036 12
1744565380601 0.9097465872764587 13
1744565380644 0.8363622426986694 14
1744565567161 1.0123143196105957 0
1744565567205 0.8905795216560364 1
1744565567257 1.1420234441757202 2
1744565567290 0.9431086182594299 3
1744565567324 0.9661566019058228 4
1744565567366 0.9088485240936279 5
1744565567404 1.1172078847885132 6
1744565567457 0.8625811338424683 7
1744565567509 1.3376185894012451 8
1744565567566 1.093618631362915 9
1744565567609 1.1097460985183716 10
1744565567653 0.9810966849327087 11
1744565567692 1.151356816291809 12
1744565567735 1.2672423124313354 13
1744565567770 1.0657236576080322 14
1744565750547 0.9649330973625183 0
1744565750586 1.2122822999954224 1
1744565750623 1.388864278793335 2
1744565750663 1.0785582065582275 3
1744565750699 1.4012243747711182 4
1744565750734 1.0766804218292236 5
1744565750769 0.9153357744216919 6
1744565750803 1.22101891040802 7
1744565750836 1.3665378093719482 8
1744565750872 1.358229160308838 9
1744565750905 1.2222031354904175 10
1744565750939 1.283942699432373 11
1744565750976 1.3634744882583618 12
1744565751015 1.0976898670196533 13
1744565751065 1.0887787342071533 14
1744565940062 1.143802285194397 0
1744565940103 1.3331431150436401 1
1744565940146 1.3191092014312744 2
1744565940202 1.2540606260299683 3
1744565940248 1.8859316110610962 4
1744565940296 1.6429826021194458 5
1744565940354 1.5349005460739136 6
1744565940393 1.1141941547393799 7
1744565940428 1.5086783170700073 8
1744565940468 1.2945525646209717 9
1744565940501 1.3202649354934692 10
1744565940534 1.3966809511184692 11
1744565940569 1.8941007852554321 12
1744565940604 1.236598253250122 13
1744565940643 1.4787616729736328 14
1744566125477 1.7072560787200928 0
1744566125514 1.391198992729187 1
1744566125549 2.0115392208099365 2
1744566125584 1.6134827136993408 3
1744566125636 2.0048890113830566 4
1744566125683 1.6634057760238647 5
1744566125723 1.5922508239746094 6
1744566125756 1.4382970333099365 7
1744566125791 1.4957716464996338 8
1744566125826 1.4142521619796753 9
1744566125860 1.3025704622268677 10
1744566125893 1.3193013668060303 11
1744566125934 1.3182015419006348 12
1744566125976 1.3869754076004028 13
1744566126011 1.7731579542160034 14
1744566310572 1.8779476881027222 0
1744566310609 1.7354049682617188 1
1744566310647 1.6910699605941772 2
1744566310682 1.729293942451477 3
1744566310718 1.5431239604949951 4
1744566310753 2.0983262062072754 5
1744566310798 1.7603060007095337 6
1744566310834 1.874251127243042 7
1744566310872 1.8520234823226929 8
1744566310909 2.3380379676818848 9
1744566310942 2.295499324798584 10
1744566310977 2.3446595668792725 11
1744566311012 2.2811033725738525 12
1744566311048 2.155470609664917 13
1744566311088 2.244943618774414 14
1744566500529 2.2985949516296387 0
1744566500562 2.2922937870025635 1
1744566500596 2.6221821308135986 2
1744566500629 2.489598274230957 3
1744566500677 1.9644309282302856 4
1744566500711 2.236539840698242 5
1744566500744 2.348952293395996 6
1744566500779 2.5920286178588867 7
1744566500813 2.4182844161987305 8
1744566500846 2.5246834754943848 9
1744566500880 2.194441795349121 10
1744566500916 2.002706289291382 11
1744566500955 2.227029323577881 12
1744566500993 2.4522347450256348 13
1744566501028 2.3434998989105225 14
1744566692328 2.480504274368286 0
1744566692377 2.723907709121704 1
1744566692422 3.164130687713623 2
1744566692464 2.5651333332061768 3
1744566692510 2.8596861362457275 4
1744566692552 2.432779550552368 5
1744566692590 2.416228771209717 6
1744566692626 2.446883201599121 7
1744566692671 2.4387001991271973 8
1744566692718 2.1686923503875732 9
1744566692764 2.040799617767334 10
1744566692815 2.0309064388275146 11
1744566692865 2.0225653648376465 12
1744566692906 2.3884778022766113 13
1744566692943 2.0342509746551514 14
