1744565010679 1.3124998807907104 0
1744565010711 0.9428654909133911 1
1744565010734 0.6399962306022644 2
1744565010757 0.2205047905445099 3
1744565010781 0.3670580983161926 4
1744565010805 0.39875170588493347 5
1744565010829 0.6493133902549744 6
1744565010852 0.8797474503517151 7
1744565010880 0.635294497013092 8
1744565010917 0.6917144060134888 9
1744565010950 0.3136829733848572 10
1744565010984 0.4522632956504822 11
1744565011026 0.5381044149398804 12
1744565011049 1.0818971395492554 13
1744565011074 0.2296489030122757 14
1744565189168 0.12775926291942596 0
1744565189207 0.6356939673423767 1
1744565189243 0.8806426525115967 2
1744565189276 1.3012924194335938 3
1744565189309 0.4720339775085449 4
1744565189356 0.5016260147094727 5
1744565189412 0.4827463924884796 6
1744565189454 0.49807944893836975 7
1744565189495 1.3388475179672241 8
1744565189530 0.16751457750797272 9
1744565189563 2.0353970527648926 10
1744565189597 0.4927867650985718 11
1744565189631 0.4173790216445923 12
1744565189672 0.9677259922027588 13
1744565189715 1.905897855758667 14
1744565380088 0.8451114892959595 0
1744565380128 1.465575933456421 1
1744565380162 0.7675120234489441 2
1744565380197 0.35569703578948975 3
1744565380231 0.45543524622917175 4
1744565380268 0.49106061458587646 5
1744565380306 0.5794936418533325 6
1744565380357 2.7427561283111572 7
1744565380396 0.9980888962745667 8
1744565380431 0.02585294470191002 9
1744565380483 0.7518439888954163 10
1744565380523 0.6554225087165833 11
1744565380565 1.9119293689727783 12
1744565380601 1.4163289070129395 13
1744565380644 0.46255117654800415 14
1744565567161 1.0863902568817139 0
1744565567205 0.017741959542036057 1
1744565567257 0.49655258655548096 2
1744565567290 0.6981276869773865 3
1744565567324 0.03658775985240936 4
1744565567366 1.0006214380264282 5
1744565567404 0.19568413496017456 6
1744565567457 1.3976452350616455 7
1744565567509 1.3695299625396729 8
1744565567566 1.138706922531128 9
1744565567609 1.5389901399612427 10
1744565567653 1.4323564767837524 11
1744565567692 1.0356637239456177 12
1744565567735 0.5932852625846863 13
1744565567770 1.3494046926498413 14
1744565750547 0.47128647565841675 0
1744565750586 1.5359848737716675 1
1744565750623 0.9846789836883545 2
1744565750663 2.571336507797241 3
1744565750699 1.5327122211456299 4
1744565750734 0.9310853481292725 5
1744565750769 0.8247296810150146 6
1744565750803 0.8099170923233032 7
1744565750836 0.9960674047470093 8
1744565750872 0.8060330748558044 9
1744565750905 1.3739248514175415 10
1744565750939 0.2953118681907654 11
1744565750976 0.9820261597633362 12
1744565751015 0.35299187898635864 13
1744565751065 1.1206804513931274 14
1744565940062 1.3968867063522339 0
1744565940103 0.20597109198570251 1
1744565940146 1.022768497467041 2
1744565940202 1.6398253440856934 3
1744565940248 0.13684502243995667 4
1744565940296 0.5187441110610962 5
1744565940354 0.06028076261281967 6
1744565940393 2.8400447368621826 7
1744565940428 2.4182729721069336 8
1744565940468 1.8086446523666382 9
1744565940501 0.9982419610023499 10
1744565940534 1.271328091621399 11
1744565940569 1.4642467498779297 12
1744565940604 0.17580582201480865 13
1744565940643 1.1792842149734497 14
1744566125477 0.1947292983531952 0
1744566125514 0.914683997631073 1
1744566125549 1.1159777641296387 2
1744566125584 1.1214238405227661 3
1744566125636 2.1895294189453125 4
1744566125683 0.3065921366214752 5
1744566125723 1.7333532571792603 6
1744566125756 0.039820168167352676 7
1744566125791 1.5685598850250244 8
1744566125826 0.30312761664390564 9
1744566125860 0.2177281230688095 10
1744566125893 0.6755510568618774 11
1744566125934 0.6241272687911987 12
1744566125976 0.5929499268531799 13
1744566126011 0.40796512365341187 14
1744566310572 1.3379251956939697 0
1744566310609 0.646373987197876 1
1744566310647 0.2943046987056732 2
1744566310682 2.2255518436431885 3
1744566310718 0.9682610630989075 4
1744566310753 1.7110539674758911 5
1744566310798 0.4196425974369049 6
1744566310834 1.0531548261642456 7
1744566310872 2.43066143989563 8
1744566310909 0.27836287021636963 9
1744566310942 1.0301594734191895 10
1744566310977 1.2435418367385864 11
1744566311012 1.2842119932174683 12
1744566311048 0.03092362731695175 13
1744566311088 1.3336461782455444 14
1744566500529 0.5789738893508911 0
1744566500562 1.2378875017166138 1
1744566500596 0.9127965569496155 2
1744566500629 0.6375023722648621 3
1744566500677 2.151463270187378 4
1744566500711 0.7325887680053711 5
1744566500744 1.2469685077667236 6
1744566500779 0.6983659267425537 7
1744566500813 2.084728240966797 8
1744566500846 0.11849148571491241 9
1744566500880 0.3087947964668274 10
1744566500916 1.0790373086929321 11
1744566500955 1.302125096321106 12
1744566500993 1.4700440168380737 13
1744566501028 0.6509257555007935 14
1744566692328 0.6003881692886353 0
1744566692377 0.39262640476226807 1
1744566692422 1.0676555633544922 2
1744566692464 1.7302008867263794 3
1744566692510 0.4862861633300781 4
1744566692552 1.4247740507125854 5
1744566692590 1.4589289426803589 6
1744566692626 0.4021753668785095 7
1744566692671 1.139451265335083 8
1744566692718 1.215696096420288 9
1744566692764 2.1330313682556152 10
1744566692815 0.31905508041381836 11
1744566692865 1.0863960981369019 12
1744566692906 0.564021110534668 13
1744566692943 1.3426172733306885 14
