1744565010679 0.0 0
1744565010711 1.0 1
1744565010734 2.0 2
1744565010757 3.0 3
1744565010781 4.0 4
1744565010805 5.0 5
1744565010829 6.0 6
1744565010852 7.0 7
1744565010880 8.0 8
1744565010917 9.0 9
1744565010950 10.0 10
1744565010984 11.0 11
1744565011026 12.0 12
1744565011049 13.0 13
1744565011074 14.0 14
1744565189168 0.0 0
1744565189207 1.0 1
1744565189243 2.0 2
1744565189276 3.0 3
1744565189309 4.0 4
1744565189356 5.0 5
1744565189412 6.0 6
1744565189454 7.0 7
1744565189495 8.0 8
1744565189530 9.0 9
1744565189563 10.0 10
1744565189597 11.0 11
1744565189631 12.0 12
1744565189672 13.0 13
1744565189715 14.0 14
1744565380088 0.0 0
1744565380128 1.0 1
1744565380162 2.0 2
1744565380197 3.0 3
1744565380231 4.0 4
1744565380268 5.0 5
1744565380306 6.0 6
1744565380357 7.0 7
1744565380396 8.0 8
1744565380431 9.0 9
1744565380483 10.0 10
1744565380523 11.0 11
1744565380565 12.0 12
1744565380601 13.0 13
1744565380644 14.0 14
1744565567161 0.0 0
1744565567205 1.0 1
1744565567257 2.0 2
1744565567290 3.0 3
1744565567324 4.0 4
1744565567366 5.0 5
1744565567404 6.0 6
1744565567457 7.0 7
1744565567509 8.0 8
1744565567566 9.0 9
1744565567609 10.0 10
1744565567653 11.0 11
1744565567692 12.0 12
1744565567735 13.0 13
1744565567770 14.0 14
1744565750547 0.0 0
1744565750586 1.0 1
1744565750623 2.0 2
1744565750663 3.0 3
1744565750699 4.0 4
1744565750734 5.0 5
1744565750769 6.0 6
1744565750803 7.0 7
1744565750836 8.0 8
1744565750872 9.0 9
1744565750905 10.0 10
1744565750939 11.0 11
1744565750976 12.0 12
1744565751015 13.0 13
1744565751065 14.0 14
1744565940062 0.0 0
1744565940103 1.0 1
1744565940146 2.0 2
1744565940202 3.0 3
1744565940248 4.0 4
1744565940296 5.0 5
1744565940354 6.0 6
1744565940393 7.0 7
1744565940428 8.0 8
1744565940468 9.0 9
1744565940501 10.0 10
1744565940534 11.0 11
1744565940569 12.0 12
1744565940604 13.0 13
1744565940643 14.0 14
1744566125477 0.0 0
1744566125514 1.0 1
1744566125549 2.0 2
1744566125584 3.0 3
1744566125636 4.0 4
1744566125683 5.0 5
1744566125723 6.0 6
1744566125756 7.0 7
1744566125791 8.0 8
1744566125826 9.0 9
1744566125860 10.0 10
1744566125893 11.0 11
1744566125934 12.0 12
1744566125976 13.0 13
1744566126011 14.0 14
1744566310572 0.0 0
1744566310609 1.0 1
1744566310647 2.0 2
1744566310682 3.0 3
1744566310718 4.0 4
1744566310753 5.0 5
1744566310798 6.0 6
1744566310834 7.0 7
1744566310872 8.0 8
1744566310909 9.0 9
1744566310942 10.0 10
1744566310977 11.0 11
1744566311012 12.0 12
1744566311048 13.0 13
1744566311088 14.0 14
1744566500529 0.0 0
1744566500562 1.0 1
1744566500596 2.0 2
1744566500629 3.0 3
1744566500677 4.0 4
1744566500711 5.0 5
1744566500744 6.0 6
1744566500779 7.0 7
1744566500813 8.0 8
1744566500846 9.0 9
1744566500880 10.0 10
1744566500916 11.0 11
1744566500955 12.0 12
1744566500993 13.0 13
1744566501028 14.0 14
1744566692328 0.0 0
1744566692377 1.0 1
1744566692422 2.0 2
1744566692464 3.0 3
1744566692510 4.0 4
1744566692552 5.0 5
1744566692590 6.0 6
1744566692626 7.0 7
1744566692671 8.0 8
1744566692718 9.0 9
1744566692764 10.0 10
1744566692815 11.0 11
1744566692865 12.0 12
1744566692906 13.0 13
1744566692943 14.0 14
