1744565010679 34.50212860107422 0
1744565010711 22.92780876159668 1
1744565010734 17.60593032836914 2
1744565010757 14.763205528259277 3
1744565010781 16.549917221069336 4
1744565010805 16.16663360595703 5
1744565010829 15.175592422485352 6
1744565010852 14.589820861816406 7
1744565010880 13.188029289245605 8
1744565010917 12.11117935180664 9
1744565010950 11.208632469177246 10
1744565010984 10.978128433227539 11
1744565011026 10.247055053710938 12
1744565011049 9.728140830993652 13
1744565011074 9.04326343536377 14
1744565189168 8.207061767578125 0
1744565189207 9.80108642578125 1
1744565189243 9.423445701599121 2
1744565189276 8.666888236999512 3
1744565189309 7.641544818878174 4
1744565189356 7.5620198249816895 5
1744565189412 7.036081314086914 6
1744565189454 7.218177795410156 7
1744565189495 8.588900566101074 8
1744565189530 6.175976276397705 9
1744565189563 8.33032512664795 10
1744565189597 5.934448719024658 11
1744565189631 5.788057327270508 12
1744565189672 6.356532096862793 13
1744565189715 6.77283239364624 14
1744565380088 5.517310619354248 0
1744565380128 8.253026008605957 1
1744565380162 5.811716079711914 2
1744565380197 4.970956325531006 3
1744565380231 4.892898082733154 4
1744565380268 4.759472846984863 5
1744565380306 4.7706193923950195 6
1744565380357 7.295000076293945 7
1744565380396 5.000049591064453 8
1744565380431 3.601400375366211 9
1744565380483 4.645869731903076 10
1744565380523 4.5391058921813965 11
1744565380565 5.598085880279541 12
1744565380601 4.9197998046875 13
1744565380644 4.106151580810547 14
1744565567161 4.310998916625977 0
1744565567205 4.6367597579956055 1
1744565567257 4.347938060760498 2
1744565567290 4.8282036781311035 3
1744565567324 3.9043540954589844 4
1744565567366 5.272050380706787 5
1744565567404 3.486384391784668 6
1744565567457 4.816174030303955 7
1744565567509 4.427216053009033 8
1744565567566 4.431337356567383 9
1744565567609 4.478588581085205 10
1744565567653 4.536726951599121 11
1744565567692 3.923656702041626 12
1744565567735 3.3745317459106445 13
1744565567770 4.551655292510986 14
1744565750547 3.506427049636841 0
1744565750586 6.293710708618164 1
1744565750623 4.248472213745117 2
1744565750663 5.800301551818848 3
1744565750699 6.065568447113037 4
1744565750734 4.535637855529785 5
1744565750769 4.266574859619141 6
1744565750803 4.093535900115967 7
1744565750836 4.6379852294921875 8
1744565750872 4.232607841491699 9
1744565750905 4.8608784675598145 10
1744565750939 3.4503493309020996 11
1744565750976 4.00171422958374 12
1744565751015 3.464773654937744 13
1744565751065 4.123508930206299 14
1744565940062 4.380438804626465 0
1744565940103 4.648322582244873 1
1744565940146 4.276693344116211 2
1744565940202 5.254167556762695 3
1744565940248 3.95554256439209 4
1744565940296 4.461514949798584 5
1744565940354 3.0406320095062256 6
1744565940393 5.401583671569824 7
1744565940428 5.272845268249512 8
1744565940468 4.646162986755371 9
1744565940501 3.885298252105713 10
1744565940534 3.9213149547576904 11
1744565940569 4.666342258453369 12
1744565940604 2.5763731002807617 13
1744565940643 3.796776533126831 14
1744566125477 3.1223273277282715 0
1744566125514 5.156443119049072 1
1744566125549 4.082921028137207 2
1744566125584 4.124422550201416 3
1744566125636 5.785872459411621 4
1744566125683 3.3216724395751953 5
1744566125723 5.0330023765563965 6
1744566125756 2.754044532775879 7
1744566125791 5.099470615386963 8
1744566125826 3.4673972129821777 9
1744566125860 3.3303351402282715 10
1744566125893 3.5729637145996094 11
1744566125934 3.550225019454956 12
1744566125976 3.568037986755371 13
1744566126011 3.8523943424224854 14
1744566310572 4.2306318283081055 0
1744566310609 4.910131931304932 1
1744566310647 3.224334955215454 2
1744566310682 4.97613525390625 3
1744566310718 4.5627970695495605 4
1744566310753 5.328255653381348 5
1744566310798 3.1957666873931885 6
1744566310834 3.730811595916748 7
1744566310872 5.876285076141357 8
1744566310909 3.400444507598877 9
1744566310942 4.010359287261963 10
1744566310977 4.750696182250977 11
1744566311012 4.357660293579102 12
1744566311048 3.146195888519287 13
1744566311088 4.511577606201172 14
1744566500529 3.526970863342285 0
1744566500562 4.94545316696167 1
1744566500596 4.111536979675293 2
1744566500629 3.759796142578125 3
1744566500677 5.531033039093018 4
1744566500711 3.788184642791748 5
1744566500744 4.216840744018555 6
1744566500779 4.417455673217773 7
1744566500813 5.244770526885986 8
1744566500846 3.1548545360565186 9
1744566500880 3.4314322471618652 10
1744566500916 3.858724594116211 11
1744566500955 4.249962329864502 12
1744566500993 4.649387359619141 13
1744566501028 3.4336938858032227 14
1744566692328 3.346238851547241 0
1744566692377 4.442660331726074 1
1744566692422 4.21547794342041 2
1744566692464 4.717849254608154 3
1744566692510 3.9953603744506836 4
1744566692552 4.944619655609131 5
1744566692590 4.284346580505371 6
1744566692626 3.096212863922119 7
1744566692671 3.717848300933838 8
1744566692718 3.864217758178711 9
1744566692764 5.527533531188965 10
1744566692815 3.0256080627441406 11
1744566692865 3.6448657512664795 12
1744566692906 3.324587821960449 13
1744566692943 4.028163909912109 14
