1744565010679 109.98443603515625 0
1744565010711 72.63312530517578 1
1744565010734 55.9488639831543 2
1744565010757 47.85487747192383 3
1744565010781 53.375579833984375 4
1744565010805 51.978065490722656 5
1744565010829 47.865623474121094 6
1744565010852 45.139564514160156 7
1744565010880 41.30727005004883 8
1744565010917 37.536983489990234 9
1744565010950 35.7861328125 10
1744565010984 34.545963287353516 11
1744565011026 31.798486709594727 12
1744565011049 28.251497268676758 13
1744565011074 28.841421127319336 14
1744565189168 26.385183334350586 0
1744565189207 29.962066650390625 1
1744565189243 27.903209686279297 2
1744565189276 23.960525512695312 3
1744565189309 23.349103927612305 4
1744565189356 23.01808738708496 5
1744565189412 21.249250411987305 6
1744565189454 21.809101104736328 7
1744565189495 23.551692962646484 8
1744565189530 19.36566925048828 9
1744565189563 20.387678146362305 10
1744565189597 17.483291625976562 11
1744565189631 17.256385803222656 12
1744565189672 17.34157371520996 13
1744565189715 15.554605484008789 14
1744565380088 14.9689302444458 0
1744565380128 21.787656784057617 1
1744565380162 16.01935577392578 2
1744565380197 14.701245307922363 3
1744565380231 14.138150215148926 4
1744565380268 13.572546005249023 5
1744565380306 13.176471710205078 6
1744565380357 14.436188697814941 7
1744565380396 12.55856704711914 8
1744565380431 11.195622444152832 9
1744565380483 11.993342399597168 10
1744565380523 12.075446128845215 11
1744565380565 11.446642875671387 12
1744565380601 10.829139709472656 13
1744565380644 11.364729881286621 14
1744565567161 9.80386734008789 0
1744565567205 14.565516471862793 1
1744565567257 11.772062301635742 2
1744565567290 12.88668441772461 3
1744565567324 11.990808486938477 4
1744565567366 13.389837265014648 5
1744565567404 9.92627239227295 6
1744565567457 10.590019226074219 7
1744565567509 8.943842887878418 8
1744565567566 9.954724311828613 9
1744565567609 8.762897491455078 10
1744565567653 9.432210922241211 11
1744565567692 8.552043914794922 12
1744565567735 8.088061332702637 13
1744565567770 9.679492950439453 14
1744565750547 9.216530799865723 0
1744565750586 14.727622032165527 1
1744565750623 9.583036422729492 2
1744565750663 9.756561279296875 3
1744565750699 13.801709175109863 4
1744565750734 11.010272026062012 5
1744565750769 10.61850357055664 6
1744565750803 9.805778503417969 7
1744565750836 10.864290237426758 8
1744565750872 10.154233932495117 9
1744565750905 10.482454299926758 10
1744565750939 9.31844425201416 11
1744565750976 8.793050765991211 12
1744565751015 9.348094940185547 13
1744565751065 8.993234634399414 14
1744565940062 8.87762451171875 0
1744565940103 13.563570022583008 1
1744565940146 9.61524772644043 2
1744565940202 10.877348899841309 3
1744565940248 10.968788146972656 4
1744565940296 11.60911750793457 5
1744565940354 8.501930236816406 6
1744565940393 7.498546600341797 7
1744565940428 8.107139587402344 8
1744565940468 8.250144958496094 9
1744565940501 8.391273498535156 10
1744565940534 7.529720306396484 11
1744565940569 8.90582275390625 12
1744565940604 6.8477325439453125 13
1744565940643 7.344796657562256 14
1744566125477 8.165221214294434 0
1744566125514 12.840743064880371 1
1744566125549 8.012374877929688 2
1744566125584 8.50407886505127 3
1744566125636 10.11658000946045 4
1744566125683 8.49775505065918 5
1744566125723 9.51272964477539 6
1744566125756 7.70500373840332 7
1744566125791 10.373647689819336 8
1744566125826 9.227596282958984 9
1744566125860 9.159624099731445 10
1744566125893 8.426694869995117 11
1744566125934 8.523337364196777 12
1744566125976 8.62244987487793 13
1744566126011 9.826482772827148 14
1744566310572 7.889604568481445 0
1744566310609 12.592815399169922 1
1744566310647 8.188435554504395 2
1744566310682 7.5546040534973145 3
1744566310718 10.54153823852539 4
1744566310753 10.09890079498291 5
1744566310798 7.610794544219971 6
1744566310834 7.1762213706970215 7
1744566310872 9.756855964660645 8
1744566310909 8.224769592285156 9
1744566310942 7.79153299331665 10
1744566310977 9.502165794372559 11
1744566311012 8.11579704284668 12
1744566311048 8.372467994689941 13
1744566311088 8.497823715209961 14
1744566500529 7.681301116943359 0
1744566500562 10.219077110290527 1
1744566500596 8.21509838104248 2
1744566500629 8.084020614624023 3
1744566500677 9.4317626953125 4
1744566500711 8.097882270812988 5
1744566500744 7.707217693328857 6
1744566500779 9.977738380432129 7
1744566500813 8.276407241821289 8
1744566500846 7.764839172363281 9
1744566500880 8.360645294189453 10
1744566500916 7.3964314460754395 11
1744566500955 7.747563362121582 12
1744566500993 8.309059143066406 13
1744566501028 7.088626384735107 14
1744566692328 6.837697982788086 0
1744566692377 10.95779800415039 1
1744566692422 7.539552211761475 2
1744566692464 7.56470251083374 3
1744566692510 9.027873039245605 4
1744566692552 9.462224006652832 5
1744566692590 7.1629109382629395 6
1744566692626 6.696367263793945 7
1744566692671 6.318535804748535 8
1744566692718 6.80429220199585 9
1744566692764 9.410260200500488 10
1744566692815 7.126330375671387 11
1744566692865 6.640504360198975 12
1744566692906 6.972642421722412 13
1744566692943 7.053188323974609 14
