1744466179609 0.6576189398765564 0
1744466179649 0.6614313125610352 1
1744466179688 0.6260263919830322 2
1744466179716 0.6009502410888672 3
1744466179740 0.602626383304596 4
1744466179764 0.56053227186203 5
1744466179800 0.5753358006477356 6
1744466179840 0.5852928757667542 7
1744466179880 0.5217581391334534 8
1744466179904 0.5770421028137207 9
1744466203195 0.590162992477417 0
1744466203237 0.6003867387771606 1
1744466203277 0.6121771335601807 2
1744466203318 0.6158998012542725 3
1744466203359 0.601511538028717 4
1744466203402 0.6342991590499878 5
1744466203438 0.6688536405563354 6
1744466203473 0.6290921568870544 7
1744466203511 0.640539824962616 8
1744466203550 0.5702555179595947 9
1744466226108 0.6876024603843689 0
1744466226153 0.6321197748184204 1
1744466226191 0.6524918079376221 2
1744466226215 0.6952855587005615 3
1744466226237 0.6613065004348755 4
1744466226280 0.6258525252342224 5
1744466226319 0.6517294645309448 6
1744466226361 0.7288732528686523 7
1744466226397 0.6983509063720703 8
1744466226439 0.7731119990348816 9
