1744466179609 0.5122465491294861 0
1744466179649 0.5279607772827148 1
1744466179688 0.5800338983535767 2
1744466179716 0.4745696485042572 3
1744466179740 0.5100283622741699 4
1744466179764 0.4707340896129608 5
1744466179800 0.546154260635376 6
1744466179840 0.5017793774604797 7
1744466179880 0.5360783338546753 8
1744466179904 0.5694687962532043 9
1744466203195 0.5629231333732605 0
1744466203237 0.8886772394180298 1
1744466203277 0.396896630525589 2
1744466203318 0.4976921081542969 3
1744466203359 0.7394101023674011 4
1744466203402 0.5763576030731201 5
1744466203438 0.4821707010269165 6
1744466203473 0.6992515921592712 7
1744466203511 0.3799488842487335 8
1744466203550 0.6180527210235596 9
1744466226108 0.7035388946533203 0
1744466226153 0.6904392838478088 1
1744466226191 0.6080402135848999 2
1744466226215 0.8296147584915161 3
1744466226237 0.6442416906356812 4
1744466226280 0.3639468848705292 5
1744466226319 0.4859173595905304 6
1744466226361 0.4362906813621521 7
1744466226397 0.4843983054161072 8
1744466226439 0.381996750831604 9
