1744466179609 0.0 0
1744466179649 1.0 1
1744466179688 2.0 2
1744466179716 3.0 3
1744466179740 4.0 4
1744466179764 5.0 5
1744466179800 6.0 6
1744466179840 7.0 7
1744466179880 8.0 8
1744466179904 9.0 9
1744466203195 0.0 0
1744466203237 1.0 1
1744466203277 2.0 2
1744466203318 3.0 3
1744466203359 4.0 4
1744466203402 5.0 5
1744466203438 6.0 6
1744466203473 7.0 7
1744466203511 8.0 8
1744466203550 9.0 9
1744466226108 0.0 0
1744466226153 1.0 1
1744466226191 2.0 2
1744466226215 3.0 3
1744466226237 4.0 4
1744466226280 5.0 5
1744466226319 6.0 6
1744466226361 7.0 7
1744466226397 8.0 8
1744466226439 9.0 9
