1744466179609 10.874051094055176 0
1744466179649 6.887693881988525 1
1744466179688 5.737155914306641 2
1744466179716 5.242126941680908 3
1744466179740 5.620083332061768 4
1744466179764 5.1457977294921875 5
1744466179800 4.932230472564697 6
1744466179840 4.998068809509277 7
1744466179880 4.694915294647217 8
1744466179904 4.201326370239258 9
1744466203195 4.114319324493408 0
1744466203237 4.209143161773682 1
1744466203277 3.8041117191314697 2
1744466203318 3.596261739730835 3
1744466203359 3.717818260192871 4
1744466203402 3.136681079864502 5
1744466203438 3.0708532333374023 6
1744466203473 3.082385301589966 7
1744466203511 2.751373291015625 8
1744466203550 2.7656092643737793 9
1744466226108 2.981112241744995 0
1744466226153 3.0718984603881836 1
1744466226191 3.1430280208587646 2
1744466226215 2.8116776943206787 3
1744466226237 2.628814458847046 4
1744466226280 2.316453456878662 5
1744466226319 2.355484962463379 6
1744466226361 2.023015260696411 7
1744466226397 2.0620858669281006 8
1744466226439 1.925164818763733 9
