1744466179609 102.96043395996094 0
1744466179649 62.9359016418457 1
1744466179688 50.945194244384766 2
1744466179716 47.074623107910156 3
1744466179740 50.497920989990234 4
1744466179764 46.19010543823242 5
1744466179800 43.28542709350586 6
1744466179840 44.37759780883789 7
1744466179880 41.06660842895508 8
1744466179904 35.74153137207031 9
1744466203195 34.92380142211914 0
1744466203237 32.60427474975586 1
1744466203277 33.4599723815918 2
1744466203318 30.369796752929688 3
1744466203359 29.18256950378418 4
1744466203402 24.968936920166016 5
1744466203438 25.217967987060547 6
1744466203473 23.20224380493164 7
1744466203511 23.07370376586914 8
1744466203550 20.905309677124023 9
1744466226108 22.088130950927734 0
1744466226153 23.182472229003906 1
1744466226191 24.697385787963867 2
1744466226215 19.125343322753906 3
1744466226237 19.18442153930664 4
1744466226280 18.899211883544922 5
1744466226319 18.0439453125 6
1744466226361 15.138372421264648 7
1744466226397 15.078522682189941 8
1744466226439 14.6585693359375 9
