1744728942052 0.66970294713974 0
1744728942082 0.6525796055793762 1
1744728942113 0.6348086595535278 2
1744728942152 0.6234298348426819 3
1744728942195 0.6272900104522705 4
1744728942244 0.6126018166542053 5
1744728942280 0.6136575937271118 6
1744728942307 0.5874176621437073 7
1744728942338 0.6111153364181519 8
1744728942385 0.5846750736236572 9
1744728942425 0.6093460321426392 10
1744728942466 0.6210471391677856 11
1744728942495 0.574970543384552 12
1744728942523 0.5995789766311646 13
1744728942561 0.5988198518753052 14
1744729959509 0.5918724536895752 0
1744729959538 0.627200186252594 1
1744729959566 0.6337668299674988 2
1744729959596 0.6380605101585388 3
1744729959625 0.6415182948112488 4
1744729959654 0.6614176034927368 5
1744729959683 0.6971892714500427 6
1744729959723 0.6459315419197083 7
1744729959765 0.6629374027252197 8
1744729959810 0.7013949155807495 9
1744729959849 0.689428985118866 10
1744729959887 0.7029098272323608 11
1744729959927 0.6685519814491272 12
1744729959970 0.7098036408424377 13
1744729960015 0.7023662328720093 14
1744731011896 0.6953569650650024 0
1744731011922 0.7239558696746826 1
1744731011947 0.7188785076141357 2
1744731011973 0.779033362865448 3
1744731011999 0.7295942902565002 4
1744731012038 0.7813990712165833 5
1744731012080 0.8268912434577942 6
1744731012118 0.8235968947410583 7
1744731012158 0.7739027738571167 8
1744731012200 0.826703667640686 9
1744731012236 0.7003487348556519 10
1744731012272 0.7938144207000732 11
1744731012309 0.774232804775238 12
1744731012355 0.7029408812522888 13
1744731012398 0.8255015015602112 14
1744732051298 0.7856025099754333 0
1744732051336 0.7207071781158447 1
1744732051378 0.7667602896690369 2
1744732051419 0.8325345516204834 3
1744732051464 0.6765385866165161 4
1744732051527 0.9230140447616577 5
1744732051576 0.7375320196151733 6
1744732051615 0.7601696252822876 7
1744732051653 0.8643435835838318 8
1744732051688 0.8436024785041809 9
1744732051722 0.8041623830795288 10
1744732051756 0.8061529994010925 11
1744732051792 0.8857688903808594 12
1744732051838 1.0340540409088135 13
1744732051877 0.8966072797775269 14
