1744728942052 0.36362946033477783 0
1744728942082 0.4238832890987396 1
1744728942113 0.6072996854782104 2
1744728942152 0.5251265168190002 3
1744728942195 0.6462545990943909 4
1744728942244 0.5210171341896057 5
1744728942280 0.5637373328208923 6
1744728942307 0.5247876644134521 7
1744728942338 0.6061763167381287 8
1744728942385 0.640888512134552 9
1744728942425 0.6779012680053711 10
1744728942466 0.7883519530296326 11
1744728942495 0.7097795009613037 12
1744728942523 0.7045103907585144 13
1744728942561 0.6835259795188904 14
1744729959509 0.44514644145965576 0
1744729959538 0.6444101929664612 1
1744729959566 0.6767972707748413 2
1744729959596 0.6549967527389526 3
1744729959625 0.638696551322937 4
1744729959654 0.824802815914154 5
1744729959683 0.7074940204620361 6
1744729959723 0.5210950374603271 7
1744729959765 0.899718701839447 8
1744729959810 0.4688849151134491 9
1744729959849 0.7567692399024963 10
1744729959887 0.8297616243362427 11
1744729959927 0.5008610486984253 12
1744729959970 0.4577784538269043 13
1744729960015 0.4742153584957123 14
1744731011896 0.5123977065086365 0
1744731011922 0.3645649552345276 1
1744731011947 0.3955477178096771 2
1744731011973 0.6632367372512817 3
1744731011999 0.5156452059745789 4
1744731012038 0.5641260743141174 5
1744731012080 0.7761387228965759 6
1744731012118 0.2733980715274811 7
1744731012158 0.6796069741249084 8
1744731012200 0.631916880607605 9
1744731012236 0.5652881860733032 10
1744731012272 0.6226477026939392 11
1744731012309 0.7256397604942322 12
1744731012355 0.76283860206604 13
1744731012398 0.40660718083381653 14
1744732051298 0.5882717370986938 0
1744732051336 0.49529221653938293 1
1744732051378 0.43072816729545593 2
1744732051419 0.8452011346817017 3
1744732051464 0.7172223329544067 4
1744732051527 0.6512011289596558 5
1744732051576 0.6763385534286499 6
1744732051615 0.6914093494415283 7
1744732051653 0.5962442755699158 8
1744732051688 0.7281099557876587 9
1744732051722 0.5352267622947693 10
1744732051756 0.5393713712692261 11
1744732051792 0.42188122868537903 12
1744732051838 0.7131340503692627 13
1744732051877 0.7303882837295532 14
