1744728942052 0.0 0
1744728942082 1.0 1
1744728942113 2.0 2
1744728942152 3.0 3
1744728942195 4.0 4
1744728942244 5.0 5
1744728942280 6.0 6
1744728942307 7.0 7
1744728942338 8.0 8
1744728942385 9.0 9
1744728942425 10.0 10
1744728942466 11.0 11
1744728942495 12.0 12
1744728942523 13.0 13
1744728942561 14.0 14
1744729959509 0.0 0
1744729959538 1.0 1
1744729959566 2.0 2
1744729959596 3.0 3
1744729959625 4.0 4
1744729959654 5.0 5
1744729959683 6.0 6
1744729959723 7.0 7
1744729959765 8.0 8
1744729959810 9.0 9
1744729959849 10.0 10
1744729959887 11.0 11
1744729959927 12.0 12
1744729959970 13.0 13
1744729960015 14.0 14
1744731011896 0.0 0
1744731011922 1.0 1
1744731011947 2.0 2
1744731011973 3.0 3
1744731011999 4.0 4
1744731012038 5.0 5
1744731012080 6.0 6
1744731012118 7.0 7
1744731012158 8.0 8
1744731012200 9.0 9
1744731012236 10.0 10
1744731012272 11.0 11
1744731012309 12.0 12
1744731012355 13.0 13
1744731012398 14.0 14
1744732051298 0.0 0
1744732051336 1.0 1
1744732051378 2.0 2
1744732051419 3.0 3
1744732051464 4.0 4
1744732051527 5.0 5
1744732051576 6.0 6
1744732051615 7.0 7
1744732051653 8.0 8
1744732051688 9.0 9
1744732051722 10.0 10
1744732051756 11.0 11
1744732051792 12.0 12
1744732051838 13.0 13
1744732051877 14.0 14
