1744728942052 34.64728546142578 0
1744728942082 20.960844039916992 1
1744728942113 19.12836456298828 2
1744728942152 15.807625770568848 3
1744728942195 15.858613014221191 4
1744728942244 15.081124305725098 5
1744728942280 16.17229461669922 6
1744728942307 14.655153274536133 7
1744728942338 13.817541122436523 8
1744728942385 12.06755542755127 9
1744728942425 11.750914573669434 10
1744728942466 10.940656661987305 11
1744728942495 11.140189170837402 12
1744728942523 9.914031982421875 13
1744728942561 9.473926544189453 14
1744729959509 8.837133407592773 0
1744729959538 9.357695579528809 1
1744729959566 8.87633228302002 2
1744729959596 8.75416088104248 3
1744729959625 7.911579132080078 4
1744729959654 7.745267391204834 5
1744729959683 7.25044584274292 6
1744729959723 6.996140956878662 7
1744729959765 7.091294765472412 8
1744729959810 6.459666728973389 9
1744729959849 6.440339088439941 10
1744729959887 6.378046035766602 11
1744729959927 5.431869983673096 12
1744729959970 5.075978755950928 13
1744729960015 5.107215881347656 14
1744731011896 4.918685436248779 0
1744731011922 6.002796649932861 1
1744731011947 4.92248010635376 2
1744731011973 5.2971601486206055 3
1744731011999 5.435199737548828 4
1744731012038 5.308595180511475 5
1744731012080 4.968760013580322 6
1744731012118 3.8149642944335938 7
1744731012158 4.417269706726074 8
1744731012200 4.494328498840332 9
1744731012236 4.320833206176758 10
1744731012272 4.1002326011657715 11
1744731012309 4.03873348236084 12
1744731012355 4.159323692321777 13
1744731012398 3.795053243637085 14
1744732051298 3.2848825454711914 0
1744732051336 4.983114242553711 1
1744732051378 3.3779869079589844 2
1744732051419 3.812864065170288 3
1744732051464 4.331307888031006 4
1744732051527 3.712002754211426 5
1744732051576 3.540631055831909 6
1744732051615 3.5717966556549072 7
1744732051653 3.528939723968506 8
1744732051688 3.6130878925323486 9
1744732051722 3.2863497734069824 10
1744732051756 3.154359817504883 11
1744732051792 3.1901021003723145 12
1744732051838 3.50168776512146 13
1744732051877 3.2523655891418457 14
