1744728942052 113.65380096435547 0
1744728942082 67.84745788574219 1
1744728942113 61.14439392089844 2
1744728942152 50.35979461669922 3
1744728942195 50.12239074707031 4
1744728942244 47.9619255065918 5
1744728942280 51.455780029296875 6
1744728942307 46.55295944213867 7
1744728942338 43.467506408691406 8
1744728942385 37.54319381713867 9
1744728942425 36.3413200378418 10
1744728942466 33.26137161254883 11
1744728942495 34.23139190673828 12
1744728942523 30.138795852661133 13
1744728942561 28.742435455322266 14
1744729959509 27.42087173461914 0
1744729959538 28.45889663696289 1
1744729959566 26.740266799926758 2
1744729959596 26.401691436767578 3
1744729959625 23.644189834594727 4
1744729959654 22.450891494750977 5
1744729959683 21.159130096435547 6
1744729959723 20.980615615844727 7
1744729959765 20.01984405517578 8
1744729959810 19.31463623046875 9
1744729959849 18.30176544189453 10
1744729959887 17.838232040405273 11
1744729959927 15.812713623046875 12
1744729959970 14.73151683807373 13
1744729960015 14.787792205810547 14
1744731011896 14.038625717163086 0
1744731011922 18.118412017822266 1
1744731011947 14.418821334838867 2
1744731011973 14.719314575195312 3
1744731011999 15.717559814453125 4
1744731012038 15.085589408874512 5
1744731012080 13.203639030456543 6
1744731012118 11.036529541015625 7
1744731012158 11.736565589904785 8
1744731012200 12.103114128112793 9
1744731012236 11.864823341369629 10
1744731012272 10.851056098937988 11
1744731012309 10.321027755737305 12
1744731012355 10.66553783416748 13
1744731012398 10.524352073669434 14
1744732051298 8.255473136901855 0
1744732051336 14.286746978759766 1
1744732051378 9.108552932739258 2
1744732051419 9.115177154541016 3
1744732051464 11.415515899658203 4
1744732051527 9.341192245483398 5
1744732051576 8.859278678894043 6
1744732051615 8.891798973083496 7
1744732051653 8.9689302444458 8
1744732051688 8.829230308532715 9
1744732051722 8.4198579788208 10
1744732051756 7.9642181396484375 11
1744732051792 8.400684356689453 12
1744732051838 8.330061912536621 13
1744732051877 7.56975793838501 14
