1738151680896 0.0 0
1738151680906 1.0 1
1738151680917 2.0 2
1738151680927 3.0 3
1738151680937 4.0 4
1738151680947 5.0 5
1738151680957 6.0 6
1738151680966 7.0 7
1738151680976 8.0 8
1738151680986 9.0 9
1738151776299 0.0 0
1738151776308 1.0 1
1738151776318 2.0 2
1738151776329 3.0 3
1738151776338 4.0 4
1738151776348 5.0 5
1738151776359 6.0 6
1738151776373 7.0 7
1738151776389 8.0 8
1738151776405 9.0 9
1738151854977 0.0 0
1738151854987 1.0 1
1738151854997 2.0 2
1738151855007 3.0 3
1738151855017 4.0 4
1738151855027 5.0 5
1738151855038 6.0 6
1738151855048 7.0 7
1738151855058 8.0 8
1738151855068 9.0 9
