1738151680896 0.0 0
1738151680906 0.0 1
1738151680917 0.0 2
1738151680927 0.0 3
1738151680937 0.0 4
1738151680947 0.0 5
1738151680957 0.0 6
1738151680966 0.0 7
1738151680976 0.0 8
1738151680986 0.0 9
1738151776299 0.0 0
1738151776308 0.0 1
1738151776318 0.0 2
1738151776329 0.0 3
1738151776338 0.0 4
1738151776348 0.0 5
1738151776359 0.0 6
1738151776373 0.0 7
1738151776389 0.0 8
1738151776405 0.0 9
1738151854977 0.0 0
1738151854987 0.0 1
1738151854997 0.0 2
1738151855007 0.0 3
1738151855017 0.0 4
1738151855027 0.0 5
1738151855038 0.0 6
1738151855048 0.0 7
1738151855058 0.0 8
1738151855068 0.0 9
