1744552606630 0.6453119516372681 0
1744552606669 0.6315441727638245 1
1744552606708 0.6307970285415649 2
1744552606746 0.5952740907669067 3
1744552606780 0.6061365008354187 4
1744552606819 0.5972650051116943 5
1744552606860 0.5845178961753845 6
1744552606908 0.5631851553916931 7
1744552606941 0.5441262125968933 8
1744552606981 0.5908955931663513 9
1744552607009 0.5595170259475708 10
1744552607042 0.581575334072113 11
1744552607076 0.6087779402732849 12
1744552607111 0.5573286414146423 13
1744552607146 0.6228329539299011 14
1744552775979 0.5721303820610046 0
1744552776023 0.6154012084007263 1
1744552776060 0.5632826685905457 2
1744552776097 0.6120049953460693 3
1744552776137 0.6424229145050049 4
1744552776172 0.6794904470443726 5
1744552776204 0.697286069393158 6
1744552776237 0.7031370997428894 7
1744552776275 0.6764898896217346 8
1744552776312 0.7008072137832642 9
1744552776354 0.6755449771881104 10
1744552776391 0.6308770775794983 11
1744552776449 0.6349973678588867 12
1744552776490 0.7100157141685486 13
1744552776532 0.7236668467521667 14
1744552960653 0.6838193535804749 0
1744552960686 0.8015385270118713 1
1744552960721 0.6377159953117371 2
1744552960754 0.869272768497467 3
1744552960787 0.8181384801864624 4
1744552960829 0.7888107299804688 5
1744552960870 0.8968435525894165 6
1744552960906 0.8208448886871338 7
1744552960940 0.7574949264526367 8
1744552960973 0.8565848469734192 9
1744552961009 0.8354746103286743 10
1744552961043 0.845704197883606 11
1744552961081 0.8620418906211853 12
1744552961118 0.8956171274185181 13
1744552961158 0.7845655679702759 14
1744553152171 0.8773646950721741 0
1744553152207 0.9158493280410767 1
1744553152240 0.8217960000038147 2
1744553152275 0.9222293496131897 3
1744553152316 0.9153547286987305 4
1744553152350 1.0316885709762573 5
1744553152384 0.8499557971954346 6
1744553152424 0.7692954540252686 7
1744553152473 0.9426863789558411 8
1744553152509 0.9420735836029053 9
1744553152548 0.8625285029411316 10
1744553152582 0.7077096700668335 11
1744553152619 0.8227967619895935 12
1744553152655 0.984523355960846 13
1744553152687 1.3077492713928223 14
1744553342555 0.9083130955696106 0
1744553342603 1.1238436698913574 1
1744553342648 1.0943868160247803 2
1744553342682 1.2243818044662476 3
1744553342724 1.2633920907974243 4
1744553342763 1.091085433959961 5
1744553342799 1.2970141172409058 6
1744553342835 1.15382981300354 7
1744553342868 1.1972445249557495 8
1744553342903 1.2169744968414307 9
1744553342941 1.3588414192199707 10
1744553342980 1.2943679094314575 11
1744553343021 1.2338333129882812 12
1744553343061 1.2576408386230469 13
1744553343094 1.309398889541626 14
1744553528420 1.1587283611297607 0
1744553528476 1.2731726169586182 1
1744553528514 1.5540610551834106 2
1744553528553 1.3226100206375122 3
1744553528595 1.5334440469741821 4
1744553528630 1.5037504434585571 5
1744553528664 1.3926818370819092 6
1744553528705 1.3283404111862183 7
1744553528740 1.4394707679748535 8
1744553528776 1.5636159181594849 9
1744553528818 1.5895099639892578 10
1744553528869 1.561362385749817 11
1744553528902 1.3849972486495972 12
1744553528933 1.8785374164581299 13
1744553528966 1.5064489841461182 14
1744553717057 1.5310450792312622 0
1744553717092 1.6338151693344116 1
1744553717146 1.5306289196014404 2
1744553717193 1.6582399606704712 3
1744553717248 1.6706048250198364 4
1744553717292 1.7586274147033691 5
1744553717346 1.7087393999099731 6
1744553717396 1.6071912050247192 7
1744553717447 1.9406888484954834 8
1744553717489 1.5532282590866089 9
1744553717532 1.7561986446380615 10
1744553717568 1.8486671447753906 11
1744553717602 1.7820518016815186 12
1744553717637 1.676654577255249 13
1744553717679 1.6305222511291504 14
1744553905029 2.013118028640747 0
1744553905066 1.990755558013916 1
1744553905100 2.140174627304077 2
1744553905137 1.7786757946014404 3
1744553905171 1.8598253726959229 4
1744553905208 2.2990872859954834 5
1744553905245 2.008910655975342 6
1744553905290 2.15031099319458 7
1744553905323 1.9611493349075317 8
1744553905355 2.3703038692474365 9
1744553905389 2.1039035320281982 10
1744553905432 2.288456439971924 11
1744553905470 2.3844850063323975 12
1744553905506 2.1771903038024902 13
1744553905544 2.147364616394043 14
1744554090174 2.230614423751831 0
1744554090210 2.41261887550354 1
1744554090244 2.4271504878997803 2
1744554090278 2.625549554824829 3
1744554090311 2.6874709129333496 4
1744554090345 2.617553472518921 5
1744554090381 2.457387685775757 6
1744554090415 2.700650215148926 7
1744554090451 2.3540449142456055 8
1744554090491 2.5274710655212402 9
1744554090525 2.350329875946045 10
1744554090558 1.6051534414291382 11
1744554090592 2.3488099575042725 12
1744554090626 2.348984718322754 13
1744554090666 2.2027950286865234 14
1744554276455 2.1031270027160645 0
1744554276489 2.3128905296325684 1
1744554276523 2.3967299461364746 2
1744554276562 2.3888659477233887 3
1744554276597 2.889085292816162 4
1744554276633 2.679229736328125 5
1744554276667 2.6310083866119385 6
1744554276705 2.805208444595337 7
1744554276739 2.4984025955200195 8
1744554276772 3.0246834754943848 9
1744554276818 3.303755521774292 10
1744554276864 2.524139642715454 11
1744554276918 2.7412266731262207 12
1744554276957 2.859436273574829 13
1744554276994 3.001950740814209 14
