1744552606630 0.273101806640625 0
1744552606669 0.6885810494422913 1
1744552606708 0.5836001634597778 2
1744552606746 0.5558815002441406 3
1744552606780 1.1988054513931274 4
1744552606819 0.45317399501800537 5
1744552606860 0.18680697679519653 6
1744552606908 0.7815941572189331 7
1744552606941 0.5435664653778076 8
1744552606981 0.2871513366699219 9
1744552607009 1.0583202838897705 10
1744552607042 0.40358176827430725 11
1744552607076 1.1424592733383179 12
1744552607111 1.2455008029937744 13
1744552607146 0.6086735129356384 14
1744552775979 1.0910543203353882 0
1744552776023 1.2905229330062866 1
1744552776060 1.7082269191741943 2
1744552776097 0.32923877239227295 3
1744552776137 0.4955354928970337 4
1744552776172 0.48796603083610535 5
1744552776204 1.5511716604232788 6
1744552776237 1.1350566148757935 7
1744552776275 0.2674992084503174 8
1744552776312 2.032757043838501 9
1744552776354 0.6278528571128845 10
1744552776391 0.7088658213615417 11
1744552776449 0.4253377318382263 12
1744552776490 0.5812559723854065 13
1744552776532 0.622992217540741 14
1744552960653 3.712679624557495 0
1744552960686 1.2133679389953613 1
1744552960721 0.74559086561203 2
1744552960754 1.0428922176361084 3
1744552960787 1.584290623664856 4
1744552960829 1.7904446125030518 5
1744552960870 0.6921571493148804 6
1744552960906 0.8171991109848022 7
1744552960940 1.1116137504577637 8
1744552960973 0.5138402581214905 9
1744552961009 0.6996673941612244 10
1744552961043 1.357487440109253 11
1744552961081 1.300944209098816 12
1744552961118 1.6835068464279175 13
1744552961158 0.7066887617111206 14
1744553152171 0.7990273237228394 0
1744553152207 1.9824442863464355 1
1744553152240 1.546958088874817 2
1744553152275 0.23645034432411194 3
1744553152316 1.1107197999954224 4
1744553152350 1.3276515007019043 5
1744553152384 1.297558307647705 6
1744553152424 1.9655697345733643 7
1744553152473 0.9566144347190857 8
1744553152509 0.9860225915908813 9
1744553152548 0.6307475566864014 10
1744553152582 1.428761601448059 11
1744553152619 0.44762465357780457 12
1744553152655 0.9033975005149841 13
1744553152687 0.08802136778831482 14
1744553342555 1.4727628231048584 0
1744553342603 1.6598784923553467 1
1744553342648 0.9553155303001404 2
1744553342682 1.0463582277297974 3
1744553342724 0.8738243579864502 4
1744553342763 1.8356683254241943 5
1744553342799 1.0899622440338135 6
1744553342835 2.0930097103118896 7
1744553342868 1.532745599746704 8
1744553342903 0.07954646646976471 9
1744553342941 1.7203339338302612 10
1744553342980 0.986312985420227 11
1744553343021 1.9294377565383911 12
1744553343061 1.8834284543991089 13
1744553343094 0.6375808119773865 14
1744553528420 0.5169174075126648 0
1744553528476 2.726879596710205 1
1744553528514 1.2045722007751465 2
1744553528553 1.4561958312988281 3
1744553528595 0.5980821251869202 4
1744553528630 0.22175823152065277 5
1744553528664 0.6731549501419067 6
1744553528705 0.6577528715133667 7
1744553528740 1.172474980354309 8
1744553528776 0.38706910610198975 9
1744553528818 0.6431246399879456 10
1744553528869 0.9542242288589478 11
1744553528902 0.8544114232063293 12
1744553528933 0.028426727280020714 13
1744553528966 0.9171047806739807 14
1744553717057 0.14024470746517181 0
1744553717092 0.7843325734138489 1
1744553717146 1.839844822883606 2
1744553717193 0.5313183069229126 3
1744553717248 0.7513774633407593 4
1744553717292 0.44680678844451904 5
1744553717346 0.8544960618019104 6
1744553717396 1.2200541496276855 7
1744553717447 0.7720292806625366 8
1744553717489 1.1244946718215942 9
1744553717532 1.1665183305740356 10
1744553717568 0.7385310530662537 11
1744553717602 0.7245980501174927 12
1744553717637 0.7334843873977661 13
1744553717679 0.39040490984916687 14
1744553905029 0.9321393966674805 0
1744553905066 0.34096452593803406 1
1744553905100 0.7839583158493042 2
1744553905137 0.8018407225608826 3
1744553905171 0.8644670844078064 4
1744553905208 0.44970080256462097 5
1744553905245 0.31185007095336914 6
1744553905290 0.6159244775772095 7
1744553905323 2.023503541946411 8
1744553905355 1.5012930631637573 9
1744553905389 2.017648935317993 10
1744553905432 0.8790823817253113 11
1744553905470 0.49098238348960876 12
1744553905506 0.24846161901950836 13
1744553905544 0.439656138420105 14
1744554090174 0.8507629036903381 0
1744554090210 0.846687376499176 1
1744554090244 3.349663257598877 2
1744554090278 0.8222834467887878 3
1744554090311 2.5023298263549805 4
1744554090345 0.9610726237297058 5
1744554090381 1.1740902662277222 6
1744554090415 1.2286800146102905 7
1744554090451 0.7041718363761902 8
1744554090491 1.425095796585083 9
1744554090525 0.24544581770896912 10
1744554090558 0.4700852930545807 11
1744554090592 0.7009961009025574 12
1744554090626 0.5334129333496094 13
1744554090666 0.5624255537986755 14
1744554276455 2.1143388748168945 0
1744554276489 0.8302625417709351 1
1744554276523 0.31315550208091736 2
1744554276562 1.5470302104949951 3
1744554276597 3.0457468032836914 4
1744554276633 0.88853919506073 5
1744554276667 0.3036092519760132 6
1744554276705 0.38754576444625854 7
1744554276739 2.6124348640441895 8
1744554276772 1.0577654838562012 9
1744554276818 1.2969744205474854 10
1744554276864 2.034829616546631 11
1744554276918 0.11872664093971252 12
1744554276957 2.2600693702697754 13
1744554276994 1.7229756116867065 14
