1744552606630 0.0 0
1744552606669 1.0 1
1744552606708 2.0 2
1744552606746 3.0 3
1744552606780 4.0 4
1744552606819 5.0 5
1744552606860 6.0 6
1744552606908 7.0 7
1744552606941 8.0 8
1744552606981 9.0 9
1744552607009 10.0 10
1744552607042 11.0 11
1744552607076 12.0 12
1744552607111 13.0 13
1744552607146 14.0 14
1744552775979 0.0 0
1744552776023 1.0 1
1744552776060 2.0 2
1744552776097 3.0 3
1744552776137 4.0 4
1744552776172 5.0 5
1744552776204 6.0 6
1744552776237 7.0 7
1744552776275 8.0 8
1744552776312 9.0 9
1744552776354 10.0 10
1744552776391 11.0 11
1744552776449 12.0 12
1744552776490 13.0 13
1744552776532 14.0 14
1744552960653 0.0 0
1744552960686 1.0 1
1744552960721 2.0 2
1744552960754 3.0 3
1744552960787 4.0 4
1744552960829 5.0 5
1744552960870 6.0 6
1744552960906 7.0 7
1744552960940 8.0 8
1744552960973 9.0 9
1744552961009 10.0 10
1744552961043 11.0 11
1744552961081 12.0 12
1744552961118 13.0 13
1744552961158 14.0 14
1744553152171 0.0 0
1744553152207 1.0 1
1744553152240 2.0 2
1744553152275 3.0 3
1744553152316 4.0 4
1744553152350 5.0 5
1744553152384 6.0 6
1744553152424 7.0 7
1744553152473 8.0 8
1744553152509 9.0 9
1744553152548 10.0 10
1744553152582 11.0 11
1744553152619 12.0 12
1744553152655 13.0 13
1744553152687 14.0 14
1744553342555 0.0 0
1744553342603 1.0 1
1744553342648 2.0 2
1744553342682 3.0 3
1744553342724 4.0 4
1744553342763 5.0 5
1744553342799 6.0 6
1744553342835 7.0 7
1744553342868 8.0 8
1744553342903 9.0 9
1744553342941 10.0 10
1744553342980 11.0 11
1744553343021 12.0 12
1744553343061 13.0 13
1744553343094 14.0 14
1744553528420 0.0 0
1744553528476 1.0 1
1744553528514 2.0 2
1744553528553 3.0 3
1744553528595 4.0 4
1744553528630 5.0 5
1744553528664 6.0 6
1744553528705 7.0 7
1744553528740 8.0 8
1744553528776 9.0 9
1744553528818 10.0 10
1744553528869 11.0 11
1744553528902 12.0 12
1744553528933 13.0 13
1744553528966 14.0 14
1744553717057 0.0 0
1744553717092 1.0 1
1744553717146 2.0 2
1744553717193 3.0 3
1744553717248 4.0 4
1744553717292 5.0 5
1744553717346 6.0 6
1744553717396 7.0 7
1744553717447 8.0 8
1744553717489 9.0 9
1744553717532 10.0 10
1744553717568 11.0 11
1744553717602 12.0 12
1744553717637 13.0 13
1744553717679 14.0 14
1744553905029 0.0 0
1744553905066 1.0 1
1744553905100 2.0 2
1744553905137 3.0 3
1744553905171 4.0 4
1744553905208 5.0 5
1744553905245 6.0 6
1744553905290 7.0 7
1744553905323 8.0 8
1744553905355 9.0 9
1744553905389 10.0 10
1744553905432 11.0 11
1744553905470 12.0 12
1744553905506 13.0 13
1744553905544 14.0 14
1744554090174 0.0 0
1744554090210 1.0 1
1744554090244 2.0 2
1744554090278 3.0 3
1744554090311 4.0 4
1744554090345 5.0 5
1744554090381 6.0 6
1744554090415 7.0 7
1744554090451 8.0 8
1744554090491 9.0 9
1744554090525 10.0 10
1744554090558 11.0 11
1744554090592 12.0 12
1744554090626 13.0 13
1744554090666 14.0 14
1744554276455 0.0 0
1744554276489 1.0 1
1744554276523 2.0 2
1744554276562 3.0 3
1744554276597 4.0 4
1744554276633 5.0 5
1744554276667 6.0 6
1744554276705 7.0 7
1744554276739 8.0 8
1744554276772 9.0 9
1744554276818 10.0 10
1744554276864 11.0 11
1744554276918 12.0 12
1744554276957 13.0 13
1744554276994 14.0 14
