1744552606630 33.703460693359375 0
1744552606669 22.902774810791016 1
1744552606708 19.1302547454834 2
1744552606746 16.178220748901367 3
1744552606780 17.58218765258789 4
1744552606819 15.4822416305542 5
1744552606860 15.60542106628418 6
1744552606908 14.135259628295898 7
1744552606941 14.583040237426758 8
1744552606981 12.18476390838623 9
1744552607009 12.996502876281738 10
1744552607042 11.012873649597168 11
1744552607076 12.122653007507324 12
1744552607111 10.984213829040527 13
1744552607146 9.766009330749512 14
1744552775979 10.13198471069336 0
1744552776023 10.002699851989746 1
1744552776060 10.28479290008545 2
1744552776097 8.62597370147705 3
1744552776137 8.147202491760254 4
1744552776172 8.136903762817383 5
1744552776204 8.555503845214844 6
1744552776237 8.35416030883789 7
1744552776275 6.911247730255127 8
1744552776312 8.449378967285156 9
1744552776354 6.250568866729736 10
1744552776391 6.4296417236328125 11
1744552776449 5.222458839416504 12
1744552776490 5.44641637802124 13
1744552776532 5.4879961013793945 14
1744552960653 8.69303035736084 0
1744552960686 7.0536627769470215 1
1744552960721 6.992915153503418 2
1744552960754 6.208940029144287 3
1744552960787 6.538821697235107 4
1744552960829 6.331360816955566 5
1744552960870 5.134673118591309 6
1744552960906 5.010073661804199 7
1744552960940 5.457260608673096 8
1744552960973 4.3303542137146 9
1744552961009 4.184688568115234 10
1744552961043 5.171395301818848 11
1744552961081 5.456571578979492 12
1744552961118 5.41947603225708 13
1744552961158 4.380202293395996 14
1744553152171 4.318467617034912 0
1744553152207 7.849647521972656 1
1744553152240 5.799366474151611 2
1744553152275 3.8605315685272217 3
1744553152316 5.353863716125488 4
1744553152350 5.679821014404297 5
1744553152384 4.831249237060547 6
1744553152424 5.194732666015625 7
1744553152473 4.226807117462158 8
1744553152509 4.559045314788818 9
1744553152548 3.6534321308135986 10
1744553152582 4.608046054840088 11
1744553152619 3.195546865463257 12
1744553152655 3.799362897872925 13
1744553152687 2.9860458374023438 14
1744553342555 4.382425308227539 0
1744553342603 6.578958511352539 1
1744553342648 5.089653491973877 2
1744553342682 4.377880573272705 3
1744553342724 3.9238171577453613 4
1744553342763 5.260768413543701 5
1744553342799 4.420849800109863 6
1744553342835 5.469147682189941 7
1744553342868 5.551699161529541 8
1744553342903 3.2359418869018555 9
1744553342941 4.852870941162109 10
1744553342980 4.40959358215332 11
1744553343021 4.896857738494873 12
1744553343061 5.037338733673096 13
1744553343094 3.5712859630584717 14
1744553528420 3.3161230087280273 0
1744553528476 7.65004301071167 1
1744553528514 4.663341045379639 2
1744553528553 4.513552188873291 3
1744553528595 4.368712425231934 4
1744553528630 3.790747880935669 5
1744553528664 4.024676322937012 6
1744553528705 3.5311288833618164 7
1744553528740 4.153338432312012 8
1744553528776 3.290264129638672 9
1744553528818 3.351473331451416 10
1744553528869 3.9243149757385254 11
1744553528902 3.708801031112671 12
1744553528933 2.6536595821380615 13
1744553528966 3.523287773132324 14
1744553717057 2.910534143447876 0
1744553717092 5.504506587982178 1
1744553717146 4.7224955558776855 2
1744553717193 3.6781463623046875 3
1744553717248 4.797179698944092 4
1744553717292 3.54766583442688 5
1744553717346 3.958932876586914 6
1744553717396 4.536069393157959 7
1744553717447 3.8443853855133057 8
1744553717489 3.973191976547241 9
1744553717532 4.4304585456848145 10
1744553717568 3.378098964691162 11
1744553717602 4.100402355194092 12
1744553717637 3.377108097076416 13
1744553717679 2.931351900100708 14
1744553905029 3.714059591293335 0
1744553905066 4.9167256355285645 1
1744553905100 4.5330986976623535 2
1744553905137 3.711650848388672 3
1744553905171 3.7838754653930664 4
1744553905208 3.9411754608154297 5
1744553905245 3.0368003845214844 6
1744553905290 3.0637757778167725 7
1744553905323 4.628243446350098 8
1744553905355 4.75263786315918 9
1744553905389 5.143720626831055 10
1744553905432 3.9525463581085205 11
1744553905470 3.00811767578125 12
1744553905506 3.017059803009033 13
1744553905544 3.389169216156006 14
1744554090174 4.410937309265137 0
1744554090210 5.102295398712158 1
1744554090244 6.620729923248291 2
1744554090278 3.7413206100463867 3
1744554090311 5.315455436706543 4
1744554090345 4.173730373382568 5
1744554090381 4.161200046539307 6
1744554090415 4.621095657348633 7
1744554090451 3.7885446548461914 8
1744554090491 4.5710296630859375 9
1744554090525 3.0290918350219727 10
1744554090558 2.9407293796539307 11
1744554090592 3.800407886505127 12
1744554090626 3.480679512023926 13
1744554090666 2.6624338626861572 14
1744554276455 5.135852336883545 0
1744554276489 5.593861103057861 1
1744554276523 3.103533983230591 2
1744554276562 5.139093399047852 3
1744554276597 6.89052677154541 4
1744554276633 4.433197975158691 5
1744554276667 3.465000629425049 6
1744554276705 2.7630467414855957 7
1744554276739 5.8017120361328125 8
1744554276772 4.451956748962402 9
1744554276818 4.775777339935303 10
1744554276864 5.18274450302124 11
1744554276918 3.0029618740081787 12
1744554276957 5.468716144561768 13
1744554276994 4.865263938903809 14
