1744552606630 110.83222961425781 0
1744552606669 73.45787048339844 1
1744552606708 61.233436584472656 2
1744552606746 51.51886749267578 3
1744552606780 54.04554748535156 4
1744552606819 49.53944396972656 5
1744552606860 50.849830627441406 6
1744552606908 43.986576080322266 7
1744552606941 46.2903938293457 8
1744552606981 39.10720443725586 9
1744552607009 39.271724700927734 10
1744552607042 34.821502685546875 11
1744552607076 36.03245162963867 12
1744552607111 31.942203521728516 13
1744552607146 29.94314193725586 14
1744552775979 29.602447509765625 0
1744552776023 28.466215133666992 1
1744552776060 28.062820434570312 2
1744552776097 27.084577560424805 3
1744552776137 24.905961990356445 4
1744552776172 24.862266540527344 5
1744552776204 22.69697380065918 6
1744552776237 23.40741539001465 7
1744552776275 21.514434814453125 8
1744552776312 20.734651565551758 9
1744552776354 18.11187744140625 10
1744552776391 18.48043441772461 11
1744552776449 15.39773941040039 12
1744552776490 15.554519653320312 13
1744552776532 15.541257858276367 14
1744552960653 15.96293830871582 0
1744552960686 18.719547271728516 1
1744552960721 20.22921371459961 2
1744552960754 16.408838272094727 3
1744552960787 15.751506805419922 4
1744552960829 14.400163650512695 5
1744552960870 13.971330642700195 6
1744552960906 13.210125923156738 7
1744552960940 13.778493881225586 8
1744552960973 11.922232627868652 9
1744552961009 10.836959838867188 10
1744552961043 11.923702239990234 11
1744552961081 13.047518730163574 12
1744552961118 11.617321014404297 13
1744552961158 11.51278305053711 14
1744553152171 10.912592887878418 0
1744553152207 18.702550888061523 1
1744553152240 13.407684326171875 2
1744553152275 11.219522476196289 3
1744553152316 13.289480209350586 4
1744553152350 13.54432201385498 5
1744553152384 10.985678672790527 6
1744553152424 10.045867919921875 7
1744553152473 10.020801544189453 8
1744553152509 11.030806541442871 9
1744553152548 9.270587921142578 10
1744553152582 9.93708610534668 11
1744553152619 8.391796112060547 12
1744553152655 8.734329223632812 13
1744553152687 8.439516067504883 14
1744553342555 8.851115226745605 0
1744553342603 15.34801197052002 1
1744553342648 12.759697914123535 2
1744553342682 9.962318420410156 3
1744553342724 8.987476348876953 4
1744553342763 10.398653984069824 5
1744553342799 9.892411231994629 6
1744553342835 10.176885604858398 7
1744553342868 12.279083251953125 8
1744553342903 9.385475158691406 9
1744553342941 9.173537254333496 10
1744553342980 10.202858924865723 11
1744553343021 8.739822387695312 12
1744553343061 9.339235305786133 13
1744553343094 8.556910514831543 14
1744553528420 8.249204635620117 0
1744553528476 15.222249984741211 1
1744553528514 10.078771591186523 2
1744553528553 8.956751823425293 3
1744553528595 11.137553215026855 4
1744553528630 10.493131637573242 5
1744553528664 9.871902465820312 6
1744553528705 8.338134765625 7
1744553528740 8.592704772949219 8
1744553528776 8.217942237854004 9
1744553528818 7.544285774230957 10
1744553528869 8.44303035736084 11
1744553528902 8.221967697143555 12
1744553528933 6.997474670410156 13
1744553528966 7.2812581062316895 14
1744553717057 7.805322170257568 0
1744553717092 14.20901870727539 1
1744553717146 8.180249214172363 2
1744553717193 8.941736221313477 3
1744553717248 11.926776885986328 4
1744553717292 8.69481086730957 5
1744553717346 8.753299713134766 6
1744553717396 9.553339004516602 7
1744553717447 8.429877281188965 8
1744553717489 8.045978546142578 9
1744553717532 9.240682601928711 10
1744553717568 7.073136329650879 11
1744553717602 9.589433670043945 12
1744553717637 7.2472004890441895 13
1744553717679 6.948001861572266 14
1744553905029 7.3941569328308105 0
1744553905066 13.394498825073242 1
1744553905100 10.499637603759766 2
1744553905137 8.03926944732666 3
1744553905171 7.995522975921631 4
1744553905208 9.492433547973633 5
1744553905245 7.208183765411377 6
1744553905290 6.152547359466553 7
1744553905323 6.852059364318848 8
1744553905355 8.625533103942871 9
1744553905389 8.45659351348877 10
1744553905432 8.108986854553223 11
1744553905470 6.164930820465088 12
1744553905506 7.196616172790527 13
1744553905544 7.827503204345703 14
1744554090174 9.7853422164917 0
1744554090210 11.933582305908203 1
1744554090244 8.638215065002441 2
1744554090278 7.279610633850098 3
1744554090311 6.86877965927124 4
1744554090345 8.265809059143066 5
1744554090381 7.663471698760986 6
1744554090415 8.787445068359375 7
1744554090451 8.08413314819336 8
1744554090491 8.127472877502441 9
1744554090525 7.085179328918457 10
1744554090558 6.737337112426758 11
1744554090592 8.139148712158203 12
1744554090626 7.6318359375 13
1744554090666 4.944085597991943 14
1744554276455 8.108792304992676 0
1744554276489 13.719963073730469 1
1744554276523 7.064313888549805 2
1744554276562 9.743935585021973 3
1744554276597 10.119452476501465 4
1744554276633 9.314913749694824 5
1744554276667 8.082362174987793 6
1744554276705 5.300142288208008 7
1744554276739 8.29908275604248 8
1744554276772 8.49093246459961 9
1744554276818 8.512504577636719 10
1744554276864 8.137186050415039 11
1744554276918 7.055638313293457 12
1744554276957 8.026681900024414 13
1744554276994 7.672474384307861 14
