1743690725726 0.0 0
1743690725752 1.0 1
1743690725772 2.0 2
1743690725790 3.0 3
1743690725807 4.0 4
1743690725824 5.0 5
1743690725842 6.0 6
1743690725860 7.0 7
1743690725878 8.0 8
1743690725897 9.0 9
1743690831955 0.0 0
1743690831974 1.0 1
1743690831993 2.0 2
1743690832012 3.0 3
1743690832030 4.0 4
1743690832048 5.0 5
1743690832082 6.0 6
1743690832112 7.0 7
1743690832139 8.0 8
1743690832166 9.0 9
1743690951519 0.0 0
1743690951550 1.0 1
1743690951580 2.0 2
1743690951613 3.0 3
1743690951643 4.0 4
1743690951673 5.0 5
1743690951700 6.0 6
1743690951726 7.0 7
1743690951752 8.0 8
1743690951780 9.0 9
1743691073048 0.0 0
1743691073088 1.0 1
1743691073117 2.0 2
1743691073144 3.0 3
1743691073172 4.0 4
1743691073208 5.0 5
1743691073237 6.0 6
1743691073268 7.0 7
1743691073307 8.0 8
1743691073337 9.0 9
1743691202760 0.0 0
1743691202806 1.0 1
1743691202846 2.0 2
1743691202885 3.0 3
1743691202917 4.0 4
1743691202958 5.0 5
1743691202984 6.0 6
1743691203011 7.0 7
1743691203037 8.0 8
1743691203072 9.0 9
1743691346739 0.0 0
1743691346770 1.0 1
1743691346800 2.0 2
1743691346827 3.0 3
1743691346857 4.0 4
1743691346884 5.0 5
1743691346914 6.0 6
1743691346952 7.0 7
1743691346984 8.0 8
1743691347023 9.0 9
1743691492777 0.0 0
1743691492803 1.0 1
1743691492834 2.0 2
1743691492870 3.0 3
1743691492898 4.0 4
1743691492924 5.0 5
1743691492961 6.0 6
1743691492998 7.0 7
1743691493034 8.0 8
1743691493062 9.0 9
1743691641696 0.0 0
1743691641728 1.0 1
1743691641760 2.0 2
1743691641787 3.0 3
1743691641817 4.0 4
1743691641846 5.0 5
1743691641873 6.0 6
1743691641900 7.0 7
1743691641929 8.0 8
1743691641955 9.0 9
1743691795078 0.0 0
1743691795108 1.0 1
1743691795136 2.0 2
1743691795164 3.0 3
1743691795193 4.0 4
1743691795220 5.0 5
1743691795249 6.0 6
1743691795276 7.0 7
1743691795308 8.0 8
1743691795338 9.0 9
1743691944345 0.0 0
1743691944388 1.0 1
1743691944434 2.0 2
1743691944463 3.0 3
1743691944491 4.0 4
1743691944521 5.0 5
1743691944558 6.0 6
1743691944595 7.0 7
1743691944639 8.0 8
1743691944682 9.0 9
