1743690725726 0.7650207877159119 0
1743690725752 0.39400798082351685 1
1743690725772 0.49742162227630615 2
1743690725790 0.2552017867565155 3
1743690725807 0.25984981656074524 4
1743690725824 0.17344903945922852 5
1743690725842 0.17267945408821106 6
1743690725860 0.3011884391307831 7
1743690725878 0.24836251139640808 8
1743690725897 0.2763274908065796 9
1743690831955 0.3643796145915985 0
1743690831974 0.11013805121183395 1
1743690831993 0.13081425428390503 2
1743690832012 0.08988017588853836 3
1743690832030 0.056341152638196945 4
1743690832048 0.042866408824920654 5
1743690832082 0.021279064938426018 6
1743690832112 0.015419845469295979 7
1743690832139 0.045408688485622406 8
1743690832166 0.03434468060731888 9
1743690951519 0.22193017601966858 0
1743690951550 0.05834054574370384 1
1743690951580 0.04371167719364166 2
1743690951613 0.08443289250135422 3
1743690951643 0.10170702636241913 4
1743690951673 0.11961327493190765 5
1743690951700 0.07366936653852463 6
1743690951726 0.04219326749444008 7
1743690951752 0.04376004636287689 8
1743690951780 0.0237849373370409 9
1743691073048 0.19117428362369537 0
1743691073088 0.10353469103574753 1
1743691073117 0.25158196687698364 2
1743691073144 0.06791304796934128 3
1743691073172 0.10247223824262619 4
1743691073208 0.10492881387472153 5
1743691073237 0.0723290741443634 6
1743691073268 0.09376414865255356 7
1743691073307 0.017939336597919464 8
1743691073337 0.04236523061990738 9
1743691202760 0.19256672263145447 0
1743691202806 0.09825573861598969 1
1743691202846 0.09359251707792282 2
1743691202885 0.06104305014014244 3
1743691202917 0.03373651206493378 4
1743691202958 0.014544973149895668 5
1743691202984 0.01833534613251686 6
1743691203011 0.0550919771194458 7
1743691203037 0.06232954561710358 8
1743691203072 0.03493409976363182 9
1743691346739 0.08084873855113983 0
1743691346770 0.10908416658639908 1
1743691346800 0.051317278295755386 2
1743691346827 0.045380912721157074 3
1743691346857 0.03011510521173477 4
1743691346884 0.022941557690501213 5
1743691346914 0.02266440913081169 6
1743691346952 0.011396284215152264 7
1743691346984 0.02348046749830246 8
1743691347023 0.011653183959424496 9
1743691492777 0.23872359097003937 0
1743691492803 0.127598375082016 1
1743691492834 0.1816905438899994 2
1743691492870 0.04930681735277176 3
1743691492898 0.03932032361626625 4
1743691492924 0.10100948065519333 5
1743691492961 0.04692387580871582 6
1743691492998 0.016386987641453743 7
1743691493034 0.049897387623786926 8
1743691493062 0.05796606093645096 9
1743691641696 0.04832693561911583 0
1743691641728 0.036871593445539474 1
1743691641760 0.030101656913757324 2
1743691641787 0.014124197885394096 3
1743691641817 0.011977208778262138 4
1743691641846 0.013216214254498482 5
1743691641873 0.012706136330962181 6
1743691641900 0.011072417721152306 7
1743691641929 0.0016950827557593584 8
1743691641955 0.0021953056566417217 9
1743691795078 0.009538990445435047 0
1743691795108 0.0041646272875368595 1
1743691795136 0.0014387823175638914 2
1743691795164 0.0018591168336570263 3
1743691795193 0.0010985820554196835 4
1743691795220 0.00045009294990450144 5
1743691795249 0.001258285017684102 6
1743691795276 0.000784507894422859 7
1743691795308 0.00011537436512298882 8
1743691795338 0.00010142011160496622 9
1743691944345 0.09540494531393051 0
1743691944388 0.09623457491397858 1
1743691944434 0.05809786170721054 2
1743691944463 0.029591675847768784 3
1743691944491 0.038484856486320496 4
1743691944521 0.017770329490303993 5
1743691944558 0.007610348053276539 6
1743691944595 0.012586783617734909 7
1743691944639 6.578407919732854e-05 8
1743691944682 0.012740562669932842 9
