1744671634987 0.7194818258285522 0
1744671635009 0.698778510093689 1
1744671635031 0.6939197182655334 2
1744671635053 0.6738206148147583 3
1744671635074 0.6345950365066528 4
1744671635096 0.6218053102493286 5
1744671635117 0.6141592264175415 6
1744671635142 0.5797036290168762 7
1744671635180 0.5758389234542847 8
1744671635217 0.5815726518630981 9
1744671635257 0.6128929853439331 10
1744671635280 0.5581040978431702 11
1744671635303 0.5959480404853821 12
1744671635335 0.576035737991333 13
1744671635372 0.607751727104187 14
1744671780604 0.600511908531189 0
1744671780636 0.5771456956863403 1
1744671780665 0.5712746381759644 2
1744671780693 0.6280001997947693 3
1744671780725 0.598846435546875 4
1744671780759 0.6090763211250305 5
1744671780798 0.6123944520950317 6
1744671780830 0.6729574203491211 7
1744671780859 0.6887183785438538 8
1744671780891 0.724563479423523 9
1744671780920 0.6338542699813843 10
1744671780947 0.7442810535430908 11
1744671780974 0.6756632328033447 12
1744671781007 0.7407230138778687 13
1744671781038 0.6897462010383606 14
1744671943170 0.7025262117385864 0
1744671943203 0.731693685054779 1
1744671943230 0.7127720713615417 2
1744671943258 0.8302131295204163 3
1744671943284 0.7513646483421326 4
1744671943311 0.5876372456550598 5
1744671943338 0.7794913649559021 6
1744671943364 0.726392388343811 7
1744671943397 0.7781070470809937 8
1744671943429 0.863578736782074 9
1744671943461 0.8059817552566528 10
1744671943488 0.8032978773117065 11
1744671943515 0.8414672613143921 12
1744671943551 0.8486882448196411 13
1744671943590 0.804141640663147 14
1744672101154 0.8486629128456116 0
1744672101185 0.7637107372283936 1
1744672101226 0.9319599866867065 2
1744672101271 0.8001357316970825 3
1744672101305 0.882003128528595 4
1744672101339 0.8064029216766357 5
1744672101373 0.8978458642959595 6
1744672101409 0.7706505656242371 7
1744672101442 0.7444465160369873 8
1744672101482 1.0113886594772339 9
1744672101512 0.861190140247345 10
1744672101544 0.8899640440940857 11
1744672101572 0.7852089405059814 12
1744672101600 0.8497941493988037 13
1744672101635 0.8884961009025574 14
1744672258795 0.8556855320930481 0
1744672258834 0.9950039982795715 1
1744672258868 1.0655919313430786 2
1744672258900 1.0044443607330322 3
1744672258932 0.9840421676635742 4
1744672258965 1.3013437986373901 5
1744672258998 1.1715805530548096 6
1744672259032 1.2221430540084839 7
1744672259065 1.050750970840454 8
1744672259099 1.1103556156158447 9
1744672259132 1.0758885145187378 10
1744672259161 1.2816352844238281 11
1744672259189 1.195580244064331 12
1744672259220 1.0639342069625854 13
1744672259248 0.9217938184738159 14
1744672418764 1.2276272773742676 0
1744672418802 1.2507857084274292 1
1744672418843 1.056384563446045 2
1744672418873 1.4429163932800293 3
1744672418902 1.1931979656219482 4
1744672418934 1.2472349405288696 5
1744672418973 1.1126490831375122 6
1744672419011 1.242233157157898 7
1744672419047 1.019115686416626 8
1744672419086 1.1730010509490967 9
1744672419128 1.2209690809249878 10
1744672419175 1.2074869871139526 11
1744672419222 1.3114908933639526 12
1744672419271 1.3359299898147583 13
1744672419313 1.3378952741622925 14
1744672574155 1.2632769346237183 0
1744672574184 1.5296543836593628 1
1744672574214 1.4147965908050537 2
1744672574241 1.5526783466339111 3
1744672574267 1.772451639175415 4
1744672574294 1.3629847764968872 5
1744672574327 1.581634283065796 6
1744672574356 1.514139175415039 7
1744672574390 1.2954832315444946 8
1744672574418 1.482595682144165 9
1744672574444 1.5657883882522583 10
1744672574473 1.5734717845916748 11
1744672574499 1.3908660411834717 12
1744672574530 1.3536919355392456 13
1744672574566 1.8247536420822144 14
1744672730963 1.3805506229400635 0
1744672730994 1.6729328632354736 1
1744672731027 1.4335365295410156 2
1744672731056 1.8527079820632935 3
1744672731083 1.8832566738128662 4
1744672731111 1.960287094116211 5
1744672731139 1.6389447450637817 6
1744672731182 1.6831163167953491 7
1744672731214 2.0116002559661865 8
1744672731245 1.8518719673156738 9
1744672731274 1.7478922605514526 10
1744672731302 1.5943195819854736 11
1744672731330 1.3787345886230469 12
1744672731357 1.4968756437301636 13
1744672731385 1.7866026163101196 14
1744672909312 1.7156645059585571 0
1744672909351 1.9035593271255493 1
1744672909387 1.8034688234329224 2
1744672909424 1.8322612047195435 3
1744672909453 2.0867185592651367 4
1744672909490 1.84992516040802 5
1744672909527 2.154792308807373 6
1744672909565 2.127650260925293 7
1744672909597 2.1431477069854736 8
1744672909629 1.8907383680343628 9
1744672909665 2.1201252937316895 10
1744672909700 1.9897392988204956 11
1744672909731 2.403749942779541 12
1744672909769 1.7113502025604248 13
1744672909806 2.110813856124878 14
1744673066183 2.2703661918640137 0
1744673066233 1.9037940502166748 1
1744673066291 2.3522369861602783 2
1744673066339 2.665238857269287 3
1744673066386 2.407134771347046 4
1744673066436 2.426612377166748 5
1744673066478 2.269011974334717 6
1744673066520 2.125347137451172 7
1744673066561 1.9375932216644287 8
1744673066609 2.2926676273345947 9
1744673066638 2.244849920272827 10
1744673066668 2.352977752685547 11
1744673066704 2.098677158355713 12
1744673066739 2.147071361541748 13
1744673066770 2.245668649673462 14
