1744671634987 0.659835159778595 0
1744671635009 1.0895881652832031 1
1744671635031 0.40991121530532837 2
1744671635053 0.21683025360107422 3
1744671635074 0.7580791711807251 4
1744671635096 0.4896434247493744 5
1744671635117 0.3697870671749115 6
1744671635142 0.5496054291725159 7
1744671635180 0.2631343901157379 8
1744671635217 1.1056236028671265 9
1744671635257 0.528754711151123 10
1744671635280 0.6953203678131104 11
1744671635303 0.47953593730926514 12
1744671635335 0.38982194662094116 13
1744671635372 0.6986753940582275 14
1744671780604 0.2534511387348175 0
1744671780636 1.096074104309082 1
1744671780665 0.5777319669723511 2
1744671780693 1.0505921840667725 3
1744671780725 0.7652731537818909 4
1744671780759 0.8571153879165649 5
1744671780798 0.940341591835022 6
1744671780830 0.40864813327789307 7
1744671780859 0.5159168243408203 8
1744671780891 0.5376447439193726 9
1744671780920 0.5051832795143127 10
1744671780947 1.0308035612106323 11
1744671780974 1.0296374559402466 12
1744671781007 1.1752530336380005 13
1744671781038 0.47222182154655457 14
1744671943170 1.386060118675232 0
1744671943203 0.9538659453392029 1
1744671943230 0.7250851392745972 2
1744671943258 0.328718364238739 3
1744671943284 1.3156397342681885 4
1744671943311 0.7092305421829224 5
1744671943338 0.5542383193969727 6
1744671943364 0.8525587320327759 7
1744671943397 0.548926055431366 8
1744671943429 1.1787723302841187 9
1744671943461 0.9571904540061951 10
1744671943488 0.8760989308357239 11
1744671943515 0.3567467927932739 12
1744671943551 0.5563920140266418 13
1744671943590 1.0596857070922852 14
1744672101154 0.41567617654800415 0
1744672101185 0.7909101843833923 1
1744672101226 0.5402513146400452 2
1744672101271 0.4038931727409363 3
1744672101305 0.3384253680706024 4
1744672101339 0.7578969597816467 5
1744672101373 0.5142436027526855 6
1744672101409 0.2826158106327057 7
1744672101442 0.6574158072471619 8
1744672101482 0.48779958486557007 9
1744672101512 0.17916510999202728 10
1744672101544 0.4278733432292938 11
1744672101572 0.2873799502849579 12
1744672101600 1.145835041999817 13
1744672101635 1.1717278957366943 14
1744672258795 0.5971161127090454 0
1744672258834 0.10344564914703369 1
1744672258868 1.0401440858840942 2
1744672258900 0.4202500879764557 3
1744672258932 0.7818464040756226 4
1744672258965 0.6042031049728394 5
1744672258998 0.291881263256073 6
1744672259032 0.8224751353263855 7
1744672259065 0.6288296580314636 8
1744672259099 0.4025062918663025 9
1744672259132 1.1600514650344849 10
1744672259161 0.6099073886871338 11
1744672259189 0.7851623892784119 12
1744672259220 1.1982407569885254 13
1744672259248 0.46758314967155457 14
1744672418764 1.2507922649383545 0
1744672418802 0.784248411655426 1
1744672418843 0.7587339878082275 2
1744672418873 0.9330099821090698 3
1744672418902 0.7453445196151733 4
1744672418934 0.2865910232067108 5
1744672418973 0.4005780518054962 6
1744672419011 0.917621910572052 7
1744672419047 0.6539051532745361 8
1744672419086 0.7630221843719482 9
1744672419128 0.8012084364891052 10
1744672419175 1.0877019166946411 11
1744672419222 0.8013277649879456 12
1744672419271 0.16553428769111633 13
1744672419313 0.2316770702600479 14
1744672574155 1.1602482795715332 0
1744672574184 0.7899338006973267 1
1744672574214 0.853492796421051 2
1744672574241 0.8669294118881226 3
1744672574267 0.6256617307662964 4
1744672574294 0.480421245098114 5
1744672574327 0.7436615824699402 6
1744672574356 0.8803902268409729 7
1744672574390 0.844009280204773 8
1744672574418 0.6852670311927795 9
1744672574444 0.3409304618835449 10
1744672574473 0.6299227476119995 11
1744672574499 0.6655768156051636 12
1744672574530 1.0651428699493408 13
1744672574566 0.7225260138511658 14
1744672730963 1.0965032577514648 0
1744672730994 0.782173216342926 1
1744672731027 0.24752546846866608 2
1744672731056 0.577157735824585 3
1744672731083 0.6638101935386658 4
1744672731111 1.011157512664795 5
1744672731139 0.5783150792121887 6
1744672731182 0.4107573628425598 7
1744672731214 1.1112250089645386 8
1744672731245 0.5827404260635376 9
1744672731274 0.6724379658699036 10
1744672731302 0.4205784201622009 11
1744672731330 0.7276721596717834 12
1744672731357 0.5413631200790405 13
1744672731385 0.8098984360694885 14
1744672909312 0.9776751399040222 0
1744672909351 0.7907286882400513 1
1744672909387 1.3862833976745605 2
1744672909424 0.2736526131629944 3
1744672909453 0.6774523258209229 4
1744672909490 1.2651112079620361 5
1744672909527 0.43070337176322937 6
1744672909565 0.8111706376075745 7
1744672909597 0.902983546257019 8
1744672909629 1.1174365282058716 9
1744672909665 0.7023833990097046 10
1744672909700 1.1239243745803833 11
1744672909731 0.8677557706832886 12
1744672909769 0.0906943529844284 13
1744672909806 1.6045951843261719 14
1744673066183 0.5506307482719421 0
1744673066233 0.8125231862068176 1
1744673066291 0.6433143019676208 2
1744673066339 0.87715083360672 3
1744673066386 1.2203322649002075 4
1744673066436 1.060912847518921 5
1744673066478 1.1666778326034546 6
1744673066520 0.5415422320365906 7
1744673066561 0.3870437741279602 8
1744673066609 0.978527307510376 9
1744673066638 1.0017797946929932 10
1744673066668 1.1884790658950806 11
1744673066704 1.345710039138794 12
1744673066739 1.1281622648239136 13
1744673066770 1.3102185726165771 14
