1744671634987 0.0 0
1744671635009 1.0 1
1744671635031 2.0 2
1744671635053 3.0 3
1744671635074 4.0 4
1744671635096 5.0 5
1744671635117 6.0 6
1744671635142 7.0 7
1744671635180 8.0 8
1744671635217 9.0 9
1744671635257 10.0 10
1744671635280 11.0 11
1744671635303 12.0 12
1744671635335 13.0 13
1744671635372 14.0 14
1744671780604 0.0 0
1744671780636 1.0 1
1744671780665 2.0 2
1744671780693 3.0 3
1744671780725 4.0 4
1744671780759 5.0 5
1744671780798 6.0 6
1744671780830 7.0 7
1744671780859 8.0 8
1744671780891 9.0 9
1744671780920 10.0 10
1744671780947 11.0 11
1744671780974 12.0 12
1744671781007 13.0 13
1744671781038 14.0 14
1744671943170 0.0 0
1744671943203 1.0 1
1744671943230 2.0 2
1744671943258 3.0 3
1744671943284 4.0 4
1744671943311 5.0 5
1744671943338 6.0 6
1744671943364 7.0 7
1744671943397 8.0 8
1744671943429 9.0 9
1744671943461 10.0 10
1744671943488 11.0 11
1744671943515 12.0 12
1744671943551 13.0 13
1744671943590 14.0 14
1744672101154 0.0 0
1744672101185 1.0 1
1744672101226 2.0 2
1744672101271 3.0 3
1744672101305 4.0 4
1744672101339 5.0 5
1744672101373 6.0 6
1744672101409 7.0 7
1744672101442 8.0 8
1744672101482 9.0 9
1744672101512 10.0 10
1744672101544 11.0 11
1744672101572 12.0 12
1744672101600 13.0 13
1744672101635 14.0 14
1744672258795 0.0 0
1744672258834 1.0 1
1744672258868 2.0 2
1744672258900 3.0 3
1744672258932 4.0 4
1744672258965 5.0 5
1744672258998 6.0 6
1744672259032 7.0 7
1744672259065 8.0 8
1744672259099 9.0 9
1744672259132 10.0 10
1744672259161 11.0 11
1744672259189 12.0 12
1744672259220 13.0 13
1744672259248 14.0 14
1744672418764 0.0 0
1744672418802 1.0 1
1744672418843 2.0 2
1744672418873 3.0 3
1744672418902 4.0 4
1744672418934 5.0 5
1744672418973 6.0 6
1744672419011 7.0 7
1744672419047 8.0 8
1744672419086 9.0 9
1744672419128 10.0 10
1744672419175 11.0 11
1744672419222 12.0 12
1744672419271 13.0 13
1744672419313 14.0 14
1744672574155 0.0 0
1744672574184 1.0 1
1744672574214 2.0 2
1744672574241 3.0 3
1744672574267 4.0 4
1744672574294 5.0 5
1744672574327 6.0 6
1744672574356 7.0 7
1744672574390 8.0 8
1744672574418 9.0 9
1744672574444 10.0 10
1744672574473 11.0 11
1744672574499 12.0 12
1744672574530 13.0 13
1744672574566 14.0 14
1744672730963 0.0 0
1744672730994 1.0 1
1744672731027 2.0 2
1744672731056 3.0 3
1744672731083 4.0 4
1744672731111 5.0 5
1744672731139 6.0 6
1744672731182 7.0 7
1744672731214 8.0 8
1744672731245 9.0 9
1744672731274 10.0 10
1744672731302 11.0 11
1744672731330 12.0 12
1744672731357 13.0 13
1744672731385 14.0 14
1744672909312 0.0 0
1744672909351 1.0 1
1744672909387 2.0 2
1744672909424 3.0 3
1744672909453 4.0 4
1744672909490 5.0 5
1744672909527 6.0 6
1744672909565 7.0 7
1744672909597 8.0 8
1744672909629 9.0 9
1744672909665 10.0 10
1744672909700 11.0 11
1744672909731 12.0 12
1744672909769 13.0 13
1744672909806 14.0 14
1744673066183 0.0 0
1744673066233 1.0 1
1744673066291 2.0 2
1744673066339 3.0 3
1744673066386 4.0 4
1744673066436 5.0 5
1744673066478 6.0 6
1744673066520 7.0 7
1744673066561 8.0 8
1744673066609 9.0 9
1744673066638 10.0 10
1744673066668 11.0 11
1744673066704 12.0 12
1744673066739 13.0 13
1744673066770 14.0 14
