1744671634987 36.0382194519043 0
1744671635009 22.281017303466797 1
1744671635031 17.28779411315918 2
1744671635053 15.955609321594238 3
1744671635074 17.09471321105957 4
1744671635096 16.23965072631836 5
1744671635117 14.655564308166504 6
1744671635142 15.352242469787598 7
1744671635180 13.156286239624023 8
1744671635217 13.94492244720459 9
1744671635257 11.723684310913086 10
1744671635280 10.378809928894043 11
1744671635303 10.16743278503418 12
1744671635335 10.375203132629395 13
1744671635372 9.44166374206543 14
1744671780604 8.085992813110352 0
1744671780636 9.85777473449707 1
1744671780665 9.866612434387207 2
1744671780693 9.475255966186523 3
1744671780725 8.00545883178711 4
1744671780759 8.846105575561523 5
1744671780798 8.131126403808594 6
1744671780830 6.639224052429199 7
1744671780859 6.736473083496094 8
1744671780891 6.797853946685791 9
1744671780920 6.311244487762451 10
1744671780947 6.536236763000488 11
1744671780974 6.125336647033691 12
1744671781007 6.324316024780273 13
1744671781038 5.3198418617248535 14
1744671943170 5.879306316375732 0
1744671943203 6.936451435089111 1
1744671943230 5.6583170890808105 2
1744671943258 4.620229244232178 3
1744671943284 6.143266201019287 4
1744671943311 5.29783821105957 5
1744671943338 4.64818811416626 6
1744671943364 4.74261999130249 7
1744671943397 4.2793755531311035 8
1744671943429 5.046000957489014 9
1744671943461 4.635051727294922 10
1744671943488 4.448600769042969 11
1744671943515 3.944068670272827 12
1744671943551 3.666137456893921 13
1744671943590 4.366175174713135 14
1744672101154 3.591531753540039 0
1744672101185 5.731922626495361 1
1744672101226 3.9242660999298096 2
1744672101271 3.8938260078430176 3
1744672101305 3.8218560218811035 4
1744672101339 4.429312229156494 5
1744672101373 3.7672319412231445 6
1744672101409 3.1261508464813232 7
1744672101442 3.8026957511901855 8
1744672101482 3.4925074577331543 9
1744672101512 3.108919858932495 10
1744672101544 3.2763702869415283 11
1744672101572 3.2245960235595703 12
1744672101600 4.270163059234619 13
1744672101635 3.767031669616699 14
1744672258795 3.243401527404785 0
1744672258834 4.889094352722168 1
1744672258868 4.232977390289307 2
1744672258900 3.277153253555298 3
1744672258932 3.8544421195983887 4
1744672258965 3.923609495162964 5
1744672258998 2.8431007862091064 6
1744672259032 3.7429542541503906 7
1744672259065 3.594327926635742 8
1744672259099 2.972644567489624 9
1744672259132 4.120902061462402 10
1744672259161 3.095323085784912 11
1744672259189 3.3547563552856445 12
1744672259220 3.7755823135375977 13
1744672259248 2.737612009048462 14
1744672418764 3.7998602390289307 0
1744672418802 5.175204277038574 1
1744672418843 3.364335536956787 2
1744672418873 3.698211669921875 3
1744672418902 4.226149559020996 4
1744672418934 3.670536994934082 5
1744672418973 3.317528486251831 6
1744672419011 3.7354917526245117 7
1744672419047 3.5012102127075195 8
1744672419086 3.698789119720459 9
1744672419128 3.737699508666992 10
1744672419175 3.5809361934661865 11
1744672419222 3.361570119857788 12
1744672419271 2.39166522026062 13
1744672419313 2.5923008918762207 14
1744672574155 3.922724723815918 0
1744672574184 4.729724407196045 1
1744672574214 3.8016653060913086 2
1744672574241 3.3178603649139404 3
1744672574267 3.6881766319274902 4
1744672574294 3.1448769569396973 5
1744672574327 3.578540802001953 6
1744672574356 3.3086721897125244 7
1744672574390 3.3969669342041016 8
1744672574418 3.2532260417938232 9
1744672574444 2.701185941696167 10
1744672574473 3.0348386764526367 11
1744672574499 2.862738609313965 12
1744672574530 3.3669562339782715 13
1744672574566 3.2360072135925293 14
1744672730963 3.545259475708008 0
1744672730994 4.560603618621826 1
1744672731027 2.5753204822540283 2
1744672731056 3.15822434425354 3
1744672731083 3.585752248764038 4
1744672731111 4.107260227203369 5
1744672731139 2.9867494106292725 6
1744672731182 2.771226406097412 7
1744672731214 3.713683605194092 8
1744672731245 2.954894542694092 9
1744672731274 3.271273136138916 10
1744672731302 2.631997585296631 11
1744672731330 2.935718297958374 12
1744672731357 2.7040963172912598 13
1744672731385 2.9528257846832275 14
1744672909312 3.1750123500823975 0
1744672909351 4.890915393829346 1
1744672909387 3.9281134605407715 2
1744672909424 2.803849935531616 3
1744672909453 3.620359182357788 4
1744672909490 4.082695007324219 5
1744672909527 2.81941819190979 6
1744672909565 3.330892324447632 7
1744672909597 3.3815879821777344 8
1744672909629 3.721489667892456 9
1744672909665 3.2868809700012207 10
1744672909700 3.4861769676208496 11
1744672909731 3.111032724380493 12
1744672909769 2.2270524501800537 13
1744672909806 3.9922266006469727 14
1744673066183 3.0516490936279297 0
1744673066233 4.972595691680908 1
1744673066291 3.20316743850708 2
1744673066339 3.5953757762908936 3
1744673066386 4.473012447357178 4
1744673066436 4.164128303527832 5
1744673066478 3.573415994644165 6
1744673066520 2.825666904449463 7
1744673066561 2.5584840774536133 8
1744673066609 3.4880266189575195 9
1744673066638 3.5487067699432373 10
1744673066668 3.645371198654175 11
1744673066704 3.728015184402466 12
1744673066739 3.286411762237549 13
1744673066770 3.5498979091644287 14
