1744671634987 117.25643157958984 0
1744671635009 69.98590087890625 1
1744671635031 55.61194610595703 2
1744671635053 51.83369445800781 3
1744671635074 53.86315155029297 4
1744671635096 51.91967010498047 5
1744671635117 47.04603958129883 6
1744671635142 48.801063537597656 7
1744671635180 42.43972396850586 8
1744671635217 42.25486373901367 9
1744671635257 36.74440002441406 10
1744671635280 31.757400512695312 11
1744671635303 31.736770629882812 12
1744671635335 32.74696731567383 13
1744671635372 28.57605743408203 14
1744671780604 25.547992706298828 0
1744671780636 28.666996002197266 1
1744671780665 30.429744720458984 2
1744671780693 27.496074676513672 3
1744671780725 23.575027465820312 4
1744671780759 26.061492919921875 5
1744671780798 23.39771270751953 6
1744671780830 20.140493392944336 7
1744671780859 20.092382431030273 8
1744671780891 20.191102981567383 9
1744671780920 18.761940002441406 10
1744671780947 17.656780242919922 11
1744671780974 16.355045318603516 12
1744671781007 16.47220230102539 13
1744671781038 15.514968872070312 14
1744671943170 14.321795463562012 0
1744671943203 19.259037017822266 1
1744671943230 15.778851509094238 2
1744671943258 13.530171394348145 3
1744671943284 15.390813827514648 4
1744671943311 14.746896743774414 5
1744671943338 12.918974876403809 6
1744671943364 12.288905143737793 7
1744671943397 11.708599090576172 8
1744671943429 12.084754943847656 9
1744671943461 11.50728702545166 10
1744671943488 11.158594131469727 11
1744671943515 11.172369956970215 12
1744671943551 9.573708534240723 13
1744671943590 10.271099090576172 14
1744672101154 9.794099807739258 0
1744672101185 15.757243156433105 1
1744672101226 10.410219192504883 2
1744672101271 10.88631534576416 3
1744672101305 10.78823184967041 4
1744672101339 11.485406875610352 5
1744672101373 10.005304336547852 6
1744672101409 8.759175300598145 7
1744672101442 9.789448738098145 8
1744672101482 9.07172966003418 9
1744672101512 8.962071418762207 10
1744672101544 8.664356231689453 11
1744672101572 9.05785846710205 12
1744672101600 9.621285438537598 13
1744672101635 7.821749687194824 14
1744672258795 8.022311210632324 0
1744672258834 15.023491859436035 1
1744672258868 9.648224830627441 2
1744672258900 8.585528373718262 3
1744672258932 9.323545455932617 4
1744672258965 9.850099563598633 5
1744672258998 7.410589694976807 6
1744672259032 8.594263076782227 7
1744672259065 8.904293060302734 8
1744672259099 7.530795574188232 9
1744672259132 8.865340232849121 10
1744672259161 7.088525772094727 11
1744672259189 7.449437618255615 12
1744672259220 7.598133087158203 13
1744672259248 6.706421852111816 14
1744672418764 7.351107597351074 0
1744672418802 13.469118118286133 1
1744672418843 7.699378967285156 2
1744672418873 7.870616912841797 3
1744672418902 10.489030838012695 4
1744672418934 10.11573314666748 5
1744672418973 8.68469524383545 6
1744672419011 8.233481407165527 7
1744672419047 8.539841651916504 8
1744672419086 8.69108772277832 9
1744672419128 8.64873218536377 10
1744672419175 7.183793067932129 11
1744672419222 7.31008243560791 12
1744672419271 6.173568248748779 13
1744672419313 6.620043754577637 14
1744672574155 8.029195785522461 0
1744672574184 11.704957008361816 1
1744672574214 8.506765365600586 2
1744672574241 6.720603942871094 3
1744672574267 8.554094314575195 4
1744672574294 7.609399795532227 5
1744672574327 7.973405361175537 6
1744672574356 6.681076526641846 7
1744672574390 7.300741672515869 8
1744672574418 7.176106929779053 9
1744672574444 6.406115531921387 10
1744672574473 6.5478129386901855 11
1744672574499 6.025730609893799 12
1744672574530 6.409265041351318 13
1744672574566 6.675167083740234 14
1744672730963 6.874006271362305 0
1744672730994 11.033363342285156 1
1744672731027 6.421348571777344 2
1744672731056 6.87436056137085 3
1744672731083 7.982100486755371 4
1744672731111 8.490740776062012 5
1744672731139 6.498432159423828 6
1744672731182 6.297321319580078 7
1744672731214 6.797368049621582 8
1744672731245 6.178766250610352 9
1744672731274 7.031417369842529 10
1744672731302 5.883365154266357 11
1744672731330 6.073334217071533 12
1744672731357 5.812026500701904 13
1744672731385 5.475594997406006 14
1744672909312 5.723170757293701 0
1744672909351 11.890632629394531 1
1744672909387 6.789528846740723 2
1744672909424 6.723880767822266 3
1744672909453 7.862085342407227 4
1744672909490 7.66534948348999 5
1744672909527 5.9512434005737305 6
1744672909565 6.413265228271484 7
1744672909597 6.261743545532227 8
1744672909629 6.915487289428711 9
1744672909665 6.636208534240723 10
1744672909700 6.01708459854126 11
1744672909731 5.2340898513793945 12
1744672909769 5.523933410644531 13
1744672909806 5.988678932189941 14
1744673066183 6.217718601226807 0
1744673066233 12.090033531188965 1
1744673066291 6.337422847747803 2
1744673066339 6.573193550109863 3
1744673066386 8.595606803894043 4
1744673066436 8.079212188720703 5
1744673066478 5.904716491699219 6
1744673066520 5.630090713500977 7
1744673066561 5.429713249206543 8
1744673066609 6.225175380706787 9
1744673066638 6.394562721252441 10
1744673066668 5.993527412414551 11
1744673066704 5.98225212097168 12
1744673066739 5.190230846405029 13
1744673066770 5.369640350341797 14
