1744493392871 0.7423521876335144 0
1744493392912 0.7368144392967224 1
1744493392947 0.7001312971115112 2
1744493392982 0.6785731911659241 3
1744493393006 0.6257584691047668 4
1744493393029 0.6416264772415161 5
1744493393053 0.6097519993782043 6
1744493393092 0.6126977205276489 7
1744493393126 0.5875582098960876 8
1744493393164 0.5771055221557617 9
1744493393193 0.5450373888015747 10
1744493393228 0.5862438678741455 11
1744493393252 0.5607790946960449 12
1744493393287 0.5985891819000244 13
1744493393324 0.5739818215370178 14
