1744493392871 0.650729775428772 0
1744493392912 0.6338685154914856 1
1744493392947 0.6350637078285217 2
1744493392982 0.6627010703086853 3
1744493393006 0.6359018087387085 4
1744493393029 0.5345837473869324 5
1744493393053 0.6136073470115662 6
1744493393092 0.5531763434410095 7
1744493393126 0.6254794597625732 8
1744493393164 0.6359468698501587 9
1744493393193 0.5805249810218811 10
1744493393228 0.7003983855247498 11
1744493393252 0.6537719964981079 12
1744493393287 0.5206394791603088 13
1744493393324 0.4998006522655487 14
