1744493392871 33.566097259521484 0
1744493392912 22.37751579284668 1
1744493392947 16.16969108581543 2
1744493392982 16.334718704223633 3
1744493393006 16.01053237915039 4
1744493393029 15.706069946289062 5
1744493393053 14.440215110778809 6
1744493393092 13.35575008392334 7
1744493393126 13.102529525756836 8
1744493393164 11.61145305633545 9
1744493393193 11.11566162109375 10
1744493393228 10.753262519836426 11
1744493393252 10.210474014282227 12
1744493393287 10.649596214294434 13
1744493393324 10.156208992004395 14
