1744493392871 109.02501678466797 0
1744493392912 71.79112243652344 1
1744493392947 51.128631591796875 2
1744493392982 51.60672378540039 3
1744493393006 50.66472625732422 4
1744493393029 49.9727668762207 5
1744493393053 45.519588470458984 6
1744493393092 42.1033935546875 7
1744493393126 41.04177474975586 8
1744493393164 36.04638671875 9
1744493393193 34.60841751098633 10
1744493393228 32.96238327026367 11
1744493393252 31.332279205322266 12
1744493393287 33.20450210571289 13
1744493393324 31.65230941772461 14
