1743685405743 0.0 0
1743685405775 1.0 1
1743685405796 2.0 2
1743685405816 3.0 3
1743685405835 4.0 4
1743685405854 5.0 5
1743685405873 6.0 6
1743685405895 7.0 7
1743685405914 8.0 8
1743685405947 9.0 9
1743685517260 0.0 0
1743685517287 1.0 1
1743685517316 2.0 2
1743685517343 3.0 3
1743685517372 4.0 4
1743685517404 5.0 5
1743685517432 6.0 6
1743685517465 7.0 7
1743685517504 8.0 8
1743685517545 9.0 9
1743685638780 0.0 0
1743685638815 1.0 1
1743685638854 2.0 2
1743685638893 3.0 3
1743685638931 4.0 4
1743685638966 5.0 5
1743685638997 6.0 6
1743685639032 7.0 7
1743685639059 8.0 8
1743685639087 9.0 9
1743685771655 0.0 0
1743685771685 1.0 1
1743685771712 2.0 2
1743685771739 3.0 3
1743685771767 4.0 4
1743685771802 5.0 5
1743685771841 6.0 6
1743685771878 7.0 7
1743685771909 8.0 8
1743685771939 9.0 9
1743685906654 0.0 0
1743685906697 1.0 1
1743685906738 2.0 2
1743685906779 3.0 3
1743685906824 4.0 4
1743685906868 5.0 5
1743685906898 6.0 6
1743685906925 7.0 7
1743685906953 8.0 8
1743685906982 9.0 9
1743686052530 0.0 0
1743686052564 1.0 1
1743686052592 2.0 2
1743686052622 3.0 3
1743686052650 4.0 4
1743686052679 5.0 5
1743686052706 6.0 6
1743686052739 7.0 7
1743686052768 8.0 8
1743686052795 9.0 9
1743686200818 0.0 0
1743686200852 1.0 1
1743686200882 2.0 2
1743686200910 3.0 3
1743686200937 4.0 4
1743686200964 5.0 5
1743686200992 6.0 6
1743686201020 7.0 7
1743686201048 8.0 8
1743686201078 9.0 9
1743686354491 0.0 0
1743686354523 1.0 1
1743686354551 2.0 2
1743686354578 3.0 3
1743686354606 4.0 4
1743686354634 5.0 5
1743686354662 6.0 6
1743686354695 7.0 7
1743686354731 8.0 8
1743686354764 9.0 9
1743686503081 0.0 0
1743686503115 1.0 1
1743686503154 2.0 2
1743686503202 3.0 3
1743686503233 4.0 4
1743686503270 5.0 5
1743686503311 6.0 6
1743686503348 7.0 7
1743686503386 8.0 8
1743686503414 9.0 9
1743686654193 0.0 0
1743686654231 1.0 1
1743686654270 2.0 2
1743686654309 3.0 3
1743686654352 4.0 4
1743686654387 5.0 5
1743686654416 6.0 6
1743686654450 7.0 7
1743686654494 8.0 8
1743686654531 9.0 9
