1743685405743 10.807086944580078 0
1743685405775 7.645452976226807 1
1743685405796 6.606565475463867 2
1743685405816 6.0707621574401855 3
1743685405835 5.84709358215332 4
1743685405854 5.1098480224609375 5
1743685405873 5.7412567138671875 6
1743685405895 5.546807289123535 7
1743685405914 4.678191184997559 8
1743685405947 4.376046180725098 9
1743685517260 4.652069568634033 0
1743685517287 4.2192230224609375 1
1743685517316 3.736746072769165 2
1743685517343 4.04017448425293 3
1743685517372 3.274287223815918 4
1743685517404 3.7522237300872803 5
1743685517432 3.0651707649230957 6
1743685517465 2.9559824466705322 7
1743685517504 2.916334629058838 8
1743685517545 2.6131784915924072 9
1743685638780 3.0540692806243896 0
1743685638815 2.901662826538086 1
1743685638854 2.7084693908691406 2
1743685638893 2.891550064086914 3
1743685638931 2.8063111305236816 4
1743685638966 2.448570966720581 5
1743685638997 2.0212934017181396 6
1743685639032 2.964951992034912 7
1743685639059 2.091675043106079 8
1743685639087 2.418606758117676 9
1743685771655 2.060330390930176 0
1743685771685 2.399376153945923 1
1743685771712 2.675334930419922 2
1743685771739 2.3874480724334717 3
1743685771767 2.17142391204834 4
1743685771802 2.507467746734619 5
1743685771841 2.258873701095581 6
1743685771878 2.1041698455810547 7
1743685771909 1.373618245124817 8
1743685771939 1.8239529132843018 9
1743685906654 1.6665772199630737 0
1743685906697 2.200467586517334 1
1743685906738 1.7016111612319946 2
1743685906779 2.466221332550049 3
1743685906824 1.396932601928711 4
1743685906868 1.8866268396377563 5
1743685906898 1.556788682937622 6
1743685906925 1.317129373550415 7
1743685906953 1.5440919399261475 8
1743685906982 1.4989887475967407 9
1743686052530 2.103459358215332 0
1743686052564 1.8544903993606567 1
1743686052592 1.648613691329956 2
1743686052622 1.4563976526260376 3
1743686052650 1.5120623111724854 4
1743686052679 1.7409515380859375 5
1743686052706 1.8393073081970215 6
1743686052739 1.336763858795166 7
1743686052768 1.171260118484497 8
1743686052795 1.3315660953521729 9
1743686200818 1.916292428970337 0
1743686200852 2.231797456741333 1
1743686200882 1.8513257503509521 2
1743686200910 1.5235177278518677 3
1743686200937 1.8115200996398926 4
1743686200964 1.6505643129348755 5
1743686200992 1.4099369049072266 6
1743686201020 1.9728755950927734 7
1743686201048 1.3324449062347412 8
1743686201078 1.1606037616729736 9
1743686354491 1.622819423675537 0
1743686354523 1.7101333141326904 1
1743686354551 1.1414434909820557 2
1743686354578 1.478153944015503 3
1743686354606 1.3332844972610474 4
1743686354634 1.3870525360107422 5
1743686354662 1.7888240814208984 6
1743686354695 1.1065781116485596 7
1743686354731 1.9816129207611084 8
1743686354764 1.1411478519439697 9
1743686503081 1.0671478509902954 0
1743686503115 1.5585381984710693 1
1743686503154 1.5060296058654785 2
1743686503202 1.109945297241211 3
1743686503233 2.0187761783599854 4
1743686503270 1.551749348640442 5
1743686503311 1.4517831802368164 6
1743686503348 1.7784441709518433 7
1743686503386 1.3995251655578613 8
1743686503414 0.7752722501754761 9
1743686654193 0.9264904260635376 0
1743686654231 2.3781943321228027 1
1743686654270 1.6668155193328857 2
1743686654309 1.1466048955917358 3
1743686654352 2.12253999710083 4
1743686654387 2.3550167083740234 5
1743686654416 1.0205258131027222 6
1743686654450 1.049928069114685 7
1743686654494 0.9977378249168396 8
1743686654531 0.9326362609863281 9
