1743677888911 13.075851440429688 0
1743677888946 8.177825927734375 1
1743677888976 6.811405181884766 2
1743677889004 6.144149303436279 3
1743677889025 6.048905849456787 4
1743677889045 5.978900909423828 5
1743677889065 5.768632888793945 6
1743677889085 5.818251609802246 7
1743677889118 5.499660968780518 8
1743677889148 4.97923469543457 9
1743677908114 4.646139144897461 0
1743677908146 4.571262359619141 1
1743677908185 4.375601768493652 2
1743677908217 4.0989508628845215 3
1743677908248 4.052801132202148 4
1743677908277 3.9280927181243896 5
1743677908311 3.7456448078155518 6
1743677908342 3.8149218559265137 7
1743677908376 3.51818585395813 8
1743677908409 3.6984333992004395 9
