1737838717265 0.0 0
1737838717290 1.0 1
1737838717311 2.0 2
1737838717338 3.0 3
1737838717358 4.0 4
1737838717378 5.0 5
1737838717397 6.0 6
1737838717415 7.0 7
1737838717436 8.0 8
1737838717455 9.0 9
1737838717476 10.0 10
1737838717489 11.0 11
1737838717503 12.0 12
1737838717516 13.0 13
1737838717529 14.0 14
1737838717549 15.0 15
1737838717570 16.0 16
1737838717591 17.0 17
1737838717613 18.0 18
1737838717637 19.0 19
1737838717656 20.0 20
1737838717674 21.0 21
1737838717693 22.0 22
1737838717712 23.0 23
1737838717731 24.0 24
1737838717753 25.0 25
1737838717772 26.0 26
1737838717789 27.0 27
1737838717802 28.0 28
1737838717816 29.0 29
1737838776785 0.0 0
1737838776806 1.0 1
1737838776825 2.0 2
1737838776845 3.0 3
1737838776864 4.0 4
1737838776883 5.0 5
1737838776903 6.0 6
1737838776922 7.0 7
1737838776941 8.0 8
1737838776961 9.0 9
1737838776981 10.0 10
1737838777003 11.0 11
1737838777027 12.0 12
1737838777049 13.0 13
1737838777073 14.0 14
1737838777091 15.0 15
1737838777111 16.0 16
1737838777139 17.0 17
1737838777162 18.0 18
1737838777182 19.0 19
1737838777201 20.0 20
1737838777225 21.0 21
1737838777248 22.0 22
1737838777268 23.0 23
1737838777292 24.0 24
1737838777319 25.0 25
1737838777348 26.0 26
1737838777370 27.0 27
1737838777390 28.0 28
1737838777410 29.0 29
1737838837288 0.0 0
1737838837308 1.0 1
1737838837330 2.0 2
1737838837349 3.0 3
1737838837371 4.0 4
1737838837392 5.0 5
1737838837411 6.0 6
1737838837430 7.0 7
1737838837469 8.0 8
1737838837496 9.0 9
1737838837528 10.0 10
1737838837549 11.0 11
1737838837568 12.0 12
1737838837588 13.0 13
1737838837607 14.0 14
1737838837627 15.0 15
1737838837648 16.0 16
1737838837670 17.0 17
1737838837691 18.0 18
1737838837710 19.0 19
1737838837730 20.0 20
1737838837758 21.0 21
1737838837778 22.0 22
1737838837798 23.0 23
1737838837818 24.0 24
1737838837838 25.0 25
1737838837860 26.0 26
1737838837887 27.0 27
1737838837911 28.0 28
1737838837930 29.0 29
1737838896448 0.0 0
1737838896467 1.0 1
1737838896488 2.0 2
1737838896512 3.0 3
1737838896532 4.0 4
1737838896553 5.0 5
1737838896577 6.0 6
1737838896601 7.0 7
1737838896621 8.0 8
1737838896641 9.0 9
1737838896662 10.0 10
1737838896687 11.0 11
1737838896711 12.0 12
1737838896734 13.0 13
1737838896760 14.0 14
1737838896783 15.0 15
1737838896809 16.0 16
1737838896829 17.0 17
1737838896853 18.0 18
1737838896877 19.0 19
1737838896900 20.0 20
1737838896920 21.0 21
1737838896943 22.0 22
1737838896969 23.0 23
1737838896994 24.0 24
1737838897017 25.0 25
1737838897043 26.0 26
1737838897068 27.0 27
1737838897091 28.0 28
1737838897113 29.0 29
1737838952990 0.0 0
1737838953013 1.0 1
1737838953035 2.0 2
1737838953062 3.0 3
1737838953092 4.0 4
1737838953119 5.0 5
1737838953147 6.0 6
1737838953167 7.0 7
1737838953187 8.0 8
1737838953206 9.0 9
1737838953225 10.0 10
1737838953244 11.0 11
1737838953264 12.0 12
1737838953284 13.0 13
1737838953303 14.0 14
1737838953323 15.0 15
1737838953342 16.0 16
1737838953361 17.0 17
1737838953383 18.0 18
1737838953402 19.0 19
1737838953422 20.0 20
1737838953441 21.0 21
1737838953460 22.0 22
1737838953482 23.0 23
1737838953511 24.0 24
1737838953533 25.0 25
1737838953557 26.0 26
1737838953589 27.0 27
1737838953614 28.0 28
1737838953641 29.0 29
1737839000335 0.0 0
1737839000348 1.0 1
1737839000361 2.0 2
1737839000373 3.0 3
1737839000387 4.0 4
1737839000403 5.0 5
1737839000420 6.0 6
1737839000436 7.0 7
1737839000451 8.0 8
1737839000467 9.0 9
1737839000482 10.0 10
1737839000498 11.0 11
1737839000514 12.0 12
1737839000529 13.0 13
1737839000542 14.0 14
1737839000555 15.0 15
1737839000567 16.0 16
1737839000583 17.0 17
1737839000599 18.0 18
1737839000611 19.0 19
1737839000624 20.0 20
1737839000637 21.0 21
1737839000658 22.0 22
1737839000676 23.0 23
1737839000691 24.0 24
1737839000705 25.0 25
1737839000718 26.0 26
1737839000731 27.0 27
1737839000744 28.0 28
1737839000756 29.0 29
1737839043463 0.0 0
1737839043476 1.0 1
1737839043490 2.0 2
1737839043503 3.0 3
1737839043516 4.0 4
1737839043532 5.0 5
1737839043545 6.0 6
1737839043558 7.0 7
1737839043572 8.0 8
1737839043585 9.0 9
1737839043599 10.0 10
1737839043612 11.0 11
1737839043625 12.0 12
1737839043638 13.0 13
1737839043651 14.0 14
1737839043664 15.0 15
1737839043676 16.0 16
1737839043690 17.0 17
1737839043704 18.0 18
1737839043717 19.0 19
1737839043732 20.0 20
1737839043754 21.0 21
1737839043771 22.0 22
1737839043784 23.0 23
1737839043797 24.0 24
1737839043811 25.0 25
1737839043824 26.0 26
1737839043839 27.0 27
1737839043852 28.0 28
1737839043865 29.0 29
1737839085075 0.0 0
1737839085090 1.0 1
1737839085104 2.0 2
1737839085118 3.0 3
1737839085132 4.0 4
1737839085145 5.0 5
1737839085159 6.0 6
1737839085172 7.0 7
1737839085186 8.0 8
1737839085199 9.0 9
1737839085212 10.0 10
1737839085225 11.0 11
1737839085239 12.0 12
1737839085255 13.0 13
1737839085269 14.0 14
1737839085282 15.0 15
1737839085295 16.0 16
1737839085308 17.0 17
1737839085322 18.0 18
1737839085336 19.0 19
1737839085349 20.0 20
1737839085363 21.0 21
1737839085377 22.0 22
1737839085390 23.0 23
1737839085403 24.0 24
1737839085417 25.0 25
1737839085430 26.0 26
1737839085444 27.0 27
1737839085457 28.0 28
1737839085471 29.0 29
1737839125200 0.0 0
1737839125216 1.0 1
1737839125229 2.0 2
1737839125243 3.0 3
1737839125258 4.0 4
1737839125272 5.0 5
1737839125286 6.0 6
1737839125300 7.0 7
1737839125313 8.0 8
1737839125327 9.0 9
1737839125341 10.0 10
1737839125355 11.0 11
1737839125371 12.0 12
1737839125385 13.0 13
1737839125399 14.0 14
1737839125414 15.0 15
1737839125427 16.0 16
1737839125442 17.0 17
1737839125455 18.0 18
1737839125471 19.0 19
1737839125485 20.0 20
1737839125498 21.0 21
1737839125512 22.0 22
1737839125525 23.0 23
1737839125539 24.0 24
1737839125552 25.0 25
1737839125567 26.0 26
1737839125583 27.0 27
1737839125597 28.0 28
1737839125610 29.0 29
1737839171588 0.0 0
1737839171604 1.0 1
1737839171626 2.0 2
1737839171643 3.0 3
1737839171659 4.0 4
1737839171675 5.0 5
1737839171690 6.0 6
1737839171705 7.0 7
1737839171719 8.0 8
1737839171734 9.0 9
1737839171753 10.0 10
1737839171766 11.0 11
1737839171779 12.0 12
1737839171793 13.0 13
1737839171809 14.0 14
1737839171824 15.0 15
1737839171843 16.0 16
1737839171864 17.0 17
1737839171880 18.0 18
1737839171893 19.0 19
1737839171907 20.0 20
1737839171921 21.0 21
1737839171935 22.0 22
1737839171949 23.0 23
1737839171964 24.0 24
1737839171978 25.0 25
1737839171992 26.0 26
1737839172008 27.0 27
1737839172024 28.0 28
1737839172037 29.0 29
