1737838717265 0.0 0
1737838717290 0.0 1
1737838717311 0.0 2
1737838717338 0.0 3
1737838717358 0.0 4
1737838717378 0.0 5
1737838717397 0.0 6
1737838717415 0.0 7
1737838717436 0.0 8
1737838717455 0.0 9
1737838717476 0.0 10
1737838717489 0.0 11
1737838717503 0.0 12
1737838717516 0.0 13
1737838717529 0.0 14
1737838717549 0.0 15
1737838717570 0.0 16
1737838717591 0.0 17
1737838717613 0.0 18
1737838717637 0.0 19
1737838717656 0.0 20
1737838717674 0.0 21
1737838717693 0.0 22
1737838717712 0.0 23
1737838717731 0.0 24
1737838717753 0.0 25
1737838717772 0.0 26
1737838717789 0.0 27
1737838717802 0.0 28
1737838717816 0.0 29
1737838776785 0.0 0
1737838776806 0.0 1
1737838776825 0.0 2
1737838776845 0.0 3
1737838776864 0.0 4
1737838776883 0.0 5
1737838776903 0.0 6
1737838776922 0.0 7
1737838776941 0.0 8
1737838776961 0.0 9
1737838776981 0.0 10
1737838777003 0.0 11
1737838777027 0.0 12
1737838777049 0.0 13
1737838777073 0.0 14
1737838777091 0.0 15
1737838777111 0.0 16
1737838777139 0.0 17
1737838777162 0.0 18
1737838777182 0.0 19
1737838777201 0.0 20
1737838777225 0.0 21
1737838777248 0.0 22
1737838777268 0.0 23
1737838777292 0.0 24
1737838777319 0.0 25
1737838777348 0.0 26
1737838777370 0.0 27
1737838777390 0.0 28
1737838777410 0.0 29
1737838837288 0.0 0
1737838837308 0.0 1
1737838837330 0.0 2
1737838837349 0.0 3
1737838837371 0.0 4
1737838837392 0.0 5
1737838837411 0.0 6
1737838837430 0.0 7
1737838837469 0.0 8
1737838837496 0.0 9
1737838837528 0.0 10
1737838837549 0.0 11
1737838837568 0.0 12
1737838837588 0.0 13
1737838837607 0.0 14
1737838837627 0.0 15
1737838837648 0.0 16
1737838837670 0.0 17
1737838837691 0.0 18
1737838837710 0.0 19
1737838837730 0.0 20
1737838837758 0.0 21
1737838837778 0.0 22
1737838837798 0.0 23
1737838837818 0.0 24
1737838837838 0.0 25
1737838837860 0.0 26
1737838837887 0.0 27
1737838837911 0.0 28
1737838837930 0.0 29
1737838896448 0.0 0
1737838896467 0.0 1
1737838896488 0.0 2
1737838896512 0.0 3
1737838896532 0.0 4
1737838896553 0.0 5
1737838896577 0.0 6
1737838896601 0.0 7
1737838896621 0.0 8
1737838896641 0.0 9
1737838896662 0.0 10
1737838896687 0.0 11
1737838896711 0.0 12
1737838896734 0.0 13
1737838896760 0.0 14
1737838896783 0.0 15
1737838896809 0.0 16
1737838896829 0.0 17
1737838896853 0.0 18
1737838896877 0.0 19
1737838896900 0.0 20
1737838896920 0.0 21
1737838896943 0.0 22
1737838896969 0.0 23
1737838896994 0.0 24
1737838897017 0.0 25
1737838897043 0.0 26
1737838897068 0.0 27
1737838897091 0.0 28
1737838897113 0.0 29
1737838952990 0.0 0
1737838953013 0.0 1
1737838953035 0.0 2
1737838953062 0.0 3
1737838953092 0.0 4
1737838953119 0.0 5
1737838953147 0.0 6
1737838953167 0.0 7
1737838953187 0.0 8
1737838953206 0.0 9
1737838953225 0.0 10
1737838953244 0.0 11
1737838953264 0.0 12
1737838953284 0.0 13
1737838953303 0.0 14
1737838953323 0.0 15
1737838953342 0.0 16
1737838953361 0.0 17
1737838953383 0.0 18
1737838953402 0.0 19
1737838953422 0.0 20
1737838953441 0.0 21
1737838953460 0.0 22
1737838953482 0.0 23
1737838953511 0.0 24
1737838953533 0.0 25
1737838953557 0.0 26
1737838953589 0.0 27
1737838953614 0.0 28
1737838953641 0.0 29
1737839000335 0.0 0
1737839000348 0.0 1
1737839000361 0.0 2
1737839000373 0.0 3
1737839000387 0.0 4
1737839000403 0.0 5
1737839000420 0.0 6
1737839000436 0.0 7
1737839000451 0.0 8
1737839000467 0.0 9
1737839000482 0.0 10
1737839000498 0.0 11
1737839000514 0.0 12
1737839000529 0.0 13
1737839000542 0.0 14
1737839000555 0.0 15
1737839000567 0.0 16
1737839000583 0.0 17
1737839000599 0.0 18
1737839000611 0.0 19
1737839000624 0.0 20
1737839000637 0.0 21
1737839000658 0.0 22
1737839000676 0.0 23
1737839000691 0.0 24
1737839000705 0.0 25
1737839000718 0.0 26
1737839000731 0.0 27
1737839000744 0.0 28
1737839000756 0.0 29
1737839043463 0.0 0
1737839043476 0.0 1
1737839043490 0.0 2
1737839043503 0.0 3
1737839043516 0.0 4
1737839043532 0.0 5
1737839043545 0.0 6
1737839043558 0.0 7
1737839043572 0.0 8
1737839043585 0.0 9
1737839043599 0.0 10
1737839043612 0.0 11
1737839043625 0.0 12
1737839043638 0.0 13
1737839043651 0.0 14
1737839043664 0.0 15
1737839043676 0.0 16
1737839043690 0.0 17
1737839043704 0.0 18
1737839043717 0.0 19
1737839043732 0.0 20
1737839043754 0.0 21
1737839043771 0.0 22
1737839043784 0.0 23
1737839043797 0.0 24
1737839043811 0.0 25
1737839043824 0.0 26
1737839043839 0.0 27
1737839043852 0.0 28
1737839043865 0.0 29
1737839085075 0.0 0
1737839085090 0.0 1
1737839085104 0.0 2
1737839085118 0.0 3
1737839085132 0.0 4
1737839085145 0.0 5
1737839085159 0.0 6
1737839085172 0.0 7
1737839085186 0.0 8
1737839085199 0.0 9
1737839085212 0.0 10
1737839085225 0.0 11
1737839085239 0.0 12
1737839085255 0.0 13
1737839085269 0.0 14
1737839085282 0.0 15
1737839085295 0.0 16
1737839085308 0.0 17
1737839085322 0.0 18
1737839085336 0.0 19
1737839085349 0.0 20
1737839085363 0.0 21
1737839085377 0.0 22
1737839085390 0.0 23
1737839085403 0.0 24
1737839085417 0.0 25
1737839085430 0.0 26
1737839085444 0.0 27
1737839085457 0.0 28
1737839085471 0.0 29
1737839125200 0.0 0
1737839125216 0.0 1
1737839125229 0.0 2
1737839125243 0.0 3
1737839125258 0.0 4
1737839125272 0.0 5
1737839125286 0.0 6
1737839125300 0.0 7
1737839125313 0.0 8
1737839125327 0.0 9
1737839125341 0.0 10
1737839125355 0.0 11
1737839125371 0.0 12
1737839125385 0.0 13
1737839125399 0.0 14
1737839125414 0.0 15
1737839125427 0.0 16
1737839125442 0.0 17
1737839125455 0.0 18
1737839125471 0.0 19
1737839125485 0.0 20
1737839125498 0.0 21
1737839125512 0.0 22
1737839125525 0.0 23
1737839125539 0.0 24
1737839125552 0.0 25
1737839125567 0.0 26
1737839125583 0.0 27
1737839125597 0.0 28
1737839125610 0.0 29
1737839171588 0.0 0
1737839171604 0.0 1
1737839171626 0.0 2
1737839171643 0.0 3
1737839171659 0.0 4
1737839171675 0.0 5
1737839171690 0.0 6
1737839171705 0.0 7
1737839171719 0.0 8
1737839171734 0.0 9
1737839171753 0.0 10
1737839171766 0.0 11
1737839171779 0.0 12
1737839171793 0.0 13
1737839171809 0.0 14
1737839171824 0.0 15
1737839171843 0.0 16
1737839171864 0.0 17
1737839171880 0.0 18
1737839171893 0.0 19
1737839171907 0.0 20
1737839171921 0.0 21
1737839171935 0.0 22
1737839171949 0.0 23
1737839171964 0.0 24
1737839171978 0.0 25
1737839171992 0.0 26
1737839172008 0.0 27
1737839172024 0.0 28
1737839172037 0.0 29
