1738155448026 0.0 0
1738155448049 1.0 1
1738155448075 2.0 2
1738155448099 3.0 3
1738155448115 4.0 4
1738155448133 5.0 5
1738155448155 6.0 6
1738155448171 7.0 7
1738155448188 8.0 8
1738155448202 9.0 9
1738155578494 0.0 0
1738155578507 1.0 1
1738155578517 2.0 2
1738155578527 3.0 3
1738155578537 4.0 4
1738155578548 5.0 5
1738155578558 6.0 6
1738155578568 7.0 7
1738155578577 8.0 8
1738155578587 9.0 9
1738155696159 0.0 0
1738155696169 1.0 1
1738155696180 2.0 2
1738155696190 3.0 3
1738155696200 4.0 4
1738155696211 5.0 5
1738155696221 6.0 6
1738155696231 7.0 7
1738155696241 8.0 8
1738155696251 9.0 9
