1738155448026 0.0 0
1738155448049 0.0 1
1738155448075 0.0 2
1738155448099 0.0 3
1738155448115 0.0 4
1738155448133 0.0 5
1738155448155 0.0 6
1738155448171 0.0 7
1738155448188 0.0 8
1738155448202 0.0 9
1738155578494 0.0 0
1738155578507 0.0 1
1738155578517 0.0 2
1738155578527 0.0 3
1738155578537 0.0 4
1738155578548 0.0 5
1738155578558 0.0 6
1738155578568 0.0 7
1738155578577 0.0 8
1738155578587 0.0 9
1738155696159 0.0 0
1738155696169 0.0 1
1738155696180 0.0 2
1738155696190 0.0 3
1738155696200 0.0 4
1738155696211 0.0 5
1738155696221 0.0 6
1738155696231 0.0 7
1738155696241 0.0 8
1738155696251 0.0 9
