1737928939067 0.0 0
1737928939092 1.0 1
1737928939113 2.0 2
1737928939142 3.0 3
1737928939164 4.0 4
1737928939188 5.0 5
1737928939214 6.0 6
1737928939235 7.0 7
1737928939260 8.0 8
1737928939282 9.0 9
1737929553876 0.0 0
1737929553896 1.0 1
1737929553918 2.0 2
1737929553938 3.0 3
1737929553958 4.0 4
1737929553978 5.0 5
1737929553998 6.0 6
1737929554019 7.0 7
1737929554040 8.0 8
1737929554059 9.0 9
1737930177022 0.0 0
1737930177045 1.0 1
1737930177065 2.0 2
1737930177087 3.0 3
1737930177108 4.0 4
1737930177131 5.0 5
1737930177151 6.0 6
1737930177171 7.0 7
1737930177191 8.0 8
1737930177212 9.0 9
1737930806960 0.0 0
1737930806983 1.0 1
1737930807011 2.0 2
1737930807033 3.0 3
1737930807055 4.0 4
1737930807078 5.0 5
1737930807104 6.0 6
1737930807130 7.0 7
1737930807151 8.0 8
1737930807171 9.0 9
1737931430567 0.0 0
1737931430581 1.0 1
1737931430594 2.0 2
1737931430608 3.0 3
1737931430621 4.0 4
1737931430634 5.0 5
1737931430649 6.0 6
1737931430663 7.0 7
1737931430677 8.0 8
1737931430690 9.0 9
1737932049492 0.0 0
1737932049506 1.0 1
1737932049519 2.0 2
1737932049532 3.0 3
1737932049545 4.0 4
1737932049558 5.0 5
1737932049571 6.0 6
1737932049584 7.0 7
1737932049597 8.0 8
1737932049610 9.0 9
1737932662627 0.0 0
1737932662641 1.0 1
1737932662655 2.0 2
1737932662671 3.0 3
1737932662685 4.0 4
1737932662699 5.0 5
1737932662713 6.0 6
1737932662727 7.0 7
1737932662741 8.0 8
1737932662754 9.0 9
1737933287414 0.0 0
1737933287428 1.0 1
1737933287441 2.0 2
1737933287454 3.0 3
1737933287468 4.0 4
1737933287483 5.0 5
1737933287497 6.0 6
1737933287511 7.0 7
1737933287524 8.0 8
1737933287538 9.0 9
1737933910601 0.0 0
1737933910614 1.0 1
1737933910628 2.0 2
1737933910641 3.0 3
1737933910655 4.0 4
1737933910669 5.0 5
1737933910683 6.0 6
1737933910696 7.0 7
1737933910710 8.0 8
1737933910724 9.0 9
1737934519003 0.0 0
1737934519031 1.0 1
1737934519057 2.0 2
1737934519085 3.0 3
1737934519107 4.0 4
1737934519129 5.0 5
1737934519150 6.0 6
1737934519170 7.0 7
1737934519190 8.0 8
1737934519211 9.0 9
