1737928939067 0.0 0
1737928939092 0.0 1
1737928939113 0.0 2
1737928939142 0.0 3
1737928939164 0.0 4
1737928939188 0.0 5
1737928939214 0.0 6
1737928939235 0.0 7
1737928939260 0.0 8
1737928939282 0.0 9
1737929553876 0.0 0
1737929553896 0.0 1
1737929553918 0.0 2
1737929553938 0.0 3
1737929553958 0.0 4
1737929553978 0.0 5
1737929553998 0.0 6
1737929554019 0.0 7
1737929554040 0.0 8
1737929554059 0.0 9
1737930177022 0.0 0
1737930177045 0.0 1
1737930177065 0.0 2
1737930177087 0.0 3
1737930177108 0.0 4
1737930177131 0.0 5
1737930177151 0.0 6
1737930177171 0.0 7
1737930177191 0.0 8
1737930177212 0.0 9
1737930806960 0.0 0
1737930806983 0.0 1
1737930807011 0.0 2
1737930807033 0.0 3
1737930807055 0.0 4
1737930807078 0.0 5
1737930807104 0.0 6
1737930807130 0.0 7
1737930807151 0.0 8
1737930807171 0.0 9
1737931430567 0.0 0
1737931430581 0.0 1
1737931430594 0.0 2
1737931430608 0.0 3
1737931430621 0.0 4
1737931430634 0.0 5
1737931430649 0.0 6
1737931430663 0.0 7
1737931430677 0.0 8
1737931430690 0.0 9
1737932049492 0.0 0
1737932049506 0.0 1
1737932049519 0.0 2
1737932049532 0.0 3
1737932049545 0.0 4
1737932049558 0.0 5
1737932049571 0.0 6
1737932049584 0.0 7
1737932049597 0.0 8
1737932049610 0.0 9
1737932662627 0.0 0
1737932662641 0.0 1
1737932662655 0.0 2
1737932662671 0.0 3
1737932662685 0.0 4
1737932662699 0.0 5
1737932662713 0.0 6
1737932662727 0.0 7
1737932662741 0.0 8
1737932662754 0.0 9
1737933287414 0.0 0
1737933287428 0.0 1
1737933287441 0.0 2
1737933287454 0.0 3
1737933287468 0.0 4
1737933287483 0.0 5
1737933287497 0.0 6
1737933287511 0.0 7
1737933287524 0.0 8
1737933287538 0.0 9
1737933910601 0.0 0
1737933910614 0.0 1
1737933910628 0.0 2
1737933910641 0.0 3
1737933910655 0.0 4
1737933910669 0.0 5
1737933910683 0.0 6
1737933910696 0.0 7
1737933910710 0.0 8
1737933910724 0.0 9
1737934519003 0.0 0
1737934519031 0.0 1
1737934519057 0.0 2
1737934519085 0.0 3
1737934519107 0.0 4
1737934519129 0.0 5
1737934519150 0.0 6
1737934519170 0.0 7
1737934519190 0.0 8
1737934519211 0.0 9
