1744560541001 0.6813881993293762 0
1744560541036 0.6544745564460754 1
1744560541059 0.6432716846466064 2
1744560541082 0.6138847470283508 3
1744560541105 0.5997371673583984 4
1744560541131 0.5908780694007874 5
1744560541155 0.5866357684135437 6
1744560541180 0.5690529942512512 7
1744560541212 0.5848468542098999 8
1744560541251 0.5724490284919739 9
1744560541287 0.5733970403671265 10
1744560541325 0.5687981247901917 11
1744560541364 0.5774555206298828 12
1744560541388 0.5679340362548828 13
1744560541419 0.5933667421340942 14
1744560721185 0.5625422596931458 0
1744560721223 0.5629760026931763 1
1744560721266 0.5971148610115051 2
1744560721304 0.5852381587028503 3
1744560721339 0.5625099539756775 4
1744560721381 0.5231051445007324 5
1744560721418 0.6109841465950012 6
1744560721453 0.6002511978149414 7
1744560721499 0.6121146082878113 8
1744560721545 0.6297139525413513 9
1744560721590 0.6418958902359009 10
1744560721626 0.5980381369590759 11
1744560721661 0.6275399923324585 12
1744560721702 0.6915915608406067 13
1744560721738 0.6254138946533203 14
1744560906135 0.7194583415985107 0
1744560906169 0.6895650029182434 1
1744560906210 0.776131272315979 2
1744560906247 0.6912434101104736 3
1744560906283 0.8323401212692261 4
1744560906325 0.7779248952865601 5
1744560906388 0.7104501128196716 6
1744560906427 0.6379754543304443 7
1744560906465 0.8335702419281006 8
1744560906501 0.843401312828064 9
1744560906534 0.8275341391563416 10
1744560906572 0.83693927526474 11
1744560906614 0.8257709741592407 12
1744560906652 0.8024393320083618 13
1744560906697 0.9245859384536743 14
1744561099065 0.8479088544845581 0
1744561099104 0.9081028699874878 1
1744561099148 0.8651240468025208 2
1744561099181 0.8428680896759033 3
1744561099214 0.8398898839950562 4
1744561099247 0.9461068511009216 5
1744561099287 0.8813574910163879 6
1744561099323 1.0203722715377808 7
1744561099356 1.1888083219528198 8
1744561099391 0.9629854559898376 9
1744561099423 1.3205945491790771 10
1744561099463 1.1946240663528442 11
1744561099499 1.2993019819259644 12
1744561099536 1.3201931715011597 13
1744561099569 1.3186265230178833 14
1744561288361 1.5653750896453857 0
1744561288399 1.2477563619613647 1
1744561288433 1.2183316946029663 2
1744561288470 1.3153603076934814 3
1744561288503 1.0225825309753418 4
1744561288556 1.367443323135376 5
1744561288598 1.013521432876587 6
1744561288637 1.0085419416427612 7
1744561288670 1.3155680894851685 8
1744561288703 1.322997808456421 9
1744561288737 1.3784737586975098 10
1744561288784 1.3325895071029663 11
1744561288830 1.3535164594650269 12
1744561288876 1.2625681161880493 13
1744561288912 1.097543478012085 14
1744561472517 1.2933399677276611 0
1744561472540 1.0955440998077393 1
1744561472565 1.1060103178024292 2
1744561472587 1.2250794172286987 3
1744561472610 0.879810631275177 4
1744561472634 1.032538652420044 5
1744561472658 1.226250410079956 6
1744561472680 0.9561128616333008 7
1744561472720 1.220126986503601 8
1744561472754 1.4030797481536865 9
1744561472805 1.4040368795394897 10
1744561472852 1.2726563215255737 11
1744561472891 1.1851813793182373 12
1744561472930 1.2176514863967896 13
1744561472971 1.805645227432251 14
1744561654707 1.5058931112289429 0
1744561654757 1.6668918132781982 1
1744561654807 1.6955063343048096 2
1744561654856 1.8085256814956665 3
1744561654888 1.736948013305664 4
1744561654922 1.4027138948440552 5
1744561654965 1.7285754680633545 6
1744561655014 1.4792848825454712 7
1744561655069 1.3925360441207886 8
1744561655108 1.6149331331253052 9
1744561655146 1.358662486076355 10
1744561655180 1.5295201539993286 11
1744561655222 1.4372961521148682 12
1744561655273 1.494493007659912 13
1744561655318 1.5992677211761475 14
1744561842365 1.5237329006195068 0
1744561842400 1.6836607456207275 1
1744561842435 1.9546765089035034 2
1744561842475 2.1738131046295166 3
1744561842512 1.8975151777267456 4
1744561842550 1.9371706247329712 5
1744561842589 1.9704018831253052 6
1744561842623 2.119337797164917 7
1744561842819 2.2173166275024414 8
1744561843024 2.1123225688934326 9
1744561843177 2.100872278213501 10
1744561843229 2.3748905658721924 11
1744561843334 1.9019381999969482 12
1744561843392 2.2341997623443604 13
1744561843442 2.346912145614624 14
1744562038383 2.1290154457092285 0
1744562038415 2.0785419940948486 1
1744562038452 2.2447633743286133 2
1744562038496 1.971473217010498 3
1744562038541 2.1222281455993652 4
1744562038574 2.3742172718048096 5
1744562038607 2.307997703552246 6
1744562038644 2.3295974731445312 7
1744562038679 2.3142478466033936 8
1744562038714 2.272914409637451 9
1744562038749 2.0742318630218506 10
1744562038782 2.174997568130493 11
1744562038815 2.296354055404663 12
1744562038848 1.8810477256774902 13
1744562038881 2.5943386554718018 14
1744562225906 2.445930242538452 0
1744562225951 3.028592586517334 1
1744562225996 2.8677549362182617 2
1744562226038 2.8207545280456543 3
1744562226075 3.1384987831115723 4
1744562226114 3.006319522857666 5
1744562226151 2.811445474624634 6
1744562226187 2.0887768268585205 7
1744562226220 2.5267510414123535 8
1744562226255 2.432791233062744 9
1744562226289 3.0356593132019043 10
1744562226326 2.8041000366210938 11
1744562226364 2.6378772258758545 12
1744562226402 1.906380534172058 13
1744562226436 3.0381853580474854 14
