1744560541001 0.17576371133327484 0
1744560541036 0.8755260109901428 1
1744560541059 0.826030433177948 2
1744560541082 0.6474367380142212 3
1744560541105 0.7035923004150391 4
1744560541131 1.2238084077835083 5
1744560541155 0.9566259980201721 6
1744560541180 0.6309171915054321 7
1744560541212 0.4290721118450165 8
1744560541251 0.8453288674354553 9
1744560541287 0.7305783629417419 10
1744560541325 0.6846497654914856 11
1744560541364 0.3487202823162079 12
1744560541388 0.4743508994579315 13
1744560541419 0.23224711418151855 14
1744560721185 2.055703639984131 0
1744560721223 0.9818035364151001 1
1744560721266 0.20771966874599457 2
1744560721304 0.44379013776779175 3
1744560721339 1.0804636478424072 4
1744560721381 0.6441086530685425 5
1744560721418 1.0735148191452026 6
1744560721453 0.34464141726493835 7
1744560721499 1.4422160387039185 8
1744560721545 0.8319334387779236 9
1744560721590 0.738235354423523 10
1744560721626 0.8039568662643433 11
1744560721661 0.5666782855987549 12
1744560721702 0.7395239472389221 13
1744560721738 0.5340370535850525 14
1744560906135 1.85695219039917 0
1744560906169 0.9584035277366638 1
1744560906210 1.5021076202392578 2
1744560906247 0.9498270750045776 3
1744560906283 3.678220510482788 4
1744560906325 0.49378177523612976 5
1744560906388 0.2057124227285385 6
1744560906427 1.5257515907287598 7
1744560906465 0.7355140447616577 8
1744560906501 0.9800788164138794 9
1744560906534 1.3644400835037231 10
1744560906572 1.3684741258621216 11
1744560906614 0.916175901889801 12
1744560906652 0.7951208353042603 13
1744560906697 0.7908945083618164 14
1744561099065 1.4493292570114136 0
1744561099104 0.9626238346099854 1
1744561099148 1.6731390953063965 2
1744561099181 0.7593015432357788 3
1744561099214 0.45429855585098267 4
1744561099247 0.8624727725982666 5
1744561099287 0.8011777400970459 6
1744561099323 1.2114088535308838 7
1744561099356 1.0889397859573364 8
1744561099391 0.7982038259506226 9
1744561099423 1.1373695135116577 10
1744561099463 2.1295483112335205 11
1744561099499 0.060469742864370346 12
1744561099536 0.6846727132797241 13
1744561099569 0.5138161778450012 14
1744561288361 1.4953147172927856 0
1744561288399 0.5593845844268799 1
1744561288433 0.5928626656532288 2
1744561288470 2.5935606956481934 3
1744561288503 2.5028111934661865 4
1744561288556 0.704220712184906 5
1744561288598 1.1458323001861572 6
1744561288637 0.6171752214431763 7
1744561288670 2.135802984237671 8
1744561288703 1.4578797817230225 9
1744561288737 1.2191951274871826 10
1744561288784 1.1301074028015137 11
1744561288830 0.2577768564224243 12
1744561288876 0.030222546309232712 13
1744561288912 2.232478618621826 14
1744561472517 0.16242994368076324 0
1744561472540 2.4315524101257324 1
1744561472565 0.3386731445789337 2
1744561472587 0.7787832617759705 3
1744561472610 2.3914806842803955 4
1744561472634 0.5861518383026123 5
1744561472658 0.8672279119491577 6
1744561472680 1.5854617357254028 7
1744561472720 0.528830885887146 8
1744561472754 2.226531982421875 9
1744561472805 0.4615907669067383 10
1744561472852 0.6317562460899353 11
1744561472891 0.04943905025720596 12
1744561472930 0.8557316660881042 13
1744561472971 1.1516398191452026 14
1744561654707 0.4775015115737915 0
1744561654757 0.8826814293861389 1
1744561654807 0.17890946567058563 2
1744561654856 0.3549965023994446 3
1744561654888 1.52706778049469 4
1744561654922 0.5760658383369446 5
1744561654965 1.576389193534851 6
1744561655014 0.9542969465255737 7
1744561655069 0.5926806330680847 8
1744561655108 0.4103531539440155 9
1744561655146 0.633021891117096 10
1744561655180 0.4794084131717682 11
1744561655222 0.7446472644805908 12
1744561655273 0.34027913212776184 13
1744561655318 1.2670199871063232 14
1744561842365 1.213098168373108 0
1744561842400 0.9789444804191589 1
1744561842435 0.49759653210639954 2
1744561842475 1.1244102716445923 3
1744561842512 0.37099677324295044 4
1744561842550 1.5323481559753418 5
1744561842589 1.465869665145874 6
1744561842623 0.2529267966747284 7
1744561842819 0.7250861525535583 8
1744561843024 0.5816750526428223 9
1744561843177 1.5959347486495972 10
1744561843229 1.0173776149749756 11
1744561843334 0.6103772521018982 12
1744561843392 0.4774775803089142 13
1744561843442 1.4388980865478516 14
1744562038383 2.3657240867614746 0
1744562038415 0.4533942639827728 1
1744562038452 1.8221129179000854 2
1744562038496 0.029452946037054062 3
1744562038541 0.1710977554321289 4
1744562038574 0.9834239482879639 5
1744562038607 1.1917569637298584 6
1744562038644 0.05270612612366676 7
1744562038679 1.0907037258148193 8
1744562038714 1.420770525932312 9
1744562038749 1.2796872854232788 10
1744562038782 1.329899549484253 11
1744562038815 1.1019994020462036 12
1744562038848 2.1142325401306152 13
1744562038881 1.43361234664917 14
1744562225906 0.8835916519165039 0
1744562225951 2.4114279747009277 1
1744562225996 0.9952514171600342 2
1744562226038 0.13621267676353455 3
1744562226075 1.1173665523529053 4
1744562226114 2.616525411605835 5
1744562226151 0.09611256420612335 6
1744562226187 0.9923970103263855 7
1744562226220 0.604317307472229 8
1744562226255 1.269631266593933 9
1744562226289 0.5550969839096069 10
1744562226326 0.8094517588615417 11
1744562226364 0.7850523591041565 12
1744562226402 0.15529757738113403 13
1744562226436 1.5518237352371216 14
