1744560541001 0.0 0
1744560541036 1.0 1
1744560541059 2.0 2
1744560541082 3.0 3
1744560541105 4.0 4
1744560541131 5.0 5
1744560541155 6.0 6
1744560541180 7.0 7
1744560541212 8.0 8
1744560541251 9.0 9
1744560541287 10.0 10
1744560541325 11.0 11
1744560541364 12.0 12
1744560541388 13.0 13
1744560541419 14.0 14
1744560721185 0.0 0
1744560721223 1.0 1
1744560721266 2.0 2
1744560721304 3.0 3
1744560721339 4.0 4
1744560721381 5.0 5
1744560721418 6.0 6
1744560721453 7.0 7
1744560721499 8.0 8
1744560721545 9.0 9
1744560721590 10.0 10
1744560721626 11.0 11
1744560721661 12.0 12
1744560721702 13.0 13
1744560721738 14.0 14
1744560906135 0.0 0
1744560906169 1.0 1
1744560906210 2.0 2
1744560906247 3.0 3
1744560906283 4.0 4
1744560906325 5.0 5
1744560906388 6.0 6
1744560906427 7.0 7
1744560906465 8.0 8
1744560906501 9.0 9
1744560906534 10.0 10
1744560906572 11.0 11
1744560906614 12.0 12
1744560906652 13.0 13
1744560906697 14.0 14
1744561099065 0.0 0
1744561099104 1.0 1
1744561099148 2.0 2
1744561099181 3.0 3
1744561099214 4.0 4
1744561099247 5.0 5
1744561099287 6.0 6
1744561099323 7.0 7
1744561099356 8.0 8
1744561099391 9.0 9
1744561099423 10.0 10
1744561099463 11.0 11
1744561099499 12.0 12
1744561099536 13.0 13
1744561099569 14.0 14
1744561288361 0.0 0
1744561288399 1.0 1
1744561288433 2.0 2
1744561288470 3.0 3
1744561288503 4.0 4
1744561288556 5.0 5
1744561288598 6.0 6
1744561288637 7.0 7
1744561288670 8.0 8
1744561288703 9.0 9
1744561288737 10.0 10
1744561288784 11.0 11
1744561288830 12.0 12
1744561288876 13.0 13
1744561288912 14.0 14
1744561472517 0.0 0
1744561472540 1.0 1
1744561472565 2.0 2
1744561472587 3.0 3
1744561472610 4.0 4
1744561472634 5.0 5
1744561472658 6.0 6
1744561472680 7.0 7
1744561472720 8.0 8
1744561472754 9.0 9
1744561472805 10.0 10
1744561472852 11.0 11
1744561472891 12.0 12
1744561472930 13.0 13
1744561472971 14.0 14
1744561654707 0.0 0
1744561654757 1.0 1
1744561654807 2.0 2
1744561654856 3.0 3
1744561654888 4.0 4
1744561654922 5.0 5
1744561654965 6.0 6
1744561655014 7.0 7
1744561655069 8.0 8
1744561655108 9.0 9
1744561655146 10.0 10
1744561655180 11.0 11
1744561655222 12.0 12
1744561655273 13.0 13
1744561655318 14.0 14
1744561842365 0.0 0
1744561842400 1.0 1
1744561842435 2.0 2
1744561842475 3.0 3
1744561842512 4.0 4
1744561842550 5.0 5
1744561842589 6.0 6
1744561842623 7.0 7
1744561842819 8.0 8
1744561843024 9.0 9
1744561843177 10.0 10
1744561843229 11.0 11
1744561843334 12.0 12
1744561843392 13.0 13
1744561843442 14.0 14
1744562038383 0.0 0
1744562038415 1.0 1
1744562038452 2.0 2
1744562038496 3.0 3
1744562038541 4.0 4
1744562038574 5.0 5
1744562038607 6.0 6
1744562038644 7.0 7
1744562038679 8.0 8
1744562038714 9.0 9
1744562038749 10.0 10
1744562038782 11.0 11
1744562038815 12.0 12
1744562038848 13.0 13
1744562038881 14.0 14
1744562225906 0.0 0
1744562225951 1.0 1
1744562225996 2.0 2
1744562226038 3.0 3
1744562226075 4.0 4
1744562226114 5.0 5
1744562226151 6.0 6
1744562226187 7.0 7
1744562226220 8.0 8
1744562226255 9.0 9
1744562226289 10.0 10
1744562226326 11.0 11
1744562226364 12.0 12
1744562226402 13.0 13
1744562226436 14.0 14
