1744560541001 35.74380111694336 0
1744560541036 22.89449119567871 1
1744560541059 18.094806671142578 2
1744560541082 17.002431869506836 3
1744560541105 16.45441436767578 4
1744560541131 16.14328956604004 5
1744560541155 15.02204418182373 6
1744560541180 15.700323104858398 7
1744560541212 12.811393737792969 8
1744560541251 12.10149097442627 9
1744560541287 12.2728910446167 10
1744560541325 11.389445304870605 11
1744560541364 10.741917610168457 12
1744560541388 10.051252365112305 13
1744560541419 8.812301635742188 14
1744560721185 12.21300220489502 0
1744560721223 8.866509437561035 1
1744560721266 10.18223762512207 2
1744560721304 9.217126846313477 3
1744560721339 8.324207305908203 4
1744560721381 8.567800521850586 5
1744560721418 7.676473617553711 6
1744560721453 7.73120641708374 7
1744560721499 8.314635276794434 8
1744560721545 7.003393650054932 9
1744560721590 7.072569847106934 10
1744560721626 6.534511089324951 11
1744560721661 6.732661724090576 12
1744560721702 5.975700378417969 13
1744560721738 6.184952735900879 14
1744560906135 6.83821439743042 0
1744560906169 6.789366245269775 1
1744560906210 6.964250564575195 2
1744560906247 5.62636661529541 3
1744560906283 8.981401443481445 4
1744560906325 5.1554059982299805 5
1744560906388 4.8140549659729 6
1744560906427 6.1635894775390625 7
1744560906465 4.921885967254639 8
1744560906501 5.312492847442627 9
1744560906534 5.475720405578613 10
1744560906572 5.044373512268066 11
1744560906614 4.9665937423706055 12
1744560906652 4.437429904937744 13
1744560906697 4.0994553565979 14
1744561099065 5.004423141479492 0
1744561099104 5.473766326904297 1
1744561099148 5.4055681228637695 2
1744561099181 4.787794589996338 3
1744561099214 4.943520545959473 4
1744561099247 6.234066963195801 5
1744561099287 4.640854358673096 6
1744561099323 4.605083465576172 7
1744561099356 4.48656702041626 8
1744561099391 3.8480570316314697 9
1744561099423 4.47380256652832 10
1744561099463 5.619776725769043 11
1744561099499 3.2282989025115967 12
1744561099536 3.6098341941833496 13
1744561099569 3.621450185775757 14
1744561288361 4.649548053741455 0
1744561288399 5.363834381103516 1
1744561288433 4.417186737060547 2
1744561288470 6.2998528480529785 3
1744561288503 5.963903903961182 4
1744561288556 3.9994378089904785 5
1744561288598 4.384210109710693 6
1744561288637 3.997695207595825 7
1744561288670 5.570601463317871 8
1744561288703 5.119250297546387 9
1744561288737 5.191102981567383 10
1744561288784 4.237398147583008 11
1744561288830 3.5327584743499756 12
1744561288876 3.101473808288574 13
1744561288912 5.093616485595703 14
1744561472517 2.9466676712036133 0
1744561472540 7.236877918243408 1
1744561472565 4.260013580322266 2
1744561472587 3.8280844688415527 3
1744561472610 5.993258476257324 4
1744561472634 4.310563564300537 5
1744561472658 4.391032695770264 6
1744561472680 4.748152256011963 7
1744561472720 3.6790106296539307 8
1744561472754 5.399127960205078 9
1744561472805 3.495368480682373 10
1744561472852 4.363635540008545 11
1744561472891 3.07977557182312 12
1744561472930 3.657797336578369 13
1744561472971 4.029882431030273 14
1744561654707 3.2093751430511475 0
1744561654757 5.629459381103516 1
1744561654807 3.1921322345733643 2
1744561654856 3.043917417526245 3
1744561654888 5.126869201660156 4
1744561654922 3.8135159015655518 5
1744561654965 4.75999641418457 6
1744561655014 3.524899482727051 7
1744561655069 3.2877492904663086 8
1744561655108 3.8079400062561035 9
1744561655146 3.9830968379974365 10
1744561655180 3.453918218612671 11
1744561655222 3.11613130569458 12
1744561655273 3.055776357650757 13
1744561655318 4.139340877532959 14
1744561842365 4.016135215759277 0
1744561842400 5.572800636291504 1
1744561842435 4.161628723144531 2
1744561842475 4.187591552734375 3
1744561842512 3.9471421241760254 4
1744561842550 4.9089813232421875 5
1744561842589 4.519214153289795 6
1744561842623 3.3777413368225098 7
1744561842819 3.9731056690216064 8
1744561843024 3.8974008560180664 9
1744561843177 5.009185314178467 10
1744561843229 3.749230146408081 11
1744561843334 3.8404879570007324 12
1744561843392 3.2859740257263184 13
1744561843442 4.6933770179748535 14
1744562038383 5.173464298248291 0
1744562038415 4.477939605712891 1
1744562038452 5.579086780548096 2
1744562038496 2.934490442276001 3
1744562038541 4.0165791511535645 4
1744562038574 4.628316879272461 5
1744562038607 4.398558616638184 6
1744562038644 2.6893107891082764 7
1744562038679 3.8675146102905273 8
1744562038714 4.0823073387146 9
1744562038749 3.8512420654296875 10
1744562038782 4.0824713706970215 11
1744562038815 3.7161521911621094 12
1744562038848 4.740339279174805 13
1744562038881 4.193503379821777 14
1744562225906 3.752807378768921 0
1744562225951 7.399739742279053 1
1744562225996 4.528538703918457 2
1744562226038 3.0649032592773438 3
1744562226075 4.607805252075195 4
1744562226114 6.147879600524902 5
1744562226151 3.525099039077759 6
1744562226187 4.000243663787842 7
1744562226220 3.5498898029327393 8
1744562226255 4.384210586547852 9
1744562226289 4.638110160827637 10
1744562226326 4.253459453582764 11
1744562226364 3.927096366882324 12
1744562226402 2.8132970333099365 13
1744562226436 4.703990936279297 14
