1744560541001 117.92416381835938 0
1744560541036 72.78570556640625 1
1744560541059 56.962196350097656 2
1744560541082 53.943687438964844 3
1744560541105 51.9429817199707 4
1744560541131 49.180118560791016 5
1744560541155 46.33720016479492 6
1744560541180 49.700233459472656 7
1744560541212 40.728546142578125 8
1744560541251 36.98625183105469 9
1744560541287 37.939205169677734 10
1744560541325 35.151771545410156 11
1744560541364 34.10503005981445 12
1744560541388 31.392932891845703 13
1744560541419 28.046371459960938 14
1744560721185 33.33262252807617 0
1744560721223 25.756908416748047 1
1744560721266 32.69108200073242 2
1744560721304 28.69822883605957 3
1744560721339 23.620800018310547 4
1744560721381 25.924074172973633 5
1744560721418 21.43960952758789 6
1744560721453 24.061649322509766 7
1744560721499 22.336753845214844 8
1744560721545 19.98379898071289 9
1744560721590 20.515344619750977 10
1744560721626 18.543676376342773 11
1744560721661 19.967573165893555 12
1744560721702 16.808435440063477 13
1744560721738 18.25266456604004 14
1744560906135 15.93271255493164 0
1744560906169 18.79294776916504 1
1744560906210 17.48275375366211 2
1744560906247 14.943303108215332 3
1744560906283 16.90041732788086 4
1744560906325 14.81268310546875 5
1744560906388 14.698055267333984 6
1744560906427 14.864015579223633 7
1744560906465 13.176572799682617 8
1744560906501 13.654206275939941 9
1744560906534 12.931901931762695 10
1744560906572 11.471854209899902 11
1744560906614 12.730672836303711 12
1744560906652 11.39208698272705 13
1744560906697 10.165589332580566 14
1744561099065 11.058931350708008 0
1744561099104 14.189579010009766 1
1744561099148 11.633980751037598 2
1744561099181 12.641633987426758 3
1744561099214 14.18017578125 4
1744561099247 17.022281646728516 5
1744561099287 11.976322174072266 6
1744561099323 10.359901428222656 7
1744561099356 10.215869903564453 8
1744561099391 9.267391204833984 9
1744561099423 9.88888931274414 10
1744561099463 10.519112586975098 11
1744561099499 9.346748352050781 12
1744561099536 8.518357276916504 13
1744561099569 9.128061294555664 14
1744561288361 9.053094863891602 0
1744561288399 14.850259780883789 1
1744561288433 11.610636711120605 2
1744561288470 11.126636505126953 3
1744561288503 10.582565307617188 4
1744561288556 9.707776069641113 5
1744561288598 9.848639488220215 6
1744561288637 10.327093124389648 7
1744561288670 10.221464157104492 8
1744561288703 10.969768524169922 9
1744561288737 11.953117370605469 10
1744561288784 9.113885879516602 11
1744561288830 9.653322219848633 12
1744561288876 9.059106826782227 13
1744561288912 8.5127534866333 14
1744561472517 8.073674201965332 0
1744561472540 14.995244026184082 1
1744561472565 12.038857460021973 2
1744561472587 9.020929336547852 3
1744561472610 11.184768676757812 4
1744561472634 11.451003074645996 5
1744561472658 10.601515769958496 6
1744561472680 9.64992904663086 7
1744561472720 9.36181354522705 8
1744561472754 9.265778541564941 9
1744561472805 8.802157402038574 10
1744561472852 11.251785278320312 11
1744561472891 8.994952201843262 12
1744561472930 8.203743934631348 13
1744561472971 7.908873081207275 14
1744561654707 7.70074462890625 0
1744561654757 14.266826629638672 1
1744561654807 8.461603164672852 2
1744561654856 7.275112152099609 3
1744561654888 10.37818717956543 4
1744561654922 9.482300758361816 5
1744561654965 8.998685836791992 6
1744561655014 7.188009262084961 7
1744561655069 7.68386173248291 8
1744561655108 9.818017959594727 9
1744561655146 9.898831367492676 10
1744561655180 8.487480163574219 11
1744561655222 6.563469886779785 12
1744561655273 7.656796932220459 13
1744561655318 8.081751823425293 14
1744561842365 7.921305179595947 0
1744561842400 13.741436958312988 1
1744561842435 10.38907527923584 2
1744561842475 8.181711196899414 3
1744561842512 10.149470329284668 4
1744561842550 9.447418212890625 5
1744561842589 8.338772773742676 6
1744561842623 8.437999725341797 7
1744561842819 8.757235527038574 8
1744561843024 9.080917358398438 9
1744561843177 9.41668701171875 10
1744561843229 6.889610290527344 11
1744561843334 8.99189281463623 12
1744561843392 7.276401519775391 13
1744561843442 8.657812118530273 14
1744562038383 7.372052192687988 0
1744562038415 11.475178718566895 1
1744562038452 10.428133010864258 2
1744562038496 7.843416213989258 3
1744562038541 10.837525367736816 4
1744562038574 9.933707237243652 5
1744562038607 8.535207748413086 6
1744562038644 6.614391326904297 7
1744562038679 7.096070766448975 8
1744562038714 6.750401973724365 9
1744562038749 6.635900020599365 10
1744562038782 7.145240783691406 11
1744562038815 6.570578098297119 12
1744562038848 6.998043537139893 13
1744562038881 6.778253555297852 14
1744562225906 7.28118371963501 0
1744562225951 13.801018714904785 1
1744562225996 9.101052284240723 2
1744562226038 7.1295976638793945 3
1744562226075 8.70552921295166 4
1744562226114 8.965283393859863 5
1744562226151 8.805938720703125 6
1744562226187 8.076629638671875 7
1744562226220 7.460273265838623 8
1744562226255 8.111326217651367 9
1744562226289 10.776761054992676 10
1744562226326 8.862865447998047 11
1744562226364 8.01146125793457 12
1744562226402 7.080709457397461 13
1744562226436 7.6715850830078125 14
