1737842236785 0.0 0
1737842236808 1.0 1
1737842236833 2.0 2
1737842236859 3.0 3
1737842236884 4.0 4
1737842236901 5.0 5
1737842236918 6.0 6
1737842236941 7.0 7
1737842236969 8.0 8
1737842236992 9.0 9
1737842237015 10.0 10
1737842237038 11.0 11
1737842237061 12.0 12
1737842237088 13.0 13
1737842237112 14.0 14
1737842237140 15.0 15
1737842237162 16.0 16
1737842237178 17.0 17
1737842237194 18.0 18
1737842237209 19.0 19
1737842237225 20.0 20
1737842237248 21.0 21
1737842237283 22.0 22
1737842237314 23.0 23
1737842237338 24.0 24
1737842237362 25.0 25
1737842237386 26.0 26
1737842237409 27.0 27
1737842237432 28.0 28
1737842237458 29.0 29
1737842308365 0.0 0
1737842308390 1.0 1
1737842308416 2.0 2
1737842308442 3.0 3
1737842308470 4.0 4
1737842308497 5.0 5
1737842308529 6.0 6
1737842308566 7.0 7
1737842308591 8.0 8
1737842308618 9.0 9
1737842308645 10.0 10
1737842308672 11.0 11
1737842308699 12.0 12
1737842308724 13.0 13
1737842308754 14.0 14
1737842308782 15.0 15
1737842308804 16.0 16
1737842308824 17.0 17
1737842308850 18.0 18
1737842308884 19.0 19
1737842308907 20.0 20
1737842308936 21.0 21
1737842308965 22.0 22
1737842308989 23.0 23
1737842309021 24.0 24
1737842309052 25.0 25
1737842309083 26.0 26
1737842309110 27.0 27
1737842309131 28.0 28
1737842309157 29.0 29
1737842372838 0.0 0
1737842372861 1.0 1
1737842372889 2.0 2
1737842372914 3.0 3
1737842372936 4.0 4
1737842372963 5.0 5
1737842372989 6.0 6
1737842373009 7.0 7
1737842373030 8.0 8
1737842373052 9.0 9
1737842373089 10.0 10
1737842373115 11.0 11
1737842373136 12.0 12
1737842373155 13.0 13
1737842373176 14.0 14
1737842373197 15.0 15
1737842373217 16.0 16
1737842373239 17.0 17
1737842373265 18.0 18
1737842373288 19.0 19
1737842373317 20.0 20
1737842373346 21.0 21
1737842373379 22.0 22
1737842373400 23.0 23
1737842373420 24.0 24
1737842373442 25.0 25
1737842373466 26.0 26
1737842373487 27.0 27
1737842373509 28.0 28
1737842373541 29.0 29
1737842445708 0.0 0
1737842445730 1.0 1
1737842445751 2.0 2
1737842445771 3.0 3
1737842445801 4.0 4
1737842445830 5.0 5
1737842445857 6.0 6
1737842445883 7.0 7
1737842445911 8.0 8
1737842445948 9.0 9
1737842445977 10.0 10
1737842445998 11.0 11
1737842446018 12.0 12
1737842446039 13.0 13
1737842446066 14.0 14
1737842446089 15.0 15
1737842446110 16.0 16
1737842446133 17.0 17
1737842446153 18.0 18
1737842446173 19.0 19
1737842446200 20.0 20
1737842446224 21.0 21
1737842446244 22.0 22
1737842446265 23.0 23
1737842446291 24.0 24
1737842446315 25.0 25
1737842446338 26.0 26
1737842446359 27.0 27
1737842446381 28.0 28
1737842446403 29.0 29
1737842513475 0.0 0
1737842513492 1.0 1
1737842513514 2.0 2
1737842513533 3.0 3
1737842513547 4.0 4
1737842513560 5.0 5
1737842513573 6.0 6
1737842513587 7.0 7
1737842513601 8.0 8
1737842513615 9.0 9
1737842513631 10.0 10
1737842513646 11.0 11
1737842513659 12.0 12
1737842513673 13.0 13
1737842513686 14.0 14
1737842513700 15.0 15
1737842513714 16.0 16
1737842513728 17.0 17
1737842513745 18.0 18
1737842513758 19.0 19
1737842513772 20.0 20
1737842513786 21.0 21
1737842513800 22.0 22
1737842513815 23.0 23
1737842513829 24.0 24
1737842513845 25.0 25
1737842513859 26.0 26
1737842513872 27.0 27
1737842513886 28.0 28
1737842513904 29.0 29
1737842564600 0.0 0
1737842564615 1.0 1
1737842564633 2.0 2
1737842564646 3.0 3
1737842564661 4.0 4
1737842564675 5.0 5
1737842564689 6.0 6
1737842564703 7.0 7
1737842564718 8.0 8
1737842564732 9.0 9
1737842564746 10.0 10
1737842564766 11.0 11
1737842564788 12.0 12
1737842564804 13.0 13
1737842564819 14.0 14
1737842564835 15.0 15
1737842564849 16.0 16
1737842564863 17.0 17
1737842564877 18.0 18
1737842564891 19.0 19
1737842564905 20.0 20
1737842564922 21.0 21
1737842564937 22.0 22
1737842564951 23.0 23
1737842564965 24.0 24
1737842564979 25.0 25
1737842564993 26.0 26
1737842565008 27.0 27
1737842565022 28.0 28
1737842565037 29.0 29
1737842610868 0.0 0
1737842610885 1.0 1
1737842610900 2.0 2
1737842610914 3.0 3
1737842610929 4.0 4
1737842610943 5.0 5
1737842610959 6.0 6
1737842610975 7.0 7
1737842610992 8.0 8
1737842611010 9.0 9
1737842611025 10.0 10
1737842611039 11.0 11
1737842611054 12.0 12
1737842611071 13.0 13
1737842611096 14.0 14
1737842611115 15.0 15
1737842611132 16.0 16
1737842611148 17.0 17
1737842611162 18.0 18
1737842611178 19.0 19
1737842611194 20.0 20
1737842611209 21.0 21
1737842611224 22.0 22
1737842611239 23.0 23
1737842611254 24.0 24
1737842611271 25.0 25
1737842611285 26.0 26
1737842611305 27.0 27
1737842611320 28.0 28
1737842611334 29.0 29
1737842657259 0.0 0
1737842657281 1.0 1
1737842657303 2.0 2
1737842657326 3.0 3
1737842657350 4.0 4
1737842657372 5.0 5
1737842657394 6.0 6
1737842657422 7.0 7
1737842657451 8.0 8
1737842657483 9.0 9
1737842657509 10.0 10
1737842657542 11.0 11
1737842657566 12.0 12
1737842657589 13.0 13
1737842657614 14.0 14
1737842657641 15.0 15
1737842657664 16.0 16
1737842657691 17.0 17
1737842657716 18.0 18
1737842657741 19.0 19
1737842657769 20.0 20
1737842657793 21.0 21
1737842657816 22.0 22
1737842657846 23.0 23
1737842657868 24.0 24
1737842657892 25.0 25
1737842657918 26.0 26
1737842657941 27.0 27
1737842657963 28.0 28
1737842657986 29.0 29
1737842704961 0.0 0
1737842704981 1.0 1
1737842705004 2.0 2
1737842705029 3.0 3
1737842705050 4.0 4
1737842705073 5.0 5
1737842705102 6.0 6
1737842705124 7.0 7
1737842705146 8.0 8
1737842705167 9.0 9
1737842705190 10.0 10
1737842705211 11.0 11
1737842705233 12.0 12
1737842705256 13.0 13
1737842705282 14.0 14
1737842705303 15.0 15
1737842705326 16.0 16
1737842705348 17.0 17
1737842705371 18.0 18
1737842705393 19.0 19
1737842705415 20.0 20
1737842705437 21.0 21
1737842705460 22.0 22
1737842705481 23.0 23
1737842705502 24.0 24
1737842705523 25.0 25
1737842705545 26.0 26
1737842705573 27.0 27
1737842705595 28.0 28
1737842705617 29.0 29
1737842748659 0.0 0
1737842748680 1.0 1
1737842748701 2.0 2
1737842748721 3.0 3
1737842748743 4.0 4
1737842748763 5.0 5
1737842748787 6.0 6
1737842748809 7.0 7
1737842748833 8.0 8
1737842748857 9.0 9
1737842748881 10.0 10
1737842748904 11.0 11
1737842748931 12.0 12
1737842748955 13.0 13
1737842748976 14.0 14
1737842748997 15.0 15
1737842749018 16.0 16
1737842749041 17.0 17
1737842749062 18.0 18
1737842749083 19.0 19
1737842749109 20.0 20
1737842749130 21.0 21
1737842749150 22.0 22
1737842749170 23.0 23
1737842749191 24.0 24
1737842749213 25.0 25
1737842749234 26.0 26
1737842749257 27.0 27
1737842749278 28.0 28
1737842749299 29.0 29
