1737842236785 0.0 0
1737842236808 0.0 1
1737842236833 0.0 2
1737842236859 0.0 3
1737842236884 0.0 4
1737842236901 0.0 5
1737842236918 0.0 6
1737842236941 0.0 7
1737842236969 0.0 8
1737842236992 0.0 9
1737842237015 0.0 10
1737842237038 0.0 11
1737842237061 0.0 12
1737842237088 0.0 13
1737842237112 0.0 14
1737842237140 0.0 15
1737842237162 0.0 16
1737842237178 0.0 17
1737842237194 0.0 18
1737842237209 0.0 19
1737842237225 0.0 20
1737842237248 0.0 21
1737842237283 0.0 22
1737842237314 0.0 23
1737842237338 0.0 24
1737842237362 0.0 25
1737842237386 0.0 26
1737842237409 0.0 27
1737842237432 0.0 28
1737842237458 0.0 29
1737842308365 0.0 0
1737842308390 0.0 1
1737842308416 0.0 2
1737842308442 0.0 3
1737842308470 0.0 4
1737842308497 0.0 5
1737842308529 0.0 6
1737842308566 0.0 7
1737842308591 0.0 8
1737842308618 0.0 9
1737842308645 0.0 10
1737842308672 0.0 11
1737842308699 0.0 12
1737842308724 0.0 13
1737842308754 0.0 14
1737842308782 0.0 15
1737842308804 0.0 16
1737842308824 0.0 17
1737842308850 0.0 18
1737842308884 0.0 19
1737842308907 0.0 20
1737842308936 0.0 21
1737842308965 0.0 22
1737842308989 0.0 23
1737842309021 0.0 24
1737842309052 0.0 25
1737842309083 0.0 26
1737842309110 0.0 27
1737842309131 0.0 28
1737842309157 0.0 29
1737842372838 0.0 0
1737842372861 0.0 1
1737842372889 0.0 2
1737842372914 0.0 3
1737842372936 0.0 4
1737842372963 0.0 5
1737842372989 0.0 6
1737842373009 0.0 7
1737842373030 0.0 8
1737842373052 0.0 9
1737842373089 0.0 10
1737842373115 0.0 11
1737842373136 0.0 12
1737842373155 0.0 13
1737842373176 0.0 14
1737842373197 0.0 15
1737842373217 0.0 16
1737842373239 0.0 17
1737842373265 0.0 18
1737842373288 0.0 19
1737842373317 0.0 20
1737842373346 0.0 21
1737842373379 0.0 22
1737842373400 0.0 23
1737842373420 0.0 24
1737842373442 0.0 25
1737842373466 0.0 26
1737842373487 0.0 27
1737842373509 0.0 28
1737842373541 0.0 29
1737842445708 0.0 0
1737842445730 0.0 1
1737842445751 0.0 2
1737842445771 0.0 3
1737842445801 0.0 4
1737842445830 0.0 5
1737842445857 0.0 6
1737842445883 0.0 7
1737842445911 0.0 8
1737842445948 0.0 9
1737842445977 0.0 10
1737842445998 0.0 11
1737842446018 0.0 12
1737842446039 0.0 13
1737842446066 0.0 14
1737842446089 0.0 15
1737842446110 0.0 16
1737842446133 0.0 17
1737842446153 0.0 18
1737842446173 0.0 19
1737842446200 0.0 20
1737842446224 0.0 21
1737842446244 0.0 22
1737842446265 0.0 23
1737842446291 0.0 24
1737842446315 0.0 25
1737842446338 0.0 26
1737842446359 0.0 27
1737842446381 0.0 28
1737842446403 0.0 29
1737842513475 0.0 0
1737842513492 0.0 1
1737842513514 0.0 2
1737842513533 0.0 3
1737842513547 0.0 4
1737842513560 0.0 5
1737842513573 0.0 6
1737842513587 0.0 7
1737842513601 0.0 8
1737842513615 0.0 9
1737842513631 0.0 10
1737842513646 0.0 11
1737842513659 0.0 12
1737842513673 0.0 13
1737842513686 0.0 14
1737842513700 0.0 15
1737842513714 0.0 16
1737842513728 0.0 17
1737842513745 0.0 18
1737842513758 0.0 19
1737842513772 0.0 20
1737842513786 0.0 21
1737842513800 0.0 22
1737842513815 0.0 23
1737842513829 0.0 24
1737842513845 0.0 25
1737842513859 0.0 26
1737842513872 0.0 27
1737842513886 0.0 28
1737842513904 0.0 29
1737842564600 0.0 0
1737842564615 0.0 1
1737842564633 0.0 2
1737842564646 0.0 3
1737842564661 0.0 4
1737842564675 0.0 5
1737842564689 0.0 6
1737842564703 0.0 7
1737842564718 0.0 8
1737842564732 0.0 9
1737842564746 0.0 10
1737842564766 0.0 11
1737842564788 0.0 12
1737842564804 0.0 13
1737842564819 0.0 14
1737842564835 0.0 15
1737842564849 0.0 16
1737842564863 0.0 17
1737842564877 0.0 18
1737842564891 0.0 19
1737842564905 0.0 20
1737842564922 0.0 21
1737842564937 0.0 22
1737842564951 0.0 23
1737842564965 0.0 24
1737842564979 0.0 25
1737842564993 0.0 26
1737842565008 0.0 27
1737842565022 0.0 28
1737842565037 0.0 29
1737842610868 0.0 0
1737842610885 0.0 1
1737842610900 0.0 2
1737842610914 0.0 3
1737842610929 0.0 4
1737842610943 0.0 5
1737842610959 0.0 6
1737842610975 0.0 7
1737842610992 0.0 8
1737842611010 0.0 9
1737842611025 0.0 10
1737842611039 0.0 11
1737842611054 0.0 12
1737842611071 0.0 13
1737842611096 0.0 14
1737842611115 0.0 15
1737842611132 0.0 16
1737842611148 0.0 17
1737842611162 0.0 18
1737842611178 0.0 19
1737842611194 0.0 20
1737842611209 0.0 21
1737842611224 0.0 22
1737842611239 0.0 23
1737842611254 0.0 24
1737842611271 0.0 25
1737842611285 0.0 26
1737842611305 0.0 27
1737842611320 0.0 28
1737842611334 0.0 29
1737842657259 0.0 0
1737842657281 0.0 1
1737842657303 0.0 2
1737842657326 0.0 3
1737842657350 0.0 4
1737842657372 0.0 5
1737842657394 0.0 6
1737842657422 0.0 7
1737842657451 0.0 8
1737842657483 0.0 9
1737842657509 0.0 10
1737842657542 0.0 11
1737842657566 0.0 12
1737842657589 0.0 13
1737842657614 0.0 14
1737842657641 0.0 15
1737842657664 0.0 16
1737842657691 0.0 17
1737842657716 0.0 18
1737842657741 0.0 19
1737842657769 0.0 20
1737842657793 0.0 21
1737842657816 0.0 22
1737842657846 0.0 23
1737842657868 0.0 24
1737842657892 0.0 25
1737842657918 0.0 26
1737842657941 0.0 27
1737842657963 0.0 28
1737842657986 0.0 29
1737842704961 0.0 0
1737842704981 0.0 1
1737842705004 0.0 2
1737842705029 0.0 3
1737842705050 0.0 4
1737842705073 0.0 5
1737842705102 0.0 6
1737842705124 0.0 7
1737842705146 0.0 8
1737842705167 0.0 9
1737842705190 0.0 10
1737842705211 0.0 11
1737842705233 0.0 12
1737842705256 0.0 13
1737842705282 0.0 14
1737842705303 0.0 15
1737842705326 0.0 16
1737842705348 0.0 17
1737842705371 0.0 18
1737842705393 0.0 19
1737842705415 0.0 20
1737842705437 0.0 21
1737842705460 0.0 22
1737842705481 0.0 23
1737842705502 0.0 24
1737842705523 0.0 25
1737842705545 0.0 26
1737842705573 0.0 27
1737842705595 0.0 28
1737842705617 0.0 29
1737842748659 0.0 0
1737842748680 0.0 1
1737842748701 0.0 2
1737842748721 0.0 3
1737842748743 0.0 4
1737842748763 0.0 5
1737842748787 0.0 6
1737842748809 0.0 7
1737842748833 0.0 8
1737842748857 0.0 9
1737842748881 0.0 10
1737842748904 0.0 11
1737842748931 0.0 12
1737842748955 0.0 13
1737842748976 0.0 14
1737842748997 0.0 15
1737842749018 0.0 16
1737842749041 0.0 17
1737842749062 0.0 18
1737842749083 0.0 19
1737842749109 0.0 20
1737842749130 0.0 21
1737842749150 0.0 22
1737842749170 0.0 23
1737842749191 0.0 24
1737842749213 0.0 25
1737842749234 0.0 26
1737842749257 0.0 27
1737842749278 0.0 28
1737842749299 0.0 29
