1744670669585 0.7339537739753723 0
1744670669619 0.7117011547088623 1
1744670669649 0.6895110011100769 2
1744670669679 0.651705801486969 3
1744670669709 0.6408208608627319 4
1744670669739 0.6369066834449768 5
1744670669768 0.6417468190193176 6
1744670669801 0.6192230582237244 7
1744670669838 0.6176046133041382 8
1744670669882 0.605114758014679 9
1744670669923 0.6015058755874634 10
1744670669969 0.5920915007591248 11
1744670670015 0.6041690111160278 12
1744670670054 0.5738310217857361 13
1744670670087 0.6008188724517822 14
