1744670669585 0.6029064655303955 0
1744670669619 0.5174795985221863 1
1744670669649 0.4541890323162079 2
1744670669679 0.521814227104187 3
1744670669709 0.5760188102722168 4
1744670669739 0.5790894627571106 5
1744670669768 0.585852324962616 6
1744670669801 0.6277593970298767 7
1744670669838 0.6430385112762451 8
1744670669882 0.7245239019393921 9
1744670669923 0.5261150598526001 10
1744670669969 0.6235949397087097 11
1744670670015 0.49750980734825134 12
1744670670054 0.6850041151046753 13
1744670670087 0.41178831458091736 14
