1744670669585 32.284629821777344 0
1744670669619 20.995643615722656 1
1744670669649 16.44495964050293 2
1744670669679 15.041056632995605 3
1744670669709 16.214778900146484 4
1744670669739 15.46468448638916 5
1744670669768 14.253633499145508 6
1744670669801 14.52467155456543 7
1744670669838 13.348281860351562 8
1744670669882 12.18687629699707 9
1744670669923 11.744425773620605 10
1744670669969 10.635273933410645 11
1744670670015 10.39010238647461 12
1744670670054 10.750309944152832 13
1744670670087 10.34504222869873 14
