1744670669585 104.92072296142578 0
1744670669619 67.5962905883789 1
1744670669649 52.65902328491211 2
1744670669679 47.78921127319336 3
1744670669709 51.53110122680664 4
1744670669739 49.024200439453125 5
1744670669768 44.960304260253906 6
1744670669801 45.74509811401367 7
1744670669838 41.77437973022461 8
1744670669882 37.643070220947266 9
1744670669923 36.83296203613281 10
1744670669969 32.81964111328125 11
1744670670015 32.411415100097656 12
1744670670054 33.01544189453125 13
1744670670087 32.55008316040039 14
