1737741415490 0.0 0
1737741415509 1.0 1
1737741415538 2.0 2
1737741415566 3.0 3
1737741415595 4.0 4
1737741415619 5.0 5
1737741415644 6.0 6
1737741415670 7.0 7
1737741415694 8.0 8
1737741415717 9.0 9
1737741466330 0.0 0
1737741466361 1.0 1
1737741466395 2.0 2
1737741466419 3.0 3
1737741466442 4.0 4
1737741466480 5.0 5
1737741466510 6.0 6
1737741466546 7.0 7
1737741466571 8.0 8
1737741466595 9.0 9
1737741528076 0.0 0
1737741528100 1.0 1
1737741528136 2.0 2
1737741528172 3.0 3
1737741528198 4.0 4
1737741528234 5.0 5
1737741528264 6.0 6
1737741528287 7.0 7
1737741528322 8.0 8
1737741528358 9.0 9
1737741583146 0.0 0
1737741583169 1.0 1
1737741583193 2.0 2
1737741583216 3.0 3
1737741583239 4.0 4
1737741583268 5.0 5
1737741583301 6.0 6
1737741583325 7.0 7
1737741583351 8.0 8
1737741583383 9.0 9
1737741631382 0.0 0
1737741631410 1.0 1
1737741631435 2.0 2
1737741631459 3.0 3
1737741631485 4.0 4
1737741631511 5.0 5
1737741631548 6.0 6
1737741631571 7.0 7
1737741631595 8.0 8
1737741631621 9.0 9
1737741674629 0.0 0
1737741674652 1.0 1
1737741674683 2.0 2
1737741674702 3.0 3
1737741674718 4.0 4
1737741674736 5.0 5
1737741674752 6.0 6
1737741674768 7.0 7
1737741674785 8.0 8
1737741674803 9.0 9
1737741710657 0.0 0
1737741710673 1.0 1
1737741710689 2.0 2
1737741710705 3.0 3
1737741710722 4.0 4
1737741710739 5.0 5
1737741710755 6.0 6
1737741710774 7.0 7
1737741710790 8.0 8
1737741710807 9.0 9
1737741747649 0.0 0
1737741747672 1.0 1
1737741747698 2.0 2
1737741747722 3.0 3
1737741747746 4.0 4
1737741747769 5.0 5
1737741747796 6.0 6
1737741747831 7.0 7
1737741747855 8.0 8
1737741747880 9.0 9
1737741786911 0.0 0
1737741786929 1.0 1
1737741786945 2.0 2
1737741786962 3.0 3
1737741786981 4.0 4
1737741786998 5.0 5
1737741787017 6.0 6
1737741787034 7.0 7
1737741787050 8.0 8
1737741787066 9.0 9
1737741822466 0.0 0
1737741822483 1.0 1
1737741822499 2.0 2
1737741822518 3.0 3
1737741822538 4.0 4
1737741822554 5.0 5
1737741822571 6.0 6
1737741822587 7.0 7
1737741822603 8.0 8
1737741822619 9.0 9
