1737741415490 0.0 0
1737741415509 0.0 1
1737741415538 0.0 2
1737741415566 0.0 3
1737741415595 0.0 4
1737741415619 0.0 5
1737741415644 0.0 6
1737741415670 0.0 7
1737741415694 0.0 8
1737741415717 0.0 9
1737741466330 0.0 0
1737741466361 0.0 1
1737741466395 0.0 2
1737741466419 0.0 3
1737741466442 0.0 4
1737741466480 0.0 5
1737741466510 0.0 6
1737741466546 0.0 7
1737741466571 0.0 8
1737741466595 0.0 9
1737741528076 0.0 0
1737741528100 0.0 1
1737741528136 0.0 2
1737741528172 0.0 3
1737741528198 0.0 4
1737741528234 0.0 5
1737741528264 0.0 6
1737741528287 0.0 7
1737741528322 0.0 8
1737741528358 0.0 9
1737741583146 0.0 0
1737741583169 0.0 1
1737741583193 0.0 2
1737741583216 0.0 3
1737741583239 0.0 4
1737741583268 0.0 5
1737741583301 0.0 6
1737741583325 0.0 7
1737741583351 0.0 8
1737741583383 0.0 9
1737741631382 0.0 0
1737741631410 0.0 1
1737741631435 0.0 2
1737741631459 0.0 3
1737741631485 0.0 4
1737741631511 0.0 5
1737741631548 0.0 6
1737741631571 0.0 7
1737741631595 0.0 8
1737741631621 0.0 9
1737741674629 0.0 0
1737741674652 0.0 1
1737741674683 0.0 2
1737741674702 0.0 3
1737741674718 0.0 4
1737741674736 0.0 5
1737741674752 0.0 6
1737741674768 0.0 7
1737741674785 0.0 8
1737741674803 0.0 9
1737741710657 0.0 0
1737741710673 0.0 1
1737741710689 0.0 2
1737741710705 0.0 3
1737741710722 0.0 4
1737741710739 0.0 5
1737741710755 0.0 6
1737741710774 0.0 7
1737741710790 0.0 8
1737741710807 0.0 9
1737741747649 0.0 0
1737741747672 0.0 1
1737741747698 0.0 2
1737741747722 0.0 3
1737741747746 0.0 4
1737741747769 0.0 5
1737741747796 0.0 6
1737741747831 0.0 7
1737741747855 0.0 8
1737741747880 0.0 9
1737741786911 0.0 0
1737741786929 0.0 1
1737741786945 0.0 2
1737741786962 0.0 3
1737741786981 0.0 4
1737741786998 0.0 5
1737741787017 0.0 6
1737741787034 0.0 7
1737741787050 0.0 8
1737741787066 0.0 9
1737741822466 0.0 0
1737741822483 0.0 1
1737741822499 0.0 2
1737741822518 0.0 3
1737741822538 0.0 4
1737741822554 0.0 5
1737741822571 0.0 6
1737741822587 0.0 7
1737741822603 0.0 8
1737741822619 0.0 9
